آستانه,تعداد_شاخص‌ها,لیست_شاخص‌ها,الگوی_وضعیت,تعداد_کل_وقوع,تعداد_ضررده,تعداد_سودده,درصد_ضررده,درصد_سودده,نسبت_شانس,دوره‌ها
0.0,1,CPI m/m,Bad,30,16,14,53.3,46.7,1.14,2018-01-26_2018-02-24|2019-03-22_2019-04-20|2019-06-20_2019-07-19|2019-10-18_2019-11-16|2019-11-17_2019-12-16|2020-02-15_2020-03-15|2020-07-14_2020-08-12|2020-08-13_2020-09-11|2021-04-10_2021-05-09|2021-06-09_2021-07-08|2021-07-09_2021-08-07|2021-10-07_2021-11-05|2021-11-06_2021-12-05|2021-12-06_2022-01-04|2022-01-05_2022-02-03|2022-02-04_2022-03-05|2022-05-05_2022-06-03|2022-07-04_2022-08-02|2022-09-02_2022-10-01|2022-10-02_2022-10-31|2023-09-27_2023-10-26|2023-11-26_2023-12-25|2023-12-26_2024-01-24|2024-01-25_2024-02-23|2024-03-25_2024-04-23|2024-09-21_2024-10-20|2025-01-19_2025-02-17|2025-08-17_2025-09-15|2021-05-10_2021-06-08|2022-06-04_2022-07-03
0.0,1,CPI m/m,Neutral,33,20,13,60.6,39.4,1.54,2018-02-25_2018-03-26|2018-05-26_2018-06-24|2018-07-25_2018-08-23|2018-10-23_2018-11-21|2018-11-22_2018-12-21|2018-12-22_2019-01-20|2019-02-20_2019-03-21|2019-05-21_2019-06-19|2019-07-20_2019-08-18|2019-08-19_2019-09-17|2020-10-12_2020-11-10|2020-11-11_2020-12-10|2021-02-09_2021-03-10|2021-08-08_2021-09-06|2022-03-06_2022-04-04|2022-04-05_2022-05-04|2022-12-31_2023-01-29|2023-01-30_2023-02-28|2023-03-01_2023-03-30|2023-04-30_2023-05-29|2023-07-29_2023-08-27|2023-08-28_2023-09-26|2024-02-24_2024-03-24|2024-07-23_2024-08-21|2024-08-22_2024-09-20|2024-10-21_2024-11-19|2024-11-20_2024-12-19|2024-12-20_2025-01-18|2025-06-18_2025-07-17|2025-07-18_2025-08-16|2025-12-15_2026-01-13|2021-01-10_2021-02-08|2019-12-17_2020-01-15
0.0,1,CPI m/m,Good,29,12,17,41.4,58.6,0.71,2018-03-27_2018-04-25|2018-04-26_2018-05-25|2018-06-25_2018-07-24|2018-08-24_2018-09-22|2018-09-23_2018-10-22|2019-01-21_2019-02-19|2019-09-18_2019-10-17|2020-03-16_2020-04-14|2020-04-15_2020-05-14|2020-05-15_2020-06-13|2021-09-07_2021-10-06|2022-08-03_2022-09-01|2022-11-01_2022-11-30|2022-12-01_2022-12-30|2023-03-31_2023-04-29|2023-05-30_2023-06-28|2023-06-29_2023-07-28|2023-10-27_2023-11-25|2024-04-24_2024-05-23|2024-05-24_2024-06-22|2024-06-23_2024-07-22|2025-02-18_2025-03-19|2025-03-20_2025-04-18|2025-04-19_2025-05-18|2025-05-19_2025-06-17|2025-10-16_2025-11-14|2026-02-13_2026-03-14|2019-04-21_2019-05-20|2020-01-16_2020-02-14
0.1,1,CPI m/m,Bad,20,9,11,45.0,55.0,0.82,2018-01-26_2018-02-24|2019-03-22_2019-04-20|2019-10-18_2019-11-16|2020-07-14_2020-08-12|2020-08-13_2020-09-11|2021-06-09_2021-07-08|2021-07-09_2021-08-07|2021-10-07_2021-11-05|2021-11-06_2021-12-05|2021-12-06_2022-01-04|2022-02-04_2022-03-05|2022-07-04_2022-08-02|2022-09-02_2022-10-01|2022-10-02_2022-10-31|2023-09-27_2023-10-26|2024-03-25_2024-04-23|2025-01-19_2025-02-17|2025-08-17_2025-09-15|2021-05-10_2021-06-08|2022-06-04_2022-07-03
0.1,1,CPI m/m,Neutral,61,34,27,55.7,44.3,1.26,2018-02-25_2018-03-26|2018-03-27_2018-04-25|2018-04-26_2018-05-25|2018-05-26_2018-06-24|2018-06-25_2018-07-24|2018-07-25_2018-08-23|2018-08-24_2018-09-22|2018-09-23_2018-10-22|2018-10-23_2018-11-21|2018-11-22_2018-12-21|2018-12-22_2019-01-20|2019-01-21_2019-02-19|2019-02-20_2019-03-21|2019-05-21_2019-06-19|2019-06-20_2019-07-19|2019-07-20_2019-08-18|2019-08-19_2019-09-17|2019-09-18_2019-10-17|2019-11-17_2019-12-16|2020-02-15_2020-03-15|2020-05-15_2020-06-13|2020-10-12_2020-11-10|2020-11-11_2020-12-10|2021-02-09_2021-03-10|2021-04-10_2021-05-09|2021-08-08_2021-09-06|2022-01-05_2022-02-03|2022-03-06_2022-04-04|2022-04-05_2022-05-04|2022-05-05_2022-06-03|2022-12-31_2023-01-29|2023-01-30_2023-02-28|2023-03-01_2023-03-30|2023-03-31_2023-04-29|2023-04-30_2023-05-29|2023-05-30_2023-06-28|2023-06-29_2023-07-28|2023-07-29_2023-08-27|2023-08-28_2023-09-26|2023-10-27_2023-11-25|2023-11-26_2023-12-25|2023-12-26_2024-01-24|2024-01-25_2024-02-23|2024-02-24_2024-03-24|2024-05-24_2024-06-22|2024-07-23_2024-08-21|2024-08-22_2024-09-20|2024-09-21_2024-10-20|2024-10-21_2024-11-19|2024-11-20_2024-12-19|2024-12-20_2025-01-18|2025-02-18_2025-03-19|2025-04-19_2025-05-18|2025-05-19_2025-06-17|2025-06-18_2025-07-17|2025-07-18_2025-08-16|2025-12-15_2026-01-13|2026-02-13_2026-03-14|2021-01-10_2021-02-08|2019-12-17_2020-01-15|2020-01-16_2020-02-14
0.1,1,CPI m/m,Good,11,5,6,45.5,54.5,0.83,2020-03-16_2020-04-14|2020-04-15_2020-05-14|2021-09-07_2021-10-06|2022-08-03_2022-09-01|2022-11-01_2022-11-30|2022-12-01_2022-12-30|2024-04-24_2024-05-23|2024-06-23_2024-07-22|2025-03-20_2025-04-18|2025-10-16_2025-11-14|2019-04-21_2019-05-20
0.2,1,CPI m/m,Neutral,88,46,42,52.3,47.7,1.1,2018-01-26_2018-02-24|2018-02-25_2018-03-26|2018-03-27_2018-04-25|2018-04-26_2018-05-25|2018-05-26_2018-06-24|2018-06-25_2018-07-24|2018-07-25_2018-08-23|2018-08-24_2018-09-22|2018-09-23_2018-10-22|2018-10-23_2018-11-21|2018-11-22_2018-12-21|2018-12-22_2019-01-20|2019-01-21_2019-02-19|2019-02-20_2019-03-21|2019-03-22_2019-04-20|2019-05-21_2019-06-19|2019-06-20_2019-07-19|2019-07-20_2019-08-18|2019-08-19_2019-09-17|2019-09-18_2019-10-17|2019-10-18_2019-11-16|2019-11-17_2019-12-16|2020-02-15_2020-03-15|2020-03-16_2020-04-14|2020-04-15_2020-05-14|2020-05-15_2020-06-13|2020-07-14_2020-08-12|2020-08-13_2020-09-11|2020-10-12_2020-11-10|2020-11-11_2020-12-10|2021-02-09_2021-03-10|2021-04-10_2021-05-09|2021-06-09_2021-07-08|2021-08-08_2021-09-06|2021-09-07_2021-10-06|2021-10-07_2021-11-05|2021-12-06_2022-01-04|2022-01-05_2022-02-03|2022-02-04_2022-03-05|2022-03-06_2022-04-04|2022-04-05_2022-05-04|2022-05-05_2022-06-03|2022-07-04_2022-08-02|2022-08-03_2022-09-01|2022-09-02_2022-10-01|2022-10-02_2022-10-31|2022-11-01_2022-11-30|2022-12-01_2022-12-30|2022-12-31_2023-01-29|2023-01-30_2023-02-28|2023-03-01_2023-03-30|2023-03-31_2023-04-29|2023-04-30_2023-05-29|2023-05-30_2023-06-28|2023-06-29_2023-07-28|2023-07-29_2023-08-27|2023-08-28_2023-09-26|2023-09-27_2023-10-26|2023-10-27_2023-11-25|2023-11-26_2023-12-25|2023-12-26_2024-01-24|2024-01-25_2024-02-23|2024-02-24_2024-03-24|2024-03-25_2024-04-23|2024-04-24_2024-05-23|2024-05-24_2024-06-22|2024-06-23_2024-07-22|2024-07-23_2024-08-21|2024-08-22_2024-09-20|2024-09-21_2024-10-20|2024-10-21_2024-11-19|2024-11-20_2024-12-19|2024-12-20_2025-01-18|2025-01-19_2025-02-17|2025-02-18_2025-03-19|2025-03-20_2025-04-18|2025-04-19_2025-05-18|2025-05-19_2025-06-17|2025-06-18_2025-07-17|2025-07-18_2025-08-16|2025-08-17_2025-09-15|2025-10-16_2025-11-14|2025-12-15_2026-01-13|2026-02-13_2026-03-14|2021-01-10_2021-02-08|2019-04-21_2019-05-20|2019-12-17_2020-01-15|2020-01-16_2020-02-14
0.2,1,CPI m/m,Bad,4,2,2,50.0,50.0,1.0,2021-07-09_2021-08-07|2021-11-06_2021-12-05|2021-05-10_2021-06-08|2022-06-04_2022-07-03
0.3,1,CPI m/m,Neutral,88,46,42,52.3,47.7,1.1,2018-01-26_2018-02-24|2018-02-25_2018-03-26|2018-03-27_2018-04-25|2018-04-26_2018-05-25|2018-05-26_2018-06-24|2018-06-25_2018-07-24|2018-07-25_2018-08-23|2018-08-24_2018-09-22|2018-09-23_2018-10-22|2018-10-23_2018-11-21|2018-11-22_2018-12-21|2018-12-22_2019-01-20|2019-01-21_2019-02-19|2019-02-20_2019-03-21|2019-03-22_2019-04-20|2019-05-21_2019-06-19|2019-06-20_2019-07-19|2019-07-20_2019-08-18|2019-08-19_2019-09-17|2019-09-18_2019-10-17|2019-10-18_2019-11-16|2019-11-17_2019-12-16|2020-02-15_2020-03-15|2020-03-16_2020-04-14|2020-04-15_2020-05-14|2020-05-15_2020-06-13|2020-07-14_2020-08-12|2020-08-13_2020-09-11|2020-10-12_2020-11-10|2020-11-11_2020-12-10|2021-02-09_2021-03-10|2021-04-10_2021-05-09|2021-06-09_2021-07-08|2021-08-08_2021-09-06|2021-09-07_2021-10-06|2021-10-07_2021-11-05|2021-12-06_2022-01-04|2022-01-05_2022-02-03|2022-02-04_2022-03-05|2022-03-06_2022-04-04|2022-04-05_2022-05-04|2022-05-05_2022-06-03|2022-07-04_2022-08-02|2022-08-03_2022-09-01|2022-09-02_2022-10-01|2022-10-02_2022-10-31|2022-11-01_2022-11-30|2022-12-01_2022-12-30|2022-12-31_2023-01-29|2023-01-30_2023-02-28|2023-03-01_2023-03-30|2023-03-31_2023-04-29|2023-04-30_2023-05-29|2023-05-30_2023-06-28|2023-06-29_2023-07-28|2023-07-29_2023-08-27|2023-08-28_2023-09-26|2023-09-27_2023-10-26|2023-10-27_2023-11-25|2023-11-26_2023-12-25|2023-12-26_2024-01-24|2024-01-25_2024-02-23|2024-02-24_2024-03-24|2024-03-25_2024-04-23|2024-04-24_2024-05-23|2024-05-24_2024-06-22|2024-06-23_2024-07-22|2024-07-23_2024-08-21|2024-08-22_2024-09-20|2024-09-21_2024-10-20|2024-10-21_2024-11-19|2024-11-20_2024-12-19|2024-12-20_2025-01-18|2025-01-19_2025-02-17|2025-02-18_2025-03-19|2025-03-20_2025-04-18|2025-04-19_2025-05-18|2025-05-19_2025-06-17|2025-06-18_2025-07-17|2025-07-18_2025-08-16|2025-08-17_2025-09-15|2025-10-16_2025-11-14|2025-12-15_2026-01-13|2026-02-13_2026-03-14|2021-01-10_2021-02-08|2019-04-21_2019-05-20|2019-12-17_2020-01-15|2020-01-16_2020-02-14
0.3,1,CPI m/m,Bad,4,2,2,50.0,50.0,1.0,2021-07-09_2021-08-07|2021-11-06_2021-12-05|2021-05-10_2021-06-08|2022-06-04_2022-07-03
0.0,1,Core CPI m/m,Bad,28,13,15,46.4,53.6,0.87,2018-01-26_2018-02-24|2018-05-26_2018-06-24|2019-06-20_2019-07-19|2019-07-20_2019-08-18|2019-08-19_2019-09-17|2020-07-14_2020-08-12|2020-08-13_2020-09-11|2021-04-10_2021-05-09|2021-06-09_2021-07-08|2021-07-09_2021-08-07|2021-11-06_2021-12-05|2022-01-05_2022-02-03|2022-02-04_2022-03-05|2022-05-05_2022-06-03|2022-07-04_2022-08-02|2022-09-02_2022-10-01|2022-10-02_2022-10-31|2023-03-01_2023-03-30|2023-04-30_2023-05-29|2023-08-28_2023-09-26|2024-01-25_2024-02-23|2024-02-24_2024-03-24|2024-03-25_2024-04-23|2024-08-22_2024-09-20|2024-09-21_2024-10-20|2025-01-19_2025-02-17|2021-05-10_2021-06-08|2022-06-04_2022-07-03
0.0,1,Core CPI m/m,Neutral,32,19,13,59.4,40.6,1.46,2018-02-25_2018-03-26|2018-03-27_2018-04-25|2018-06-25_2018-07-24|2018-07-25_2018-08-23|2018-10-23_2018-11-21|2018-11-22_2018-12-21|2018-12-22_2019-01-20|2019-01-21_2019-02-19|2019-10-18_2019-11-16|2019-11-17_2019-12-16|2020-02-15_2020-03-15|2020-10-12_2020-11-10|2021-10-07_2021-11-05|2021-12-06_2022-01-04|2022-03-06_2022-04-04|2022-12-31_2023-01-29|2023-01-30_2023-02-28|2023-03-31_2023-04-29|2023-05-30_2023-06-28|2023-07-29_2023-08-27|2023-09-27_2023-10-26|2023-11-26_2023-12-25|2023-12-26_2024-01-24|2024-04-24_2024-05-23|2024-07-23_2024-08-21|2024-10-21_2024-11-19|2024-11-20_2024-12-19|2025-07-18_2025-08-16|2025-08-17_2025-09-15|2026-02-13_2026-03-14|2021-01-10_2021-02-08|2020-01-16_2020-02-14
0.0,1,Core CPI m/m,Good,32,16,16,50.0,50.0,1.0,2018-04-26_2018-05-25|2018-08-24_2018-09-22|2018-09-23_2018-10-22|2019-02-20_2019-03-21|2019-03-22_2019-04-20|2019-05-21_2019-06-19|2019-09-18_2019-10-17|2020-03-16_2020-04-14|2020-04-15_2020-05-14|2020-05-15_2020-06-13|2020-11-11_2020-12-10|2021-02-09_2021-03-10|2021-08-08_2021-09-06|2021-09-07_2021-10-06|2022-04-05_2022-05-04|2022-08-03_2022-09-01|2022-11-01_2022-11-30|2022-12-01_2022-12-30|2023-06-29_2023-07-28|2023-10-27_2023-11-25|2024-05-24_2024-06-22|2024-06-23_2024-07-22|2024-12-20_2025-01-18|2025-02-18_2025-03-19|2025-03-20_2025-04-18|2025-04-19_2025-05-18|2025-05-19_2025-06-17|2025-06-18_2025-07-17|2025-10-16_2025-11-14|2025-12-15_2026-01-13|2019-04-21_2019-05-20|2019-12-17_2020-01-15
0.1,1,Core CPI m/m,Neutral,67,37,30,55.2,44.8,1.23,2018-01-26_2018-02-24|2018-02-25_2018-03-26|2018-03-27_2018-04-25|2018-04-26_2018-05-25|2018-05-26_2018-06-24|2018-06-25_2018-07-24|2018-07-25_2018-08-23|2018-08-24_2018-09-22|2018-09-23_2018-10-22|2018-10-23_2018-11-21|2018-11-22_2018-12-21|2018-12-22_2019-01-20|2019-01-21_2019-02-19|2019-02-20_2019-03-21|2019-03-22_2019-04-20|2019-05-21_2019-06-19|2019-06-20_2019-07-19|2019-07-20_2019-08-18|2019-08-19_2019-09-17|2019-09-18_2019-10-17|2019-10-18_2019-11-16|2019-11-17_2019-12-16|2020-02-15_2020-03-15|2020-05-15_2020-06-13|2020-10-12_2020-11-10|2020-11-11_2020-12-10|2021-04-10_2021-05-09|2021-10-07_2021-11-05|2021-12-06_2022-01-04|2022-01-05_2022-02-03|2022-02-04_2022-03-05|2022-03-06_2022-04-04|2022-12-01_2022-12-30|2022-12-31_2023-01-29|2023-01-30_2023-02-28|2023-03-01_2023-03-30|2023-03-31_2023-04-29|2023-05-30_2023-06-28|2023-06-29_2023-07-28|2023-07-29_2023-08-27|2023-08-28_2023-09-26|2023-09-27_2023-10-26|2023-10-27_2023-11-25|2023-11-26_2023-12-25|2023-12-26_2024-01-24|2024-04-24_2024-05-23|2024-05-24_2024-06-22|2024-06-23_2024-07-22|2024-07-23_2024-08-21|2024-08-22_2024-09-20|2024-09-21_2024-10-20|2024-10-21_2024-11-19|2024-11-20_2024-12-19|2024-12-20_2025-01-18|2025-02-18_2025-03-19|2025-04-19_2025-05-18|2025-06-18_2025-07-17|2025-07-18_2025-08-16|2025-08-17_2025-09-15|2025-10-16_2025-11-14|2025-12-15_2026-01-13|2026-02-13_2026-03-14|2021-01-10_2021-02-08|2022-06-04_2022-07-03|2019-04-21_2019-05-20|2019-12-17_2020-01-15|2020-01-16_2020-02-14
0.1,1,Core CPI m/m,Good,10,6,4,60.0,40.0,1.5,2020-03-16_2020-04-14|2020-04-15_2020-05-14|2021-02-09_2021-03-10|2021-08-08_2021-09-06|2021-09-07_2021-10-06|2022-04-05_2022-05-04|2022-08-03_2022-09-01|2022-11-01_2022-11-30|2025-03-20_2025-04-18|2025-05-19_2025-06-17
0.1,1,Core CPI m/m,Bad,15,5,10,33.3,66.7,0.5,2020-07-14_2020-08-12|2020-08-13_2020-09-11|2021-06-09_2021-07-08|2021-07-09_2021-08-07|2021-11-06_2021-12-05|2022-05-05_2022-06-03|2022-07-04_2022-08-02|2022-09-02_2022-10-01|2022-10-02_2022-10-31|2023-04-30_2023-05-29|2024-01-25_2024-02-23|2024-02-24_2024-03-24|2024-03-25_2024-04-23|2025-01-19_2025-02-17|2021-05-10_2021-06-08
0.2,1,Core CPI m/m,Neutral,88,46,42,52.3,47.7,1.1,2018-01-26_2018-02-24|2018-02-25_2018-03-26|2018-03-27_2018-04-25|2018-04-26_2018-05-25|2018-05-26_2018-06-24|2018-06-25_2018-07-24|2018-07-25_2018-08-23|2018-08-24_2018-09-22|2018-09-23_2018-10-22|2018-10-23_2018-11-21|2018-11-22_2018-12-21|2018-12-22_2019-01-20|2019-01-21_2019-02-19|2019-02-20_2019-03-21|2019-03-22_2019-04-20|2019-05-21_2019-06-19|2019-06-20_2019-07-19|2019-07-20_2019-08-18|2019-08-19_2019-09-17|2019-09-18_2019-10-17|2019-10-18_2019-11-16|2019-11-17_2019-12-16|2020-02-15_2020-03-15|2020-03-16_2020-04-14|2020-04-15_2020-05-14|2020-05-15_2020-06-13|2020-08-13_2020-09-11|2020-10-12_2020-11-10|2020-11-11_2020-12-10|2021-02-09_2021-03-10|2021-04-10_2021-05-09|2021-06-09_2021-07-08|2021-08-08_2021-09-06|2021-09-07_2021-10-06|2021-10-07_2021-11-05|2021-11-06_2021-12-05|2021-12-06_2022-01-04|2022-01-05_2022-02-03|2022-02-04_2022-03-05|2022-03-06_2022-04-04|2022-04-05_2022-05-04|2022-05-05_2022-06-03|2022-07-04_2022-08-02|2022-08-03_2022-09-01|2022-10-02_2022-10-31|2022-11-01_2022-11-30|2022-12-01_2022-12-30|2022-12-31_2023-01-29|2023-01-30_2023-02-28|2023-03-01_2023-03-30|2023-03-31_2023-04-29|2023-04-30_2023-05-29|2023-05-30_2023-06-28|2023-06-29_2023-07-28|2023-07-29_2023-08-27|2023-08-28_2023-09-26|2023-09-27_2023-10-26|2023-10-27_2023-11-25|2023-11-26_2023-12-25|2023-12-26_2024-01-24|2024-01-25_2024-02-23|2024-02-24_2024-03-24|2024-03-25_2024-04-23|2024-04-24_2024-05-23|2024-05-24_2024-06-22|2024-06-23_2024-07-22|2024-07-23_2024-08-21|2024-08-22_2024-09-20|2024-09-21_2024-10-20|2024-10-21_2024-11-19|2024-11-20_2024-12-19|2024-12-20_2025-01-18|2025-01-19_2025-02-17|2025-02-18_2025-03-19|2025-03-20_2025-04-18|2025-04-19_2025-05-18|2025-05-19_2025-06-17|2025-06-18_2025-07-17|2025-07-18_2025-08-16|2025-08-17_2025-09-15|2025-10-16_2025-11-14|2025-12-15_2026-01-13|2026-02-13_2026-03-14|2021-01-10_2021-02-08|2022-06-04_2022-07-03|2019-04-21_2019-05-20|2019-12-17_2020-01-15|2020-01-16_2020-02-14
0.2,1,Core CPI m/m,Bad,4,2,2,50.0,50.0,1.0,2020-07-14_2020-08-12|2021-07-09_2021-08-07|2022-09-02_2022-10-01|2021-05-10_2021-06-08
0.3,1,Core CPI m/m,Neutral,90,47,43,52.2,47.8,1.09,2018-01-26_2018-02-24|2018-02-25_2018-03-26|2018-03-27_2018-04-25|2018-04-26_2018-05-25|2018-05-26_2018-06-24|2018-06-25_2018-07-24|2018-07-25_2018-08-23|2018-08-24_2018-09-22|2018-09-23_2018-10-22|2018-10-23_2018-11-21|2018-11-22_2018-12-21|2018-12-22_2019-01-20|2019-01-21_2019-02-19|2019-02-20_2019-03-21|2019-03-22_2019-04-20|2019-05-21_2019-06-19|2019-06-20_2019-07-19|2019-07-20_2019-08-18|2019-08-19_2019-09-17|2019-09-18_2019-10-17|2019-10-18_2019-11-16|2019-11-17_2019-12-16|2020-02-15_2020-03-15|2020-03-16_2020-04-14|2020-04-15_2020-05-14|2020-05-15_2020-06-13|2020-07-14_2020-08-12|2020-08-13_2020-09-11|2020-10-12_2020-11-10|2020-11-11_2020-12-10|2021-02-09_2021-03-10|2021-04-10_2021-05-09|2021-06-09_2021-07-08|2021-08-08_2021-09-06|2021-09-07_2021-10-06|2021-10-07_2021-11-05|2021-11-06_2021-12-05|2021-12-06_2022-01-04|2022-01-05_2022-02-03|2022-02-04_2022-03-05|2022-03-06_2022-04-04|2022-04-05_2022-05-04|2022-05-05_2022-06-03|2022-07-04_2022-08-02|2022-08-03_2022-09-01|2022-09-02_2022-10-01|2022-10-02_2022-10-31|2022-11-01_2022-11-30|2022-12-01_2022-12-30|2022-12-31_2023-01-29|2023-01-30_2023-02-28|2023-03-01_2023-03-30|2023-03-31_2023-04-29|2023-04-30_2023-05-29|2023-05-30_2023-06-28|2023-06-29_2023-07-28|2023-07-29_2023-08-27|2023-08-28_2023-09-26|2023-09-27_2023-10-26|2023-10-27_2023-11-25|2023-11-26_2023-12-25|2023-12-26_2024-01-24|2024-01-25_2024-02-23|2024-02-24_2024-03-24|2024-03-25_2024-04-23|2024-04-24_2024-05-23|2024-05-24_2024-06-22|2024-06-23_2024-07-22|2024-07-23_2024-08-21|2024-08-22_2024-09-20|2024-09-21_2024-10-20|2024-10-21_2024-11-19|2024-11-20_2024-12-19|2024-12-20_2025-01-18|2025-01-19_2025-02-17|2025-02-18_2025-03-19|2025-03-20_2025-04-18|2025-04-19_2025-05-18|2025-05-19_2025-06-17|2025-06-18_2025-07-17|2025-07-18_2025-08-16|2025-08-17_2025-09-15|2025-10-16_2025-11-14|2025-12-15_2026-01-13|2026-02-13_2026-03-14|2021-01-10_2021-02-08|2022-06-04_2022-07-03|2019-04-21_2019-05-20|2019-12-17_2020-01-15|2020-01-16_2020-02-14
0.3,1,Core CPI m/m,Bad,2,1,1,50.0,50.0,1.0,2021-07-09_2021-08-07|2021-05-10_2021-06-08
0.0,1,PPI m/m,Neutral,14,8,6,57.1,42.9,1.33,2018-01-26_2018-02-24|2018-09-23_2018-10-22|2019-05-21_2019-06-19|2019-06-20_2019-07-19|2019-07-20_2019-08-18|2020-12-11_2021-01-09|2021-11-06_2021-12-05|2022-05-05_2022-06-03|2022-09-02_2022-10-01|2023-11-26_2023-12-25|2024-10-21_2024-11-19|2025-11-15_2025-12-14|2022-06-04_2022-07-03|2019-04-21_2019-05-20
0.0,1,PPI m/m,Bad,42,21,21,50.0,50.0,1.0,2018-02-25_2018-03-26|2018-03-27_2018-04-25|2018-05-26_2018-06-24|2018-06-25_2018-07-24|2018-10-23_2018-11-21|2018-11-22_2018-12-21|2019-03-22_2019-04-20|2019-08-19_2019-09-17|2019-10-18_2019-11-16|2020-03-16_2020-04-14|2020-05-15_2020-06-13|2020-07-14_2020-08-12|2020-08-13_2020-09-11|2020-10-12_2020-11-10|2020-11-11_2020-12-10|2021-02-09_2021-03-10|2021-03-11_2021-04-09|2021-06-09_2021-07-08|2021-07-09_2021-08-07|2021-08-08_2021-09-06|2021-09-07_2021-10-06|2021-12-06_2022-01-04|2022-02-04_2022-03-05|2022-04-05_2022-05-04|2022-07-04_2022-08-02|2022-10-02_2022-10-31|2022-12-01_2022-12-30|2023-01-30_2023-02-28|2023-07-29_2023-08-27|2023-08-28_2023-09-26|2023-09-27_2023-10-26|2024-01-25_2024-02-23|2024-02-24_2024-03-24|2024-04-24_2024-05-23|2024-06-23_2024-07-22|2024-08-22_2024-09-20|2024-11-20_2024-12-19|2025-01-19_2025-02-17|2025-07-18_2025-08-16|2026-01-14_2026-02-12|2026-02-13_2026-03-14|2021-05-10_2021-06-08
0.0,1,PPI m/m,Good,37,19,18,51.4,48.6,1.06,2018-04-26_2018-05-25|2018-07-25_2018-08-23|2018-08-24_2018-09-22|2018-12-22_2019-01-20|2019-01-21_2019-02-19|2019-02-20_2019-03-21|2019-09-18_2019-10-17|2019-11-17_2019-12-16|2020-02-15_2020-03-15|2020-04-15_2020-05-14|2020-06-14_2020-07-13|2021-10-07_2021-11-05|2022-01-05_2022-02-03|2022-03-06_2022-04-04|2022-08-03_2022-09-01|2022-11-01_2022-11-30|2022-12-31_2023-01-29|2023-03-01_2023-03-30|2023-03-31_2023-04-29|2023-04-30_2023-05-29|2023-05-30_2023-06-28|2023-06-29_2023-07-28|2023-10-27_2023-11-25|2023-12-26_2024-01-24|2024-03-25_2024-04-23|2024-05-24_2024-06-22|2024-07-23_2024-08-21|2024-09-21_2024-10-20|2024-12-20_2025-01-18|2025-02-18_2025-03-19|2025-03-20_2025-04-18|2025-04-19_2025-05-18|2025-05-19_2025-06-17|2025-06-18_2025-07-17|2025-08-17_2025-09-15|2021-01-10_2021-02-08|2019-12-17_2020-01-15
0.1,1,PPI m/m,Neutral,38,21,17,55.3,44.7,1.24,2018-01-26_2018-02-24|2018-02-25_2018-03-26|2018-04-26_2018-05-25|2018-06-25_2018-07-24|2018-09-23_2018-10-22|2018-11-22_2018-12-21|2018-12-22_2019-01-20|2019-02-20_2019-03-21|2019-05-21_2019-06-19|2019-06-20_2019-07-19|2019-07-20_2019-08-18|2019-08-19_2019-09-17|2020-02-15_2020-03-15|2020-03-16_2020-04-14|2020-08-13_2020-09-11|2020-11-11_2020-12-10|2020-12-11_2021-01-09|2021-09-07_2021-10-06|2021-10-07_2021-11-05|2021-11-06_2021-12-05|2022-05-05_2022-06-03|2022-09-02_2022-10-01|2022-12-01_2022-12-30|2023-04-30_2023-05-29|2023-06-29_2023-07-28|2023-07-29_2023-08-27|2023-11-26_2023-12-25|2024-03-25_2024-04-23|2024-06-23_2024-07-22|2024-07-23_2024-08-21|2024-08-22_2024-09-20|2024-09-21_2024-10-20|2024-10-21_2024-11-19|2025-05-19_2025-06-17|2025-11-15_2025-12-14|2022-06-04_2022-07-03|2019-04-21_2019-05-20|2019-12-17_2020-01-15
0.1,1,PPI m/m,Bad,30,15,15,50.0,50.0,1.0,2018-03-27_2018-04-25|2018-05-26_2018-06-24|2018-10-23_2018-11-21|2019-03-22_2019-04-20|2019-10-18_2019-11-16|2020-05-15_2020-06-13|2020-07-14_2020-08-12|2020-10-12_2020-11-10|2021-02-09_2021-03-10|2021-03-11_2021-04-09|2021-06-09_2021-07-08|2021-07-09_2021-08-07|2021-08-08_2021-09-06|2021-12-06_2022-01-04|2022-02-04_2022-03-05|2022-04-05_2022-05-04|2022-07-04_2022-08-02|2022-10-02_2022-10-31|2023-01-30_2023-02-28|2023-08-28_2023-09-26|2023-09-27_2023-10-26|2024-01-25_2024-02-23|2024-02-24_2024-03-24|2024-04-24_2024-05-23|2024-11-20_2024-12-19|2025-01-19_2025-02-17|2025-07-18_2025-08-16|2026-01-14_2026-02-12|2026-02-13_2026-03-14|2021-05-10_2021-06-08
0.1,1,PPI m/m,Good,25,12,13,48.0,52.0,0.92,2018-07-25_2018-08-23|2018-08-24_2018-09-22|2019-01-21_2019-02-19|2019-09-18_2019-10-17|2019-11-17_2019-12-16|2020-04-15_2020-05-14|2020-06-14_2020-07-13|2022-01-05_2022-02-03|2022-03-06_2022-04-04|2022-08-03_2022-09-01|2022-11-01_2022-11-30|2022-12-31_2023-01-29|2023-03-01_2023-03-30|2023-03-31_2023-04-29|2023-05-30_2023-06-28|2023-10-27_2023-11-25|2023-12-26_2024-01-24|2024-05-24_2024-06-22|2024-12-20_2025-01-18|2025-02-18_2025-03-19|2025-03-20_2025-04-18|2025-04-19_2025-05-18|2025-06-18_2025-07-17|2025-08-17_2025-09-15|2021-01-10_2021-02-08
0.2,1,PPI m/m,Neutral,61,33,28,54.1,45.9,1.18,2018-01-26_2018-02-24|2018-02-25_2018-03-26|2018-03-27_2018-04-25|2018-04-26_2018-05-25|2018-05-26_2018-06-24|2018-06-25_2018-07-24|2018-07-25_2018-08-23|2018-09-23_2018-10-22|2018-11-22_2018-12-21|2018-12-22_2019-01-20|2019-01-21_2019-02-19|2019-02-20_2019-03-21|2019-05-21_2019-06-19|2019-06-20_2019-07-19|2019-07-20_2019-08-18|2019-08-19_2019-09-17|2019-10-18_2019-11-16|2019-11-17_2019-12-16|2020-02-15_2020-03-15|2020-03-16_2020-04-14|2020-08-13_2020-09-11|2020-10-12_2020-11-10|2020-11-11_2020-12-10|2020-12-11_2021-01-09|2021-09-07_2021-10-06|2021-10-07_2021-11-05|2021-11-06_2021-12-05|2022-01-05_2022-02-03|2022-03-06_2022-04-04|2022-05-05_2022-06-03|2022-09-02_2022-10-01|2022-10-02_2022-10-31|2022-11-01_2022-11-30|2022-12-01_2022-12-30|2023-04-30_2023-05-29|2023-05-30_2023-06-28|2023-06-29_2023-07-28|2023-07-29_2023-08-27|2023-09-27_2023-10-26|2023-11-26_2023-12-25|2023-12-26_2024-01-24|2024-01-25_2024-02-23|2024-03-25_2024-04-23|2024-04-24_2024-05-23|2024-06-23_2024-07-22|2024-07-23_2024-08-21|2024-08-22_2024-09-20|2024-09-21_2024-10-20|2024-10-21_2024-11-19|2024-11-20_2024-12-19|2024-12-20_2025-01-18|2025-01-19_2025-02-17|2025-05-19_2025-06-17|2025-06-18_2025-07-17|2025-11-15_2025-12-14|2026-01-14_2026-02-12|2026-02-13_2026-03-14|2021-01-10_2021-02-08|2022-06-04_2022-07-03|2019-04-21_2019-05-20|2019-12-17_2020-01-15
0.2,1,PPI m/m,Good,14,5,9,35.7,64.3,0.56,2018-08-24_2018-09-22|2019-09-18_2019-10-17|2020-04-15_2020-05-14|2020-06-14_2020-07-13|2022-08-03_2022-09-01|2022-12-31_2023-01-29|2023-03-01_2023-03-30|2023-03-31_2023-04-29|2023-10-27_2023-11-25|2024-05-24_2024-06-22|2025-02-18_2025-03-19|2025-03-20_2025-04-18|2025-04-19_2025-05-18|2025-08-17_2025-09-15
0.2,1,PPI m/m,Bad,18,10,8,55.6,44.4,1.25,2018-10-23_2018-11-21|2019-03-22_2019-04-20|2020-05-15_2020-06-13|2020-07-14_2020-08-12|2021-02-09_2021-03-10|2021-03-11_2021-04-09|2021-06-09_2021-07-08|2021-07-09_2021-08-07|2021-08-08_2021-09-06|2021-12-06_2022-01-04|2022-02-04_2022-03-05|2022-04-05_2022-05-04|2022-07-04_2022-08-02|2023-01-30_2023-02-28|2023-08-28_2023-09-26|2024-02-24_2024-03-24|2025-07-18_2025-08-16|2021-05-10_2021-06-08
0.3,1,PPI m/m,Neutral,70,39,31,55.7,44.3,1.26,2018-01-26_2018-02-24|2018-02-25_2018-03-26|2018-03-27_2018-04-25|2018-04-26_2018-05-25|2018-05-26_2018-06-24|2018-06-25_2018-07-24|2018-07-25_2018-08-23|2018-09-23_2018-10-22|2018-11-22_2018-12-21|2018-12-22_2019-01-20|2019-01-21_2019-02-19|2019-02-20_2019-03-21|2019-03-22_2019-04-20|2019-05-21_2019-06-19|2019-06-20_2019-07-19|2019-07-20_2019-08-18|2019-08-19_2019-09-17|2019-10-18_2019-11-16|2019-11-17_2019-12-16|2020-02-15_2020-03-15|2020-03-16_2020-04-14|2020-07-14_2020-08-12|2020-08-13_2020-09-11|2020-10-12_2020-11-10|2020-11-11_2020-12-10|2020-12-11_2021-01-09|2021-03-11_2021-04-09|2021-09-07_2021-10-06|2021-10-07_2021-11-05|2021-11-06_2021-12-05|2022-01-05_2022-02-03|2022-03-06_2022-04-04|2022-04-05_2022-05-04|2022-05-05_2022-06-03|2022-09-02_2022-10-01|2022-10-02_2022-10-31|2022-11-01_2022-11-30|2022-12-01_2022-12-30|2023-01-30_2023-02-28|2023-04-30_2023-05-29|2023-05-30_2023-06-28|2023-06-29_2023-07-28|2023-07-29_2023-08-27|2023-08-28_2023-09-26|2023-09-27_2023-10-26|2023-11-26_2023-12-25|2023-12-26_2024-01-24|2024-01-25_2024-02-23|2024-02-24_2024-03-24|2024-03-25_2024-04-23|2024-04-24_2024-05-23|2024-06-23_2024-07-22|2024-07-23_2024-08-21|2024-08-22_2024-09-20|2024-09-21_2024-10-20|2024-10-21_2024-11-19|2024-11-20_2024-12-19|2024-12-20_2025-01-18|2025-01-19_2025-02-17|2025-02-18_2025-03-19|2025-05-19_2025-06-17|2025-06-18_2025-07-17|2025-11-15_2025-12-14|2026-01-14_2026-02-12|2026-02-13_2026-03-14|2021-01-10_2021-02-08|2021-05-10_2021-06-08|2022-06-04_2022-07-03|2019-04-21_2019-05-20|2019-12-17_2020-01-15
0.3,1,PPI m/m,Good,13,4,9,30.8,69.2,0.44,2018-08-24_2018-09-22|2019-09-18_2019-10-17|2020-04-15_2020-05-14|2020-06-14_2020-07-13|2022-08-03_2022-09-01|2022-12-31_2023-01-29|2023-03-01_2023-03-30|2023-03-31_2023-04-29|2023-10-27_2023-11-25|2024-05-24_2024-06-22|2025-03-20_2025-04-18|2025-04-19_2025-05-18|2025-08-17_2025-09-15
0.3,1,PPI m/m,Bad,10,5,5,50.0,50.0,1.0,2018-10-23_2018-11-21|2020-05-15_2020-06-13|2021-02-09_2021-03-10|2021-06-09_2021-07-08|2021-07-09_2021-08-07|2021-08-08_2021-09-06|2021-12-06_2022-01-04|2022-02-04_2022-03-05|2022-07-04_2022-08-02|2025-07-18_2025-08-16
0.0,1,Core PPI m/m,Bad,38,20,18,52.6,47.4,1.11,2018-01-26_2018-02-24|2018-03-27_2018-04-25|2018-05-26_2018-06-24|2018-06-25_2018-07-24|2018-10-23_2018-11-21|2018-11-22_2018-12-21|2019-01-21_2019-02-19|2019-03-22_2019-04-20|2019-06-20_2019-07-19|2019-08-19_2019-09-17|2019-10-18_2019-11-16|2020-03-16_2020-04-14|2020-07-14_2020-08-12|2020-08-13_2020-09-11|2020-10-12_2020-11-10|2021-02-09_2021-03-10|2021-03-11_2021-04-09|2021-06-09_2021-07-08|2021-07-09_2021-08-07|2021-08-08_2021-09-06|2021-09-07_2021-10-06|2021-12-06_2022-01-04|2022-02-04_2022-03-05|2022-04-05_2022-05-04|2022-09-02_2022-10-01|2022-12-01_2022-12-30|2023-01-30_2023-02-28|2023-07-29_2023-08-27|2023-09-27_2023-10-26|2024-01-25_2024-02-23|2024-02-24_2024-03-24|2024-04-24_2024-05-23|2024-06-23_2024-07-22|2024-08-22_2024-09-20|2025-07-18_2025-08-16|2026-01-14_2026-02-12|2026-02-13_2026-03-14|2021-05-10_2021-06-08
0.0,1,Core PPI m/m,Neutral,17,10,7,58.8,41.2,1.43,2018-02-25_2018-03-26|2018-04-26_2018-05-25|2018-09-23_2018-10-22|2019-05-21_2019-06-19|2020-05-15_2020-06-13|2022-01-05_2022-02-03|2022-10-02_2022-10-31|2022-12-31_2023-01-29|2023-04-30_2023-05-29|2023-05-30_2023-06-28|2023-08-28_2023-09-26|2024-03-25_2024-04-23|2024-09-21_2024-10-20|2024-10-21_2024-11-19|2024-11-20_2024-12-19|2025-01-19_2025-02-17|2021-01-10_2021-02-08
0.0,1,Core PPI m/m,Good,38,18,20,47.4,52.6,0.9,2018-07-25_2018-08-23|2018-08-24_2018-09-22|2018-12-22_2019-01-20|2019-02-20_2019-03-21|2019-07-20_2019-08-18|2019-09-18_2019-10-17|2019-11-17_2019-12-16|2020-02-15_2020-03-15|2020-04-15_2020-05-14|2020-06-14_2020-07-13|2020-11-11_2020-12-10|2020-12-11_2021-01-09|2021-10-07_2021-11-05|2021-11-06_2021-12-05|2022-03-06_2022-04-04|2022-05-05_2022-06-03|2022-07-04_2022-08-02|2022-08-03_2022-09-01|2022-11-01_2022-11-30|2023-03-01_2023-03-30|2023-03-31_2023-04-29|2023-06-29_2023-07-28|2023-10-27_2023-11-25|2023-11-26_2023-12-25|2023-12-26_2024-01-24|2024-05-24_2024-06-22|2024-07-23_2024-08-21|2024-12-20_2025-01-18|2025-02-18_2025-03-19|2025-03-20_2025-04-18|2025-04-19_2025-05-18|2025-05-19_2025-06-17|2025-06-18_2025-07-17|2025-08-17_2025-09-15|2025-11-15_2025-12-14|2022-06-04_2022-07-03|2019-04-21_2019-05-20|2019-12-17_2020-01-15
0.1,1,Core PPI m/m,Bad,25,15,10,60.0,40.0,1.5,2018-01-26_2018-02-24|2018-10-23_2018-11-21|2018-11-22_2018-12-21|2020-03-16_2020-04-14|2020-07-14_2020-08-12|2020-08-13_2020-09-11|2020-10-12_2020-11-10|2021-02-09_2021-03-10|2021-03-11_2021-04-09|2021-06-09_2021-07-08|2021-07-09_2021-08-07|2021-08-08_2021-09-06|2021-12-06_2022-01-04|2022-02-04_2022-03-05|2022-04-05_2022-05-04|2022-09-02_2022-10-01|2022-12-01_2022-12-30|2023-01-30_2023-02-28|2024-01-25_2024-02-23|2024-04-24_2024-05-23|2024-06-23_2024-07-22|2025-07-18_2025-08-16|2026-01-14_2026-02-12|2026-02-13_2026-03-14|2021-05-10_2021-06-08
0.1,1,Core PPI m/m,Neutral,42,20,22,47.6,52.4,0.91,2018-02-25_2018-03-26|2018-03-27_2018-04-25|2018-04-26_2018-05-25|2018-05-26_2018-06-24|2018-06-25_2018-07-24|2018-07-25_2018-08-23|2018-09-23_2018-10-22|2019-01-21_2019-02-19|2019-02-20_2019-03-21|2019-03-22_2019-04-20|2019-05-21_2019-06-19|2019-06-20_2019-07-19|2019-08-19_2019-09-17|2019-10-18_2019-11-16|2020-02-15_2020-03-15|2020-05-15_2020-06-13|2020-11-11_2020-12-10|2020-12-11_2021-01-09|2021-09-07_2021-10-06|2021-11-06_2021-12-05|2022-01-05_2022-02-03|2022-07-04_2022-08-02|2022-10-02_2022-10-31|2022-12-31_2023-01-29|2023-04-30_2023-05-29|2023-05-30_2023-06-28|2023-06-29_2023-07-28|2023-07-29_2023-08-27|2023-08-28_2023-09-26|2023-09-27_2023-10-26|2024-02-24_2024-03-24|2024-03-25_2024-04-23|2024-08-22_2024-09-20|2024-09-21_2024-10-20|2024-10-21_2024-11-19|2024-11-20_2024-12-19|2025-01-19_2025-02-17|2025-11-15_2025-12-14|2021-01-10_2021-02-08|2022-06-04_2022-07-03|2019-04-21_2019-05-20|2019-12-17_2020-01-15
0.1,1,Core PPI m/m,Good,26,13,13,50.0,50.0,1.0,2018-08-24_2018-09-22|2018-12-22_2019-01-20|2019-07-20_2019-08-18|2019-09-18_2019-10-17|2019-11-17_2019-12-16|2020-04-15_2020-05-14|2020-06-14_2020-07-13|2021-10-07_2021-11-05|2022-03-06_2022-04-04|2022-05-05_2022-06-03|2022-08-03_2022-09-01|2022-11-01_2022-11-30|2023-03-01_2023-03-30|2023-03-31_2023-04-29|2023-10-27_2023-11-25|2023-11-26_2023-12-25|2023-12-26_2024-01-24|2024-05-24_2024-06-22|2024-07-23_2024-08-21|2024-12-20_2025-01-18|2025-02-18_2025-03-19|2025-03-20_2025-04-18|2025-04-19_2025-05-18|2025-05-19_2025-06-17|2025-06-18_2025-07-17|2025-08-17_2025-09-15
0.2,1,Core PPI m/m,Neutral,62,31,31,50.0,50.0,1.0,2018-01-26_2018-02-24|2018-02-25_2018-03-26|2018-03-27_2018-04-25|2018-04-26_2018-05-25|2018-05-26_2018-06-24|2018-06-25_2018-07-24|2018-07-25_2018-08-23|2018-09-23_2018-10-22|2018-11-22_2018-12-21|2019-01-21_2019-02-19|2019-02-20_2019-03-21|2019-03-22_2019-04-20|2019-05-21_2019-06-19|2019-06-20_2019-07-19|2019-08-19_2019-09-17|2019-10-18_2019-11-16|2020-02-15_2020-03-15|2020-03-16_2020-04-14|2020-04-15_2020-05-14|2020-05-15_2020-06-13|2020-08-13_2020-09-11|2020-10-12_2020-11-10|2020-11-11_2020-12-10|2020-12-11_2021-01-09|2021-06-09_2021-07-08|2021-09-07_2021-10-06|2021-11-06_2021-12-05|2022-01-05_2022-02-03|2022-05-05_2022-06-03|2022-07-04_2022-08-02|2022-08-03_2022-09-01|2022-09-02_2022-10-01|2022-10-02_2022-10-31|2022-12-01_2022-12-30|2022-12-31_2023-01-29|2023-01-30_2023-02-28|2023-04-30_2023-05-29|2023-05-30_2023-06-28|2023-06-29_2023-07-28|2023-07-29_2023-08-27|2023-08-28_2023-09-26|2023-09-27_2023-10-26|2023-11-26_2023-12-25|2023-12-26_2024-01-24|2024-02-24_2024-03-24|2024-03-25_2024-04-23|2024-06-23_2024-07-22|2024-07-23_2024-08-21|2024-08-22_2024-09-20|2024-09-21_2024-10-20|2024-10-21_2024-11-19|2024-11-20_2024-12-19|2024-12-20_2025-01-18|2025-01-19_2025-02-17|2025-05-19_2025-06-17|2025-06-18_2025-07-17|2025-11-15_2025-12-14|2026-01-14_2026-02-12|2021-01-10_2021-02-08|2022-06-04_2022-07-03|2019-04-21_2019-05-20|2019-12-17_2020-01-15
0.2,1,Core PPI m/m,Good,17,9,8,52.9,47.1,1.13,2018-08-24_2018-09-22|2018-12-22_2019-01-20|2019-07-20_2019-08-18|2019-09-18_2019-10-17|2019-11-17_2019-12-16|2020-06-14_2020-07-13|2021-10-07_2021-11-05|2022-03-06_2022-04-04|2022-11-01_2022-11-30|2023-03-01_2023-03-30|2023-03-31_2023-04-29|2023-10-27_2023-11-25|2024-05-24_2024-06-22|2025-02-18_2025-03-19|2025-03-20_2025-04-18|2025-04-19_2025-05-18|2025-08-17_2025-09-15
0.2,1,Core PPI m/m,Bad,14,8,6,57.1,42.9,1.33,2018-10-23_2018-11-21|2020-07-14_2020-08-12|2021-02-09_2021-03-10|2021-03-11_2021-04-09|2021-07-09_2021-08-07|2021-08-08_2021-09-06|2021-12-06_2022-01-04|2022-02-04_2022-03-05|2022-04-05_2022-05-04|2024-01-25_2024-02-23|2024-04-24_2024-05-23|2025-07-18_2025-08-16|2026-02-13_2026-03-14|2021-05-10_2021-06-08
0.3,1,Core PPI m/m,Neutral,71,37,34,52.1,47.9,1.09,2018-01-26_2018-02-24|2018-02-25_2018-03-26|2018-03-27_2018-04-25|2018-04-26_2018-05-25|2018-05-26_2018-06-24|2018-06-25_2018-07-24|2018-07-25_2018-08-23|2018-09-23_2018-10-22|2018-10-23_2018-11-21|2018-11-22_2018-12-21|2019-01-21_2019-02-19|2019-02-20_2019-03-21|2019-03-22_2019-04-20|2019-05-21_2019-06-19|2019-06-20_2019-07-19|2019-08-19_2019-09-17|2019-10-18_2019-11-16|2020-02-15_2020-03-15|2020-03-16_2020-04-14|2020-04-15_2020-05-14|2020-05-15_2020-06-13|2020-08-13_2020-09-11|2020-10-12_2020-11-10|2020-11-11_2020-12-10|2020-12-11_2021-01-09|2021-03-11_2021-04-09|2021-06-09_2021-07-08|2021-09-07_2021-10-06|2021-10-07_2021-11-05|2021-11-06_2021-12-05|2021-12-06_2022-01-04|2022-01-05_2022-02-03|2022-05-05_2022-06-03|2022-07-04_2022-08-02|2022-08-03_2022-09-01|2022-09-02_2022-10-01|2022-10-02_2022-10-31|2022-11-01_2022-11-30|2022-12-01_2022-12-30|2022-12-31_2023-01-29|2023-01-30_2023-02-28|2023-04-30_2023-05-29|2023-05-30_2023-06-28|2023-06-29_2023-07-28|2023-07-29_2023-08-27|2023-08-28_2023-09-26|2023-09-27_2023-10-26|2023-10-27_2023-11-25|2023-11-26_2023-12-25|2023-12-26_2024-01-24|2024-02-24_2024-03-24|2024-03-25_2024-04-23|2024-04-24_2024-05-23|2024-05-24_2024-06-22|2024-06-23_2024-07-22|2024-07-23_2024-08-21|2024-08-22_2024-09-20|2024-09-21_2024-10-20|2024-10-21_2024-11-19|2024-11-20_2024-12-19|2024-12-20_2025-01-18|2025-01-19_2025-02-17|2025-05-19_2025-06-17|2025-06-18_2025-07-17|2025-11-15_2025-12-14|2026-01-14_2026-02-12|2021-01-10_2021-02-08|2021-05-10_2021-06-08|2022-06-04_2022-07-03|2019-04-21_2019-05-20|2019-12-17_2020-01-15
0.3,1,Core PPI m/m,Good,13,7,6,53.8,46.2,1.17,2018-08-24_2018-09-22|2018-12-22_2019-01-20|2019-07-20_2019-08-18|2019-09-18_2019-10-17|2019-11-17_2019-12-16|2020-06-14_2020-07-13|2022-03-06_2022-04-04|2023-03-01_2023-03-30|2023-03-31_2023-04-29|2025-02-18_2025-03-19|2025-03-20_2025-04-18|2025-04-19_2025-05-18|2025-08-17_2025-09-15
0.3,1,Core PPI m/m,Bad,9,4,5,44.4,55.6,0.8,2020-07-14_2020-08-12|2021-02-09_2021-03-10|2021-07-09_2021-08-07|2021-08-08_2021-09-06|2022-02-04_2022-03-05|2022-04-05_2022-05-04|2024-01-25_2024-02-23|2025-07-18_2025-08-16|2026-02-13_2026-03-14
0.0,1,FOMC,Neutral,12,7,5,58.3,41.7,1.4,2023-03-01_2023-03-30|2023-04-30_2023-05-29|2023-05-30_2023-06-28|2023-06-29_2023-07-28|2023-08-28_2023-09-26|2023-10-27_2023-11-25|2023-11-26_2023-12-25|2024-05-24_2024-06-22|2024-07-23_2024-08-21|2024-10-21_2024-11-19|2024-11-20_2024-12-19|2025-01-19_2025-02-17
0.0,1,FOMC,Good,1,1,0,100.0,0.0,inf,2024-08-22_2024-09-20
0.1,1,FOMC,Neutral,12,7,5,58.3,41.7,1.4,2023-03-01_2023-03-30|2023-04-30_2023-05-29|2023-05-30_2023-06-28|2023-06-29_2023-07-28|2023-08-28_2023-09-26|2023-10-27_2023-11-25|2023-11-26_2023-12-25|2024-05-24_2024-06-22|2024-07-23_2024-08-21|2024-10-21_2024-11-19|2024-11-20_2024-12-19|2025-01-19_2025-02-17
0.1,1,FOMC,Good,1,1,0,100.0,0.0,inf,2024-08-22_2024-09-20
0.2,1,FOMC,Neutral,12,7,5,58.3,41.7,1.4,2023-03-01_2023-03-30|2023-04-30_2023-05-29|2023-05-30_2023-06-28|2023-06-29_2023-07-28|2023-08-28_2023-09-26|2023-10-27_2023-11-25|2023-11-26_2023-12-25|2024-05-24_2024-06-22|2024-07-23_2024-08-21|2024-10-21_2024-11-19|2024-11-20_2024-12-19|2025-01-19_2025-02-17
0.2,1,FOMC,Good,1,1,0,100.0,0.0,inf,2024-08-22_2024-09-20
0.3,1,FOMC,Neutral,13,8,5,61.5,38.5,1.6,2023-03-01_2023-03-30|2023-04-30_2023-05-29|2023-05-30_2023-06-28|2023-06-29_2023-07-28|2023-08-28_2023-09-26|2023-10-27_2023-11-25|2023-11-26_2023-12-25|2024-05-24_2024-06-22|2024-07-23_2024-08-21|2024-08-22_2024-09-20|2024-10-21_2024-11-19|2024-11-20_2024-12-19|2025-01-19_2025-02-17
0.0,1,CPI y/y,Bad,34,18,16,52.9,47.1,1.13,2018-01-26_2018-02-24|2019-01-21_2019-02-19|2019-03-22_2019-04-20|2019-07-20_2019-08-18|2019-10-18_2019-11-16|2019-11-17_2019-12-16|2020-02-15_2020-03-15|2020-07-14_2020-08-12|2020-08-13_2020-09-11|2021-04-10_2021-05-09|2021-06-09_2021-07-08|2021-07-09_2021-08-07|2021-08-08_2021-09-06|2021-10-07_2021-11-05|2021-11-06_2021-12-05|2022-02-04_2022-03-05|2022-04-05_2022-05-04|2022-05-05_2022-06-03|2022-07-04_2022-08-02|2022-09-02_2022-10-01|2022-10-02_2022-10-31|2023-01-30_2023-02-28|2023-08-28_2023-09-26|2023-09-27_2023-10-26|2023-12-26_2024-01-24|2024-01-25_2024-02-23|2024-02-24_2024-03-24|2024-03-25_2024-04-23|2024-09-21_2024-10-20|2025-01-19_2025-02-17|2025-06-18_2025-07-17|2021-05-10_2021-06-08|2022-06-04_2022-07-03|2020-01-16_2020-02-14
0.0,1,CPI y/y,Neutral,27,17,10,63.0,37.0,1.7,2018-02-25_2018-03-26|2018-03-27_2018-04-25|2018-04-26_2018-05-25|2018-05-26_2018-06-24|2018-06-25_2018-07-24|2018-07-25_2018-08-23|2018-10-23_2018-11-21|2018-11-22_2018-12-21|2018-12-22_2019-01-20|2019-06-20_2019-07-19|2020-10-12_2020-11-10|2021-02-09_2021-03-10|2021-09-07_2021-10-06|2021-12-06_2022-01-04|2022-01-05_2022-02-03|2022-03-06_2022-04-04|2022-12-31_2023-01-29|2023-03-01_2023-03-30|2023-11-26_2023-12-25|2024-04-24_2024-05-23|2024-08-22_2024-09-20|2024-10-21_2024-11-19|2024-11-20_2024-12-19|2024-12-20_2025-01-18|2025-08-17_2025-09-15|2021-01-10_2021-02-08|2019-12-17_2020-01-15
0.0,1,CPI y/y,Good,31,13,18,41.9,58.1,0.72,2018-08-24_2018-09-22|2018-09-23_2018-10-22|2019-02-20_2019-03-21|2019-05-21_2019-06-19|2019-08-19_2019-09-17|2019-09-18_2019-10-17|2020-03-16_2020-04-14|2020-04-15_2020-05-14|2020-05-15_2020-06-13|2020-11-11_2020-12-10|2022-08-03_2022-09-01|2022-11-01_2022-11-30|2022-12-01_2022-12-30|2023-03-31_2023-04-29|2023-04-30_2023-05-29|2023-05-30_2023-06-28|2023-06-29_2023-07-28|2023-07-29_2023-08-27|2023-10-27_2023-11-25|2024-05-24_2024-06-22|2024-06-23_2024-07-22|2024-07-23_2024-08-21|2025-02-18_2025-03-19|2025-03-20_2025-04-18|2025-04-19_2025-05-18|2025-05-19_2025-06-17|2025-07-18_2025-08-16|2025-10-16_2025-11-14|2025-12-15_2026-01-13|2026-02-13_2026-03-14|2019-04-21_2019-05-20
0.1,1,CPI y/y,Bad,30,16,14,53.3,46.7,1.14,2018-01-26_2018-02-24|2019-01-21_2019-02-19|2019-07-20_2019-08-18|2019-10-18_2019-11-16|2019-11-17_2019-12-16|2020-07-14_2020-08-12|2020-08-13_2020-09-11|2021-04-10_2021-05-09|2021-06-09_2021-07-08|2021-07-09_2021-08-07|2021-08-08_2021-09-06|2021-10-07_2021-11-05|2021-11-06_2021-12-05|2022-02-04_2022-03-05|2022-05-05_2022-06-03|2022-07-04_2022-08-02|2022-09-02_2022-10-01|2023-01-30_2023-02-28|2023-08-28_2023-09-26|2023-09-27_2023-10-26|2023-12-26_2024-01-24|2024-01-25_2024-02-23|2024-02-24_2024-03-24|2024-03-25_2024-04-23|2024-09-21_2024-10-20|2025-01-19_2025-02-17|2025-06-18_2025-07-17|2021-05-10_2021-06-08|2022-06-04_2022-07-03|2020-01-16_2020-02-14
0.1,1,CPI y/y,Neutral,40,24,16,60.0,40.0,1.5,2018-02-25_2018-03-26|2018-03-27_2018-04-25|2018-04-26_2018-05-25|2018-05-26_2018-06-24|2018-06-25_2018-07-24|2018-07-25_2018-08-23|2018-08-24_2018-09-22|2018-10-23_2018-11-21|2018-11-22_2018-12-21|2018-12-22_2019-01-20|2019-03-22_2019-04-20|2019-05-21_2019-06-19|2019-06-20_2019-07-19|2020-02-15_2020-03-15|2020-10-12_2020-11-10|2020-11-11_2020-12-10|2021-02-09_2021-03-10|2021-09-07_2021-10-06|2021-12-06_2022-01-04|2022-01-05_2022-02-03|2022-03-06_2022-04-04|2022-04-05_2022-05-04|2022-10-02_2022-10-31|2022-12-31_2023-01-29|2023-03-01_2023-03-30|2023-03-31_2023-04-29|2023-04-30_2023-05-29|2023-05-30_2023-06-28|2023-07-29_2023-08-27|2023-10-27_2023-11-25|2023-11-26_2023-12-25|2024-04-24_2024-05-23|2024-08-22_2024-09-20|2024-10-21_2024-11-19|2024-11-20_2024-12-19|2024-12-20_2025-01-18|2025-07-18_2025-08-16|2025-08-17_2025-09-15|2021-01-10_2021-02-08|2019-12-17_2020-01-15
0.1,1,CPI y/y,Good,22,8,14,36.4,63.6,0.57,2018-09-23_2018-10-22|2019-02-20_2019-03-21|2019-08-19_2019-09-17|2019-09-18_2019-10-17|2020-03-16_2020-04-14|2020-04-15_2020-05-14|2020-05-15_2020-06-13|2022-08-03_2022-09-01|2022-11-01_2022-11-30|2022-12-01_2022-12-30|2023-06-29_2023-07-28|2024-05-24_2024-06-22|2024-06-23_2024-07-22|2024-07-23_2024-08-21|2025-02-18_2025-03-19|2025-03-20_2025-04-18|2025-04-19_2025-05-18|2025-05-19_2025-06-17|2025-10-16_2025-11-14|2025-12-15_2026-01-13|2026-02-13_2026-03-14|2019-04-21_2019-05-20
0.2,1,CPI y/y,Bad,12,7,5,58.3,41.7,1.4,2018-01-26_2018-02-24|2021-06-09_2021-07-08|2021-07-09_2021-08-07|2021-11-06_2021-12-05|2022-02-04_2022-03-05|2022-05-05_2022-06-03|2022-07-04_2022-08-02|2022-09-02_2022-10-01|2023-01-30_2023-02-28|2024-01-25_2024-02-23|2021-05-10_2021-06-08|2022-06-04_2022-07-03
0.2,1,CPI y/y,Neutral,78,40,38,51.3,48.7,1.05,2018-02-25_2018-03-26|2018-03-27_2018-04-25|2018-04-26_2018-05-25|2018-05-26_2018-06-24|2018-06-25_2018-07-24|2018-07-25_2018-08-23|2018-08-24_2018-09-22|2018-09-23_2018-10-22|2018-10-23_2018-11-21|2018-11-22_2018-12-21|2018-12-22_2019-01-20|2019-01-21_2019-02-19|2019-02-20_2019-03-21|2019-03-22_2019-04-20|2019-05-21_2019-06-19|2019-06-20_2019-07-19|2019-07-20_2019-08-18|2019-08-19_2019-09-17|2019-09-18_2019-10-17|2019-10-18_2019-11-16|2019-11-17_2019-12-16|2020-02-15_2020-03-15|2020-03-16_2020-04-14|2020-04-15_2020-05-14|2020-05-15_2020-06-13|2020-07-14_2020-08-12|2020-08-13_2020-09-11|2020-10-12_2020-11-10|2020-11-11_2020-12-10|2021-02-09_2021-03-10|2021-04-10_2021-05-09|2021-08-08_2021-09-06|2021-09-07_2021-10-06|2021-10-07_2021-11-05|2021-12-06_2022-01-04|2022-01-05_2022-02-03|2022-03-06_2022-04-04|2022-04-05_2022-05-04|2022-08-03_2022-09-01|2022-10-02_2022-10-31|2022-12-31_2023-01-29|2023-03-01_2023-03-30|2023-03-31_2023-04-29|2023-04-30_2023-05-29|2023-05-30_2023-06-28|2023-06-29_2023-07-28|2023-07-29_2023-08-27|2023-08-28_2023-09-26|2023-09-27_2023-10-26|2023-10-27_2023-11-25|2023-11-26_2023-12-25|2023-12-26_2024-01-24|2024-02-24_2024-03-24|2024-03-25_2024-04-23|2024-04-24_2024-05-23|2024-05-24_2024-06-22|2024-06-23_2024-07-22|2024-07-23_2024-08-21|2024-08-22_2024-09-20|2024-09-21_2024-10-20|2024-10-21_2024-11-19|2024-11-20_2024-12-19|2024-12-20_2025-01-18|2025-01-19_2025-02-17|2025-02-18_2025-03-19|2025-03-20_2025-04-18|2025-04-19_2025-05-18|2025-05-19_2025-06-17|2025-06-18_2025-07-17|2025-07-18_2025-08-16|2025-08-17_2025-09-15|2025-10-16_2025-11-14|2025-12-15_2026-01-13|2026-02-13_2026-03-14|2021-01-10_2021-02-08|2019-04-21_2019-05-20|2019-12-17_2020-01-15|2020-01-16_2020-02-14
0.2,1,CPI y/y,Good,2,1,1,50.0,50.0,1.0,2022-11-01_2022-11-30|2022-12-01_2022-12-30
0.3,1,CPI y/y,Neutral,89,47,42,52.8,47.2,1.12,2018-01-26_2018-02-24|2018-02-25_2018-03-26|2018-03-27_2018-04-25|2018-04-26_2018-05-25|2018-05-26_2018-06-24|2018-06-25_2018-07-24|2018-07-25_2018-08-23|2018-08-24_2018-09-22|2018-09-23_2018-10-22|2018-10-23_2018-11-21|2018-11-22_2018-12-21|2018-12-22_2019-01-20|2019-01-21_2019-02-19|2019-02-20_2019-03-21|2019-03-22_2019-04-20|2019-05-21_2019-06-19|2019-06-20_2019-07-19|2019-07-20_2019-08-18|2019-08-19_2019-09-17|2019-09-18_2019-10-17|2019-10-18_2019-11-16|2019-11-17_2019-12-16|2020-02-15_2020-03-15|2020-03-16_2020-04-14|2020-04-15_2020-05-14|2020-05-15_2020-06-13|2020-07-14_2020-08-12|2020-08-13_2020-09-11|2020-10-12_2020-11-10|2020-11-11_2020-12-10|2021-02-09_2021-03-10|2021-04-10_2021-05-09|2021-06-09_2021-07-08|2021-08-08_2021-09-06|2021-09-07_2021-10-06|2021-10-07_2021-11-05|2021-11-06_2021-12-05|2021-12-06_2022-01-04|2022-01-05_2022-02-03|2022-02-04_2022-03-05|2022-03-06_2022-04-04|2022-04-05_2022-05-04|2022-05-05_2022-06-03|2022-08-03_2022-09-01|2022-09-02_2022-10-01|2022-10-02_2022-10-31|2022-11-01_2022-11-30|2022-12-01_2022-12-30|2022-12-31_2023-01-29|2023-01-30_2023-02-28|2023-03-01_2023-03-30|2023-03-31_2023-04-29|2023-04-30_2023-05-29|2023-05-30_2023-06-28|2023-06-29_2023-07-28|2023-07-29_2023-08-27|2023-08-28_2023-09-26|2023-09-27_2023-10-26|2023-10-27_2023-11-25|2023-11-26_2023-12-25|2023-12-26_2024-01-24|2024-01-25_2024-02-23|2024-02-24_2024-03-24|2024-03-25_2024-04-23|2024-04-24_2024-05-23|2024-05-24_2024-06-22|2024-06-23_2024-07-22|2024-07-23_2024-08-21|2024-08-22_2024-09-20|2024-09-21_2024-10-20|2024-10-21_2024-11-19|2024-11-20_2024-12-19|2024-12-20_2025-01-18|2025-01-19_2025-02-17|2025-02-18_2025-03-19|2025-03-20_2025-04-18|2025-04-19_2025-05-18|2025-05-19_2025-06-17|2025-06-18_2025-07-17|2025-07-18_2025-08-16|2025-08-17_2025-09-15|2025-10-16_2025-11-14|2025-12-15_2026-01-13|2026-02-13_2026-03-14|2021-01-10_2021-02-08|2022-06-04_2022-07-03|2019-04-21_2019-05-20|2019-12-17_2020-01-15|2020-01-16_2020-02-14
0.3,1,CPI y/y,Bad,3,1,2,33.3,66.7,0.5,2021-07-09_2021-08-07|2022-07-04_2022-08-02|2021-05-10_2021-06-08
0.0,2,CPI m/m|Core CPI m/m,Bad|Bad,20,10,10,50.0,50.0,1.0,2018-01-26_2018-02-24|2019-06-20_2019-07-19|2020-07-14_2020-08-12|2020-08-13_2020-09-11|2021-04-10_2021-05-09|2021-06-09_2021-07-08|2021-07-09_2021-08-07|2021-11-06_2021-12-05|2022-01-05_2022-02-03|2022-02-04_2022-03-05|2022-05-05_2022-06-03|2022-07-04_2022-08-02|2022-09-02_2022-10-01|2022-10-02_2022-10-31|2024-01-25_2024-02-23|2024-03-25_2024-04-23|2024-09-21_2024-10-20|2025-01-19_2025-02-17|2021-05-10_2021-06-08|2022-06-04_2022-07-03
0.0,2,CPI m/m|Core CPI m/m,Neutral|Neutral,15,9,6,60.0,40.0,1.5,2018-02-25_2018-03-26|2018-07-25_2018-08-23|2018-10-23_2018-11-21|2018-11-22_2018-12-21|2018-12-22_2019-01-20|2020-10-12_2020-11-10|2022-03-06_2022-04-04|2022-12-31_2023-01-29|2023-01-30_2023-02-28|2023-07-29_2023-08-27|2024-07-23_2024-08-21|2024-10-21_2024-11-19|2024-11-20_2024-12-19|2025-07-18_2025-08-16|2021-01-10_2021-02-08
0.0,2,CPI m/m|Core CPI m/m,Good|Neutral,8,4,4,50.0,50.0,1.0,2018-03-27_2018-04-25|2018-06-25_2018-07-24|2019-01-21_2019-02-19|2023-03-31_2023-04-29|2023-05-30_2023-06-28|2024-04-24_2024-05-23|2026-02-13_2026-03-14|2020-01-16_2020-02-14
0.0,2,CPI m/m|Core CPI m/m,Good|Good,21,8,13,38.1,61.9,0.62,2018-04-26_2018-05-25|2018-08-24_2018-09-22|2018-09-23_2018-10-22|2019-09-18_2019-10-17|2020-03-16_2020-04-14|2020-04-15_2020-05-14|2020-05-15_2020-06-13|2021-09-07_2021-10-06|2022-08-03_2022-09-01|2022-11-01_2022-11-30|2022-12-01_2022-12-30|2023-06-29_2023-07-28|2023-10-27_2023-11-25|2024-05-24_2024-06-22|2024-06-23_2024-07-22|2025-02-18_2025-03-19|2025-03-20_2025-04-18|2025-04-19_2025-05-18|2025-05-19_2025-06-17|2025-10-16_2025-11-14|2019-04-21_2019-05-20
0.0,2,CPI m/m|Core CPI m/m,Neutral|Bad,8,3,5,37.5,62.5,0.6,2018-05-26_2018-06-24|2019-07-20_2019-08-18|2019-08-19_2019-09-17|2023-03-01_2023-03-30|2023-04-30_2023-05-29|2023-08-28_2023-09-26|2024-02-24_2024-03-24|2024-08-22_2024-09-20
0.0,2,CPI m/m|Core CPI m/m,Neutral|Good,10,8,2,80.0,20.0,4.0,2019-02-20_2019-03-21|2019-05-21_2019-06-19|2020-11-11_2020-12-10|2021-02-09_2021-03-10|2021-08-08_2021-09-06|2022-04-05_2022-05-04|2024-12-20_2025-01-18|2025-06-18_2025-07-17|2025-12-15_2026-01-13|2019-12-17_2020-01-15
0.0,2,CPI m/m|Core CPI m/m,Bad|Good,1,0,1,0.0,100.0,0.0,2019-03-22_2019-04-20
0.0,2,CPI m/m|Core CPI m/m,Bad|Neutral,9,6,3,66.7,33.3,2.0,2019-10-18_2019-11-16|2019-11-17_2019-12-16|2020-02-15_2020-03-15|2021-10-07_2021-11-05|2021-12-06_2022-01-04|2023-09-27_2023-10-26|2023-11-26_2023-12-25|2023-12-26_2024-01-24|2025-08-17_2025-09-15
0.1,2,CPI m/m|Core CPI m/m,Bad|Neutral,9,5,4,55.6,44.4,1.25,2018-01-26_2018-02-24|2019-03-22_2019-04-20|2019-10-18_2019-11-16|2021-10-07_2021-11-05|2021-12-06_2022-01-04|2022-02-04_2022-03-05|2023-09-27_2023-10-26|2025-08-17_2025-09-15|2022-06-04_2022-07-03
0.1,2,CPI m/m|Core CPI m/m,Neutral|Neutral,53,30,23,56.6,43.4,1.3,2018-02-25_2018-03-26|2018-03-27_2018-04-25|2018-04-26_2018-05-25|2018-05-26_2018-06-24|2018-06-25_2018-07-24|2018-07-25_2018-08-23|2018-08-24_2018-09-22|2018-09-23_2018-10-22|2018-10-23_2018-11-21|2018-11-22_2018-12-21|2018-12-22_2019-01-20|2019-01-21_2019-02-19|2019-02-20_2019-03-21|2019-05-21_2019-06-19|2019-06-20_2019-07-19|2019-07-20_2019-08-18|2019-08-19_2019-09-17|2019-09-18_2019-10-17|2019-11-17_2019-12-16|2020-02-15_2020-03-15|2020-05-15_2020-06-13|2020-10-12_2020-11-10|2020-11-11_2020-12-10|2021-04-10_2021-05-09|2022-01-05_2022-02-03|2022-03-06_2022-04-04|2022-12-31_2023-01-29|2023-01-30_2023-02-28|2023-03-01_2023-03-30|2023-03-31_2023-04-29|2023-05-30_2023-06-28|2023-06-29_2023-07-28|2023-07-29_2023-08-27|2023-08-28_2023-09-26|2023-10-27_2023-11-25|2023-11-26_2023-12-25|2023-12-26_2024-01-24|2024-05-24_2024-06-22|2024-07-23_2024-08-21|2024-08-22_2024-09-20|2024-09-21_2024-10-20|2024-10-21_2024-11-19|2024-11-20_2024-12-19|2024-12-20_2025-01-18|2025-02-18_2025-03-19|2025-04-19_2025-05-18|2025-06-18_2025-07-17|2025-07-18_2025-08-16|2025-12-15_2026-01-13|2026-02-13_2026-03-14|2021-01-10_2021-02-08|2019-12-17_2020-01-15|2020-01-16_2020-02-14
0.1,2,CPI m/m|Core CPI m/m,Good|Good,6,3,3,50.0,50.0,1.0,2020-03-16_2020-04-14|2020-04-15_2020-05-14|2021-09-07_2021-10-06|2022-08-03_2022-09-01|2022-11-01_2022-11-30|2025-03-20_2025-04-18
0.1,2,CPI m/m|Core CPI m/m,Bad|Bad,11,4,7,36.4,63.6,0.57,2020-07-14_2020-08-12|2020-08-13_2020-09-11|2021-06-09_2021-07-08|2021-07-09_2021-08-07|2021-11-06_2021-12-05|2022-07-04_2022-08-02|2022-09-02_2022-10-01|2022-10-02_2022-10-31|2024-03-25_2024-04-23|2025-01-19_2025-02-17|2021-05-10_2021-06-08
0.1,2,CPI m/m|Core CPI m/m,Neutral|Good,4,3,1,75.0,25.0,3.0,2021-02-09_2021-03-10|2021-08-08_2021-09-06|2022-04-05_2022-05-04|2025-05-19_2025-06-17
0.1,2,CPI m/m|Core CPI m/m,Neutral|Bad,4,1,3,25.0,75.0,0.33,2022-05-05_2022-06-03|2023-04-30_2023-05-29|2024-01-25_2024-02-23|2024-02-24_2024-03-24
0.1,2,CPI m/m|Core CPI m/m,Good|Neutral,5,2,3,40.0,60.0,0.67,2022-12-01_2022-12-30|2024-04-24_2024-05-23|2024-06-23_2024-07-22|2025-10-16_2025-11-14|2019-04-21_2019-05-20
0.2,2,CPI m/m|Core CPI m/m,Neutral|Neutral,86,45,41,52.3,47.7,1.1,2018-01-26_2018-02-24|2018-02-25_2018-03-26|2018-03-27_2018-04-25|2018-04-26_2018-05-25|2018-05-26_2018-06-24|2018-06-25_2018-07-24|2018-07-25_2018-08-23|2018-08-24_2018-09-22|2018-09-23_2018-10-22|2018-10-23_2018-11-21|2018-11-22_2018-12-21|2018-12-22_2019-01-20|2019-01-21_2019-02-19|2019-02-20_2019-03-21|2019-03-22_2019-04-20|2019-05-21_2019-06-19|2019-06-20_2019-07-19|2019-07-20_2019-08-18|2019-08-19_2019-09-17|2019-09-18_2019-10-17|2019-10-18_2019-11-16|2019-11-17_2019-12-16|2020-02-15_2020-03-15|2020-03-16_2020-04-14|2020-04-15_2020-05-14|2020-05-15_2020-06-13|2020-08-13_2020-09-11|2020-10-12_2020-11-10|2020-11-11_2020-12-10|2021-02-09_2021-03-10|2021-04-10_2021-05-09|2021-06-09_2021-07-08|2021-08-08_2021-09-06|2021-09-07_2021-10-06|2021-10-07_2021-11-05|2021-12-06_2022-01-04|2022-01-05_2022-02-03|2022-02-04_2022-03-05|2022-03-06_2022-04-04|2022-04-05_2022-05-04|2022-05-05_2022-06-03|2022-07-04_2022-08-02|2022-08-03_2022-09-01|2022-10-02_2022-10-31|2022-11-01_2022-11-30|2022-12-01_2022-12-30|2022-12-31_2023-01-29|2023-01-30_2023-02-28|2023-03-01_2023-03-30|2023-03-31_2023-04-29|2023-04-30_2023-05-29|2023-05-30_2023-06-28|2023-06-29_2023-07-28|2023-07-29_2023-08-27|2023-08-28_2023-09-26|2023-09-27_2023-10-26|2023-10-27_2023-11-25|2023-11-26_2023-12-25|2023-12-26_2024-01-24|2024-01-25_2024-02-23|2024-02-24_2024-03-24|2024-03-25_2024-04-23|2024-04-24_2024-05-23|2024-05-24_2024-06-22|2024-06-23_2024-07-22|2024-07-23_2024-08-21|2024-08-22_2024-09-20|2024-09-21_2024-10-20|2024-10-21_2024-11-19|2024-11-20_2024-12-19|2024-12-20_2025-01-18|2025-01-19_2025-02-17|2025-02-18_2025-03-19|2025-03-20_2025-04-18|2025-04-19_2025-05-18|2025-05-19_2025-06-17|2025-06-18_2025-07-17|2025-07-18_2025-08-16|2025-08-17_2025-09-15|2025-10-16_2025-11-14|2025-12-15_2026-01-13|2026-02-13_2026-03-14|2021-01-10_2021-02-08|2019-04-21_2019-05-20|2019-12-17_2020-01-15|2020-01-16_2020-02-14
0.2,2,CPI m/m|Core CPI m/m,Neutral|Bad,2,1,1,50.0,50.0,1.0,2020-07-14_2020-08-12|2022-09-02_2022-10-01
0.2,2,CPI m/m|Core CPI m/m,Bad|Bad,2,1,1,50.0,50.0,1.0,2021-07-09_2021-08-07|2021-05-10_2021-06-08
0.2,2,CPI m/m|Core CPI m/m,Bad|Neutral,2,1,1,50.0,50.0,1.0,2021-11-06_2021-12-05|2022-06-04_2022-07-03
0.3,2,CPI m/m|Core CPI m/m,Neutral|Neutral,88,46,42,52.3,47.7,1.1,2018-01-26_2018-02-24|2018-02-25_2018-03-26|2018-03-27_2018-04-25|2018-04-26_2018-05-25|2018-05-26_2018-06-24|2018-06-25_2018-07-24|2018-07-25_2018-08-23|2018-08-24_2018-09-22|2018-09-23_2018-10-22|2018-10-23_2018-11-21|2018-11-22_2018-12-21|2018-12-22_2019-01-20|2019-01-21_2019-02-19|2019-02-20_2019-03-21|2019-03-22_2019-04-20|2019-05-21_2019-06-19|2019-06-20_2019-07-19|2019-07-20_2019-08-18|2019-08-19_2019-09-17|2019-09-18_2019-10-17|2019-10-18_2019-11-16|2019-11-17_2019-12-16|2020-02-15_2020-03-15|2020-03-16_2020-04-14|2020-04-15_2020-05-14|2020-05-15_2020-06-13|2020-07-14_2020-08-12|2020-08-13_2020-09-11|2020-10-12_2020-11-10|2020-11-11_2020-12-10|2021-02-09_2021-03-10|2021-04-10_2021-05-09|2021-06-09_2021-07-08|2021-08-08_2021-09-06|2021-09-07_2021-10-06|2021-10-07_2021-11-05|2021-12-06_2022-01-04|2022-01-05_2022-02-03|2022-02-04_2022-03-05|2022-03-06_2022-04-04|2022-04-05_2022-05-04|2022-05-05_2022-06-03|2022-07-04_2022-08-02|2022-08-03_2022-09-01|2022-09-02_2022-10-01|2022-10-02_2022-10-31|2022-11-01_2022-11-30|2022-12-01_2022-12-30|2022-12-31_2023-01-29|2023-01-30_2023-02-28|2023-03-01_2023-03-30|2023-03-31_2023-04-29|2023-04-30_2023-05-29|2023-05-30_2023-06-28|2023-06-29_2023-07-28|2023-07-29_2023-08-27|2023-08-28_2023-09-26|2023-09-27_2023-10-26|2023-10-27_2023-11-25|2023-11-26_2023-12-25|2023-12-26_2024-01-24|2024-01-25_2024-02-23|2024-02-24_2024-03-24|2024-03-25_2024-04-23|2024-04-24_2024-05-23|2024-05-24_2024-06-22|2024-06-23_2024-07-22|2024-07-23_2024-08-21|2024-08-22_2024-09-20|2024-09-21_2024-10-20|2024-10-21_2024-11-19|2024-11-20_2024-12-19|2024-12-20_2025-01-18|2025-01-19_2025-02-17|2025-02-18_2025-03-19|2025-03-20_2025-04-18|2025-04-19_2025-05-18|2025-05-19_2025-06-17|2025-06-18_2025-07-17|2025-07-18_2025-08-16|2025-08-17_2025-09-15|2025-10-16_2025-11-14|2025-12-15_2026-01-13|2026-02-13_2026-03-14|2021-01-10_2021-02-08|2019-04-21_2019-05-20|2019-12-17_2020-01-15|2020-01-16_2020-02-14
0.3,2,CPI m/m|Core CPI m/m,Bad|Bad,2,1,1,50.0,50.0,1.0,2021-07-09_2021-08-07|2021-05-10_2021-06-08
0.3,2,CPI m/m|Core CPI m/m,Bad|Neutral,2,1,1,50.0,50.0,1.0,2021-11-06_2021-12-05|2022-06-04_2022-07-03
0.0,2,CPI m/m|PPI m/m,Bad|Neutral,7,6,1,85.7,14.3,6.0,2018-01-26_2018-02-24|2019-06-20_2019-07-19|2021-11-06_2021-12-05|2022-05-05_2022-06-03|2022-09-02_2022-10-01|2023-11-26_2023-12-25|2022-06-04_2022-07-03
0.0,2,CPI m/m|PPI m/m,Neutral|Bad,17,12,5,70.6,29.4,2.4,2018-02-25_2018-03-26|2018-05-26_2018-06-24|2018-10-23_2018-11-21|2018-11-22_2018-12-21|2019-08-19_2019-09-17|2020-10-12_2020-11-10|2020-11-11_2020-12-10|2021-02-09_2021-03-10|2021-08-08_2021-09-06|2022-04-05_2022-05-04|2023-01-30_2023-02-28|2023-07-29_2023-08-27|2023-08-28_2023-09-26|2024-02-24_2024-03-24|2024-08-22_2024-09-20|2024-11-20_2024-12-19|2025-07-18_2025-08-16
0.0,2,CPI m/m|PPI m/m,Good|Bad,9,4,5,44.4,55.6,0.8,2018-03-27_2018-04-25|2018-06-25_2018-07-24|2020-03-16_2020-04-14|2020-05-15_2020-06-13|2021-09-07_2021-10-06|2022-12-01_2022-12-30|2024-04-24_2024-05-23|2024-06-23_2024-07-22|2026-02-13_2026-03-14
0.0,2,CPI m/m|PPI m/m,Good|Good,16,6,10,37.5,62.5,0.6,2018-04-26_2018-05-25|2018-08-24_2018-09-22|2019-01-21_2019-02-19|2019-09-18_2019-10-17|2020-04-15_2020-05-14|2022-08-03_2022-09-01|2022-11-01_2022-11-30|2023-03-31_2023-04-29|2023-05-30_2023-06-28|2023-06-29_2023-07-28|2023-10-27_2023-11-25|2024-05-24_2024-06-22|2025-02-18_2025-03-19|2025-03-20_2025-04-18|2025-04-19_2025-05-18|2025-05-19_2025-06-17
0.0,2,CPI m/m|PPI m/m,Neutral|Good,12,6,6,50.0,50.0,1.0,2018-07-25_2018-08-23|2018-12-22_2019-01-20|2019-02-20_2019-03-21|2022-03-06_2022-04-04|2022-12-31_2023-01-29|2023-03-01_2023-03-30|2023-04-30_2023-05-29|2024-07-23_2024-08-21|2024-12-20_2025-01-18|2025-06-18_2025-07-17|2021-01-10_2021-02-08|2019-12-17_2020-01-15
0.0,2,CPI m/m|PPI m/m,Good|Neutral,2,1,1,50.0,50.0,1.0,2018-09-23_2018-10-22|2019-04-21_2019-05-20
0.0,2,CPI m/m|PPI m/m,Bad|Bad,14,4,10,28.6,71.4,0.4,2019-03-22_2019-04-20|2019-10-18_2019-11-16|2020-07-14_2020-08-12|2020-08-13_2020-09-11|2021-06-09_2021-07-08|2021-07-09_2021-08-07|2021-12-06_2022-01-04|2022-02-04_2022-03-05|2022-07-04_2022-08-02|2022-10-02_2022-10-31|2023-09-27_2023-10-26|2024-01-25_2024-02-23|2025-01-19_2025-02-17|2021-05-10_2021-06-08
0.0,2,CPI m/m|PPI m/m,Neutral|Neutral,3,1,2,33.3,66.7,0.5,2019-05-21_2019-06-19|2019-07-20_2019-08-18|2024-10-21_2024-11-19
0.0,2,CPI m/m|PPI m/m,Bad|Good,8,6,2,75.0,25.0,3.0,2019-11-17_2019-12-16|2020-02-15_2020-03-15|2021-10-07_2021-11-05|2022-01-05_2022-02-03|2023-12-26_2024-01-24|2024-03-25_2024-04-23|2024-09-21_2024-10-20|2025-08-17_2025-09-15
0.1,2,CPI m/m|PPI m/m,Bad|Neutral,7,5,2,71.4,28.6,2.5,2018-01-26_2018-02-24|2020-08-13_2020-09-11|2021-10-07_2021-11-05|2021-11-06_2021-12-05|2022-09-02_2022-10-01|2024-03-25_2024-04-23|2022-06-04_2022-07-03
0.1,2,CPI m/m|PPI m/m,Neutral|Neutral,24,13,11,54.2,45.8,1.18,2018-02-25_2018-03-26|2018-04-26_2018-05-25|2018-06-25_2018-07-24|2018-09-23_2018-10-22|2018-11-22_2018-12-21|2018-12-22_2019-01-20|2019-02-20_2019-03-21|2019-05-21_2019-06-19|2019-06-20_2019-07-19|2019-07-20_2019-08-18|2019-08-19_2019-09-17|2020-02-15_2020-03-15|2020-11-11_2020-12-10|2022-05-05_2022-06-03|2023-04-30_2023-05-29|2023-06-29_2023-07-28|2023-07-29_2023-08-27|2023-11-26_2023-12-25|2024-07-23_2024-08-21|2024-08-22_2024-09-20|2024-09-21_2024-10-20|2024-10-21_2024-11-19|2025-05-19_2025-06-17|2019-12-17_2020-01-15
0.1,2,CPI m/m|PPI m/m,Neutral|Bad,15,9,6,60.0,40.0,1.5,2018-03-27_2018-04-25|2018-05-26_2018-06-24|2018-10-23_2018-11-21|2020-05-15_2020-06-13|2020-10-12_2020-11-10|2021-02-09_2021-03-10|2021-08-08_2021-09-06|2022-04-05_2022-05-04|2023-01-30_2023-02-28|2023-08-28_2023-09-26|2024-01-25_2024-02-23|2024-02-24_2024-03-24|2024-11-20_2024-12-19|2025-07-18_2025-08-16|2026-02-13_2026-03-14
0.1,2,CPI m/m|PPI m/m,Neutral|Good,19,10,9,52.6,47.4,1.11,2018-07-25_2018-08-23|2018-08-24_2018-09-22|2019-01-21_2019-02-19|2019-09-18_2019-10-17|2019-11-17_2019-12-16|2022-01-05_2022-02-03|2022-03-06_2022-04-04|2022-12-31_2023-01-29|2023-03-01_2023-03-30|2023-03-31_2023-04-29|2023-05-30_2023-06-28|2023-10-27_2023-11-25|2023-12-26_2024-01-24|2024-05-24_2024-06-22|2024-12-20_2025-01-18|2025-02-18_2025-03-19|2025-04-19_2025-05-18|2025-06-18_2025-07-17|2021-01-10_2021-02-08
0.1,2,CPI m/m|PPI m/m,Bad|Bad,12,4,8,33.3,66.7,0.5,2019-03-22_2019-04-20|2019-10-18_2019-11-16|2020-07-14_2020-08-12|2021-06-09_2021-07-08|2021-07-09_2021-08-07|2021-12-06_2022-01-04|2022-02-04_2022-03-05|2022-07-04_2022-08-02|2022-10-02_2022-10-31|2023-09-27_2023-10-26|2025-01-19_2025-02-17|2021-05-10_2021-06-08
0.1,2,CPI m/m|PPI m/m,Good|Neutral,5,3,2,60.0,40.0,1.5,2020-03-16_2020-04-14|2021-09-07_2021-10-06|2022-12-01_2022-12-30|2024-06-23_2024-07-22|2019-04-21_2019-05-20
0.1,2,CPI m/m|PPI m/m,Good|Good,4,1,3,25.0,75.0,0.33,2020-04-15_2020-05-14|2022-08-03_2022-09-01|2022-11-01_2022-11-30|2025-03-20_2025-04-18
0.1,2,CPI m/m|PPI m/m,Good|Bad,1,1,0,100.0,0.0,inf,2024-04-24_2024-05-23
0.1,2,CPI m/m|PPI m/m,Bad|Good,1,0,1,0.0,100.0,0.0,2025-08-17_2025-09-15
0.2,2,CPI m/m|PPI m/m,Neutral|Neutral,56,32,24,57.1,42.9,1.33,2018-01-26_2018-02-24|2018-02-25_2018-03-26|2018-03-27_2018-04-25|2018-04-26_2018-05-25|2018-05-26_2018-06-24|2018-06-25_2018-07-24|2018-07-25_2018-08-23|2018-09-23_2018-10-22|2018-11-22_2018-12-21|2018-12-22_2019-01-20|2019-01-21_2019-02-19|2019-02-20_2019-03-21|2019-05-21_2019-06-19|2019-06-20_2019-07-19|2019-07-20_2019-08-18|2019-08-19_2019-09-17|2019-10-18_2019-11-16|2019-11-17_2019-12-16|2020-02-15_2020-03-15|2020-03-16_2020-04-14|2020-08-13_2020-09-11|2020-10-12_2020-11-10|2020-11-11_2020-12-10|2021-09-07_2021-10-06|2021-10-07_2021-11-05|2022-01-05_2022-02-03|2022-03-06_2022-04-04|2022-05-05_2022-06-03|2022-09-02_2022-10-01|2022-10-02_2022-10-31|2022-11-01_2022-11-30|2022-12-01_2022-12-30|2023-04-30_2023-05-29|2023-05-30_2023-06-28|2023-06-29_2023-07-28|2023-07-29_2023-08-27|2023-09-27_2023-10-26|2023-11-26_2023-12-25|2023-12-26_2024-01-24|2024-01-25_2024-02-23|2024-03-25_2024-04-23|2024-04-24_2024-05-23|2024-06-23_2024-07-22|2024-07-23_2024-08-21|2024-08-22_2024-09-20|2024-09-21_2024-10-20|2024-10-21_2024-11-19|2024-11-20_2024-12-19|2024-12-20_2025-01-18|2025-01-19_2025-02-17|2025-05-19_2025-06-17|2025-06-18_2025-07-17|2026-02-13_2026-03-14|2021-01-10_2021-02-08|2019-04-21_2019-05-20|2019-12-17_2020-01-15
0.2,2,CPI m/m|PPI m/m,Neutral|Good,13,4,9,30.8,69.2,0.44,2018-08-24_2018-09-22|2019-09-18_2019-10-17|2020-04-15_2020-05-14|2022-08-03_2022-09-01|2022-12-31_2023-01-29|2023-03-01_2023-03-30|2023-03-31_2023-04-29|2023-10-27_2023-11-25|2024-05-24_2024-06-22|2025-02-18_2025-03-19|2025-03-20_2025-04-18|2025-04-19_2025-05-18|2025-08-17_2025-09-15
0.2,2,CPI m/m|PPI m/m,Neutral|Bad,15,8,7,53.3,46.7,1.14,2018-10-23_2018-11-21|2019-03-22_2019-04-20|2020-05-15_2020-06-13|2020-07-14_2020-08-12|2021-02-09_2021-03-10|2021-06-09_2021-07-08|2021-08-08_2021-09-06|2021-12-06_2022-01-04|2022-02-04_2022-03-05|2022-04-05_2022-05-04|2022-07-04_2022-08-02|2023-01-30_2023-02-28|2023-08-28_2023-09-26|2024-02-24_2024-03-24|2025-07-18_2025-08-16
0.2,2,CPI m/m|PPI m/m,Bad|Bad,2,1,1,50.0,50.0,1.0,2021-07-09_2021-08-07|2021-05-10_2021-06-08
0.2,2,CPI m/m|PPI m/m,Bad|Neutral,2,1,1,50.0,50.0,1.0,2021-11-06_2021-12-05|2022-06-04_2022-07-03
0.3,2,CPI m/m|PPI m/m,Neutral|Neutral,63,36,27,57.1,42.9,1.33,2018-01-26_2018-02-24|2018-02-25_2018-03-26|2018-03-27_2018-04-25|2018-04-26_2018-05-25|2018-05-26_2018-06-24|2018-06-25_2018-07-24|2018-07-25_2018-08-23|2018-09-23_2018-10-22|2018-11-22_2018-12-21|2018-12-22_2019-01-20|2019-01-21_2019-02-19|2019-02-20_2019-03-21|2019-03-22_2019-04-20|2019-05-21_2019-06-19|2019-06-20_2019-07-19|2019-07-20_2019-08-18|2019-08-19_2019-09-17|2019-10-18_2019-11-16|2019-11-17_2019-12-16|2020-02-15_2020-03-15|2020-03-16_2020-04-14|2020-07-14_2020-08-12|2020-08-13_2020-09-11|2020-10-12_2020-11-10|2020-11-11_2020-12-10|2021-09-07_2021-10-06|2021-10-07_2021-11-05|2022-01-05_2022-02-03|2022-03-06_2022-04-04|2022-04-05_2022-05-04|2022-05-05_2022-06-03|2022-09-02_2022-10-01|2022-10-02_2022-10-31|2022-11-01_2022-11-30|2022-12-01_2022-12-30|2023-01-30_2023-02-28|2023-04-30_2023-05-29|2023-05-30_2023-06-28|2023-06-29_2023-07-28|2023-07-29_2023-08-27|2023-08-28_2023-09-26|2023-09-27_2023-10-26|2023-11-26_2023-12-25|2023-12-26_2024-01-24|2024-01-25_2024-02-23|2024-02-24_2024-03-24|2024-03-25_2024-04-23|2024-04-24_2024-05-23|2024-06-23_2024-07-22|2024-07-23_2024-08-21|2024-08-22_2024-09-20|2024-09-21_2024-10-20|2024-10-21_2024-11-19|2024-11-20_2024-12-19|2024-12-20_2025-01-18|2025-01-19_2025-02-17|2025-02-18_2025-03-19|2025-05-19_2025-06-17|2025-06-18_2025-07-17|2026-02-13_2026-03-14|2021-01-10_2021-02-08|2019-04-21_2019-05-20|2019-12-17_2020-01-15
0.3,2,CPI m/m|PPI m/m,Neutral|Good,12,3,9,25.0,75.0,0.33,2018-08-24_2018-09-22|2019-09-18_2019-10-17|2020-04-15_2020-05-14|2022-08-03_2022-09-01|2022-12-31_2023-01-29|2023-03-01_2023-03-30|2023-03-31_2023-04-29|2023-10-27_2023-11-25|2024-05-24_2024-06-22|2025-03-20_2025-04-18|2025-04-19_2025-05-18|2025-08-17_2025-09-15
0.3,2,CPI m/m|PPI m/m,Neutral|Bad,9,5,4,55.6,44.4,1.25,2018-10-23_2018-11-21|2020-05-15_2020-06-13|2021-02-09_2021-03-10|2021-06-09_2021-07-08|2021-08-08_2021-09-06|2021-12-06_2022-01-04|2022-02-04_2022-03-05|2022-07-04_2022-08-02|2025-07-18_2025-08-16
0.3,2,CPI m/m|PPI m/m,Bad|Bad,1,0,1,0.0,100.0,0.0,2021-07-09_2021-08-07
0.3,2,CPI m/m|PPI m/m,Bad|Neutral,3,2,1,66.7,33.3,2.0,2021-11-06_2021-12-05|2021-05-10_2021-06-08|2022-06-04_2022-07-03
0.0,2,CPI m/m|Core PPI m/m,Bad|Bad,14,7,7,50.0,50.0,1.0,2018-01-26_2018-02-24|2019-03-22_2019-04-20|2019-06-20_2019-07-19|2019-10-18_2019-11-16|2020-07-14_2020-08-12|2020-08-13_2020-09-11|2021-06-09_2021-07-08|2021-07-09_2021-08-07|2021-12-06_2022-01-04|2022-02-04_2022-03-05|2022-09-02_2022-10-01|2023-09-27_2023-10-26|2024-01-25_2024-02-23|2021-05-10_2021-06-08
0.0,2,CPI m/m|Core PPI m/m,Neutral|Neutral,8,5,3,62.5,37.5,1.67,2018-02-25_2018-03-26|2019-05-21_2019-06-19|2022-12-31_2023-01-29|2023-04-30_2023-05-29|2023-08-28_2023-09-26|2024-10-21_2024-11-19|2024-11-20_2024-12-19|2021-01-10_2021-02-08
0.0,2,CPI m/m|Core PPI m/m,Good|Bad,9,4,5,44.4,55.6,0.8,2018-03-27_2018-04-25|2018-06-25_2018-07-24|2019-01-21_2019-02-19|2020-03-16_2020-04-14|2021-09-07_2021-10-06|2022-12-01_2022-12-30|2024-04-24_2024-05-23|2024-06-23_2024-07-22|2026-02-13_2026-03-14
0.0,2,CPI m/m|Core PPI m/m,Good|Neutral,4,2,2,50.0,50.0,1.0,2018-04-26_2018-05-25|2018-09-23_2018-10-22|2020-05-15_2020-06-13|2023-05-30_2023-06-28
0.0,2,CPI m/m|Core PPI m/m,Neutral|Bad,13,8,5,61.5,38.5,1.6,2018-05-26_2018-06-24|2018-10-23_2018-11-21|2018-11-22_2018-12-21|2019-08-19_2019-09-17|2020-10-12_2020-11-10|2021-02-09_2021-03-10|2021-08-08_2021-09-06|2022-04-05_2022-05-04|2023-01-30_2023-02-28|2023-07-29_2023-08-27|2024-02-24_2024-03-24|2024-08-22_2024-09-20|2025-07-18_2025-08-16
0.0,2,CPI m/m|Core PPI m/m,Neutral|Good,11,6,5,54.5,45.5,1.2,2018-07-25_2018-08-23|2018-12-22_2019-01-20|2019-02-20_2019-03-21|2019-07-20_2019-08-18|2020-11-11_2020-12-10|2022-03-06_2022-04-04|2023-03-01_2023-03-30|2024-07-23_2024-08-21|2024-12-20_2025-01-18|2025-06-18_2025-07-17|2019-12-17_2020-01-15
0.0,2,CPI m/m|Core PPI m/m,Good|Good,14,5,9,35.7,64.3,0.56,2018-08-24_2018-09-22|2019-09-18_2019-10-17|2020-04-15_2020-05-14|2022-08-03_2022-09-01|2022-11-01_2022-11-30|2023-03-31_2023-04-29|2023-06-29_2023-07-28|2023-10-27_2023-11-25|2024-05-24_2024-06-22|2025-02-18_2025-03-19|2025-03-20_2025-04-18|2025-04-19_2025-05-18|2025-05-19_2025-06-17|2019-04-21_2019-05-20
0.0,2,CPI m/m|Core PPI m/m,Bad|Good,10,6,4,60.0,40.0,1.5,2019-11-17_2019-12-16|2020-02-15_2020-03-15|2021-10-07_2021-11-05|2021-11-06_2021-12-05|2022-05-05_2022-06-03|2022-07-04_2022-08-02|2023-11-26_2023-12-25|2023-12-26_2024-01-24|2025-08-17_2025-09-15|2022-06-04_2022-07-03
0.0,2,CPI m/m|Core PPI m/m,Bad|Neutral,5,3,2,60.0,40.0,1.5,2022-01-05_2022-02-03|2022-10-02_2022-10-31|2024-03-25_2024-04-23|2024-09-21_2024-10-20|2025-01-19_2025-02-17
0.1,2,CPI m/m|Core PPI m/m,Bad|Bad,9,5,4,55.6,44.4,1.25,2018-01-26_2018-02-24|2020-07-14_2020-08-12|2020-08-13_2020-09-11|2021-06-09_2021-07-08|2021-07-09_2021-08-07|2021-12-06_2022-01-04|2022-02-04_2022-03-05|2022-09-02_2022-10-01|2021-05-10_2021-06-08
0.1,2,CPI m/m|Core PPI m/m,Neutral|Neutral,29,16,13,55.2,44.8,1.23,2018-02-25_2018-03-26|2018-03-27_2018-04-25|2018-04-26_2018-05-25|2018-05-26_2018-06-24|2018-06-25_2018-07-24|2018-07-25_2018-08-23|2018-09-23_2018-10-22|2019-01-21_2019-02-19|2019-02-20_2019-03-21|2019-05-21_2019-06-19|2019-06-20_2019-07-19|2019-08-19_2019-09-17|2020-02-15_2020-03-15|2020-05-15_2020-06-13|2020-11-11_2020-12-10|2022-01-05_2022-02-03|2022-12-31_2023-01-29|2023-04-30_2023-05-29|2023-05-30_2023-06-28|2023-06-29_2023-07-28|2023-07-29_2023-08-27|2023-08-28_2023-09-26|2024-02-24_2024-03-24|2024-08-22_2024-09-20|2024-09-21_2024-10-20|2024-10-21_2024-11-19|2024-11-20_2024-12-19|2021-01-10_2021-02-08|2019-12-17_2020-01-15
0.1,2,CPI m/m|Core PPI m/m,Neutral|Good,19,10,9,52.6,47.4,1.11,2018-08-24_2018-09-22|2018-12-22_2019-01-20|2019-07-20_2019-08-18|2019-09-18_2019-10-17|2019-11-17_2019-12-16|2022-03-06_2022-04-04|2022-05-05_2022-06-03|2023-03-01_2023-03-30|2023-03-31_2023-04-29|2023-10-27_2023-11-25|2023-11-26_2023-12-25|2023-12-26_2024-01-24|2024-05-24_2024-06-22|2024-07-23_2024-08-21|2024-12-20_2025-01-18|2025-02-18_2025-03-19|2025-04-19_2025-05-18|2025-05-19_2025-06-17|2025-06-18_2025-07-17
0.1,2,CPI m/m|Core PPI m/m,Neutral|Bad,10,6,4,60.0,40.0,1.5,2018-10-23_2018-11-21|2018-11-22_2018-12-21|2020-10-12_2020-11-10|2021-02-09_2021-03-10|2021-08-08_2021-09-06|2022-04-05_2022-05-04|2023-01-30_2023-02-28|2024-01-25_2024-02-23|2025-07-18_2025-08-16|2026-02-13_2026-03-14
0.1,2,CPI m/m|Core PPI m/m,Bad|Neutral,9,3,6,33.3,66.7,0.5,2019-03-22_2019-04-20|2019-10-18_2019-11-16|2021-11-06_2021-12-05|2022-07-04_2022-08-02|2022-10-02_2022-10-31|2023-09-27_2023-10-26|2024-03-25_2024-04-23|2025-01-19_2025-02-17|2022-06-04_2022-07-03
0.1,2,CPI m/m|Core PPI m/m,Good|Bad,4,3,1,75.0,25.0,3.0,2020-03-16_2020-04-14|2022-12-01_2022-12-30|2024-04-24_2024-05-23|2024-06-23_2024-07-22
0.1,2,CPI m/m|Core PPI m/m,Good|Good,4,1,3,25.0,75.0,0.33,2020-04-15_2020-05-14|2022-08-03_2022-09-01|2022-11-01_2022-11-30|2025-03-20_2025-04-18
0.1,2,CPI m/m|Core PPI m/m,Good|Neutral,2,1,1,50.0,50.0,1.0,2021-09-07_2021-10-06|2019-04-21_2019-05-20
0.1,2,CPI m/m|Core PPI m/m,Bad|Good,2,1,1,50.0,50.0,1.0,2021-10-07_2021-11-05|2025-08-17_2025-09-15
0.2,2,CPI m/m|Core PPI m/m,Neutral|Neutral,57,30,27,52.6,47.4,1.11,2018-01-26_2018-02-24|2018-02-25_2018-03-26|2018-03-27_2018-04-25|2018-04-26_2018-05-25|2018-05-26_2018-06-24|2018-06-25_2018-07-24|2018-07-25_2018-08-23|2018-09-23_2018-10-22|2018-11-22_2018-12-21|2019-01-21_2019-02-19|2019-02-20_2019-03-21|2019-03-22_2019-04-20|2019-05-21_2019-06-19|2019-06-20_2019-07-19|2019-08-19_2019-09-17|2019-10-18_2019-11-16|2020-02-15_2020-03-15|2020-03-16_2020-04-14|2020-04-15_2020-05-14|2020-05-15_2020-06-13|2020-08-13_2020-09-11|2020-10-12_2020-11-10|2020-11-11_2020-12-10|2021-06-09_2021-07-08|2021-09-07_2021-10-06|2022-01-05_2022-02-03|2022-05-05_2022-06-03|2022-07-04_2022-08-02|2022-08-03_2022-09-01|2022-09-02_2022-10-01|2022-10-02_2022-10-31|2022-12-01_2022-12-30|2022-12-31_2023-01-29|2023-01-30_2023-02-28|2023-04-30_2023-05-29|2023-05-30_2023-06-28|2023-06-29_2023-07-28|2023-07-29_2023-08-27|2023-08-28_2023-09-26|2023-09-27_2023-10-26|2023-11-26_2023-12-25|2023-12-26_2024-01-24|2024-02-24_2024-03-24|2024-03-25_2024-04-23|2024-06-23_2024-07-22|2024-07-23_2024-08-21|2024-08-22_2024-09-20|2024-09-21_2024-10-20|2024-10-21_2024-11-19|2024-11-20_2024-12-19|2024-12-20_2025-01-18|2025-01-19_2025-02-17|2025-05-19_2025-06-17|2025-06-18_2025-07-17|2021-01-10_2021-02-08|2019-04-21_2019-05-20|2019-12-17_2020-01-15
0.2,2,CPI m/m|Core PPI m/m,Neutral|Good,16,8,8,50.0,50.0,1.0,2018-08-24_2018-09-22|2018-12-22_2019-01-20|2019-07-20_2019-08-18|2019-09-18_2019-10-17|2019-11-17_2019-12-16|2021-10-07_2021-11-05|2022-03-06_2022-04-04|2022-11-01_2022-11-30|2023-03-01_2023-03-30|2023-03-31_2023-04-29|2023-10-27_2023-11-25|2024-05-24_2024-06-22|2025-02-18_2025-03-19|2025-03-20_2025-04-18|2025-04-19_2025-05-18|2025-08-17_2025-09-15
0.2,2,CPI m/m|Core PPI m/m,Neutral|Bad,11,6,5,54.5,45.5,1.2,2018-10-23_2018-11-21|2020-07-14_2020-08-12|2021-02-09_2021-03-10|2021-08-08_2021-09-06|2021-12-06_2022-01-04|2022-02-04_2022-03-05|2022-04-05_2022-05-04|2024-01-25_2024-02-23|2024-04-24_2024-05-23|2025-07-18_2025-08-16|2026-02-13_2026-03-14
0.2,2,CPI m/m|Core PPI m/m,Bad|Bad,2,1,1,50.0,50.0,1.0,2021-07-09_2021-08-07|2021-05-10_2021-06-08
0.2,2,CPI m/m|Core PPI m/m,Bad|Neutral,2,1,1,50.0,50.0,1.0,2021-11-06_2021-12-05|2022-06-04_2022-07-03
0.3,2,CPI m/m|Core PPI m/m,Neutral|Neutral,64,34,30,53.1,46.9,1.13,2018-01-26_2018-02-24|2018-02-25_2018-03-26|2018-03-27_2018-04-25|2018-04-26_2018-05-25|2018-05-26_2018-06-24|2018-06-25_2018-07-24|2018-07-25_2018-08-23|2018-09-23_2018-10-22|2018-10-23_2018-11-21|2018-11-22_2018-12-21|2019-01-21_2019-02-19|2019-02-20_2019-03-21|2019-03-22_2019-04-20|2019-05-21_2019-06-19|2019-06-20_2019-07-19|2019-08-19_2019-09-17|2019-10-18_2019-11-16|2020-02-15_2020-03-15|2020-03-16_2020-04-14|2020-04-15_2020-05-14|2020-05-15_2020-06-13|2020-08-13_2020-09-11|2020-10-12_2020-11-10|2020-11-11_2020-12-10|2021-06-09_2021-07-08|2021-09-07_2021-10-06|2021-10-07_2021-11-05|2021-12-06_2022-01-04|2022-01-05_2022-02-03|2022-05-05_2022-06-03|2022-07-04_2022-08-02|2022-08-03_2022-09-01|2022-09-02_2022-10-01|2022-10-02_2022-10-31|2022-11-01_2022-11-30|2022-12-01_2022-12-30|2022-12-31_2023-01-29|2023-01-30_2023-02-28|2023-04-30_2023-05-29|2023-05-30_2023-06-28|2023-06-29_2023-07-28|2023-07-29_2023-08-27|2023-08-28_2023-09-26|2023-09-27_2023-10-26|2023-10-27_2023-11-25|2023-11-26_2023-12-25|2023-12-26_2024-01-24|2024-02-24_2024-03-24|2024-03-25_2024-04-23|2024-04-24_2024-05-23|2024-05-24_2024-06-22|2024-06-23_2024-07-22|2024-07-23_2024-08-21|2024-08-22_2024-09-20|2024-09-21_2024-10-20|2024-10-21_2024-11-19|2024-11-20_2024-12-19|2024-12-20_2025-01-18|2025-01-19_2025-02-17|2025-05-19_2025-06-17|2025-06-18_2025-07-17|2021-01-10_2021-02-08|2019-04-21_2019-05-20|2019-12-17_2020-01-15
0.3,2,CPI m/m|Core PPI m/m,Neutral|Good,12,6,6,50.0,50.0,1.0,2018-08-24_2018-09-22|2018-12-22_2019-01-20|2019-07-20_2019-08-18|2019-09-18_2019-10-17|2019-11-17_2019-12-16|2022-03-06_2022-04-04|2023-03-01_2023-03-30|2023-03-31_2023-04-29|2025-02-18_2025-03-19|2025-03-20_2025-04-18|2025-04-19_2025-05-18|2025-08-17_2025-09-15
0.3,2,CPI m/m|Core PPI m/m,Neutral|Bad,8,4,4,50.0,50.0,1.0,2020-07-14_2020-08-12|2021-02-09_2021-03-10|2021-08-08_2021-09-06|2022-02-04_2022-03-05|2022-04-05_2022-05-04|2024-01-25_2024-02-23|2025-07-18_2025-08-16|2026-02-13_2026-03-14
0.3,2,CPI m/m|Core PPI m/m,Bad|Bad,1,0,1,0.0,100.0,0.0,2021-07-09_2021-08-07
0.3,2,CPI m/m|Core PPI m/m,Bad|Neutral,3,2,1,66.7,33.3,2.0,2021-11-06_2021-12-05|2021-05-10_2021-06-08|2022-06-04_2022-07-03
0.0,2,CPI m/m|FOMC,Neutral|Neutral,6,3,3,50.0,50.0,1.0,2023-03-01_2023-03-30|2023-04-30_2023-05-29|2023-08-28_2023-09-26|2024-07-23_2024-08-21|2024-10-21_2024-11-19|2024-11-20_2024-12-19
0.0,2,CPI m/m|FOMC,Good|Neutral,4,3,1,75.0,25.0,3.0,2023-05-30_2023-06-28|2023-06-29_2023-07-28|2023-10-27_2023-11-25|2024-05-24_2024-06-22
0.0,2,CPI m/m|FOMC,Bad|Neutral,2,1,1,50.0,50.0,1.0,2023-11-26_2023-12-25|2025-01-19_2025-02-17
0.0,2,CPI m/m|FOMC,Neutral|Good,1,1,0,100.0,0.0,inf,2024-08-22_2024-09-20
0.1,2,CPI m/m|FOMC,Neutral|Neutral,11,7,4,63.6,36.4,1.75,2023-03-01_2023-03-30|2023-04-30_2023-05-29|2023-05-30_2023-06-28|2023-06-29_2023-07-28|2023-08-28_2023-09-26|2023-10-27_2023-11-25|2023-11-26_2023-12-25|2024-05-24_2024-06-22|2024-07-23_2024-08-21|2024-10-21_2024-11-19|2024-11-20_2024-12-19
0.1,2,CPI m/m|FOMC,Neutral|Good,1,1,0,100.0,0.0,inf,2024-08-22_2024-09-20
0.1,2,CPI m/m|FOMC,Bad|Neutral,1,0,1,0.0,100.0,0.0,2025-01-19_2025-02-17
0.2,2,CPI m/m|FOMC,Neutral|Neutral,12,7,5,58.3,41.7,1.4,2023-03-01_2023-03-30|2023-04-30_2023-05-29|2023-05-30_2023-06-28|2023-06-29_2023-07-28|2023-08-28_2023-09-26|2023-10-27_2023-11-25|2023-11-26_2023-12-25|2024-05-24_2024-06-22|2024-07-23_2024-08-21|2024-10-21_2024-11-19|2024-11-20_2024-12-19|2025-01-19_2025-02-17
0.2,2,CPI m/m|FOMC,Neutral|Good,1,1,0,100.0,0.0,inf,2024-08-22_2024-09-20
0.3,2,CPI m/m|FOMC,Neutral|Neutral,13,8,5,61.5,38.5,1.6,2023-03-01_2023-03-30|2023-04-30_2023-05-29|2023-05-30_2023-06-28|2023-06-29_2023-07-28|2023-08-28_2023-09-26|2023-10-27_2023-11-25|2023-11-26_2023-12-25|2024-05-24_2024-06-22|2024-07-23_2024-08-21|2024-08-22_2024-09-20|2024-10-21_2024-11-19|2024-11-20_2024-12-19|2025-01-19_2025-02-17
0.0,2,CPI m/m|CPI y/y,Bad|Bad,25,12,13,48.0,52.0,0.92,2018-01-26_2018-02-24|2019-03-22_2019-04-20|2019-10-18_2019-11-16|2019-11-17_2019-12-16|2020-02-15_2020-03-15|2020-07-14_2020-08-12|2020-08-13_2020-09-11|2021-04-10_2021-05-09|2021-06-09_2021-07-08|2021-07-09_2021-08-07|2021-10-07_2021-11-05|2021-11-06_2021-12-05|2022-02-04_2022-03-05|2022-05-05_2022-06-03|2022-07-04_2022-08-02|2022-09-02_2022-10-01|2022-10-02_2022-10-31|2023-09-27_2023-10-26|2023-12-26_2024-01-24|2024-01-25_2024-02-23|2024-03-25_2024-04-23|2024-09-21_2024-10-20|2025-01-19_2025-02-17|2021-05-10_2021-06-08|2022-06-04_2022-07-03
0.0,2,CPI m/m|CPI y/y,Neutral|Neutral,17,11,6,64.7,35.3,1.83,2018-02-25_2018-03-26|2018-05-26_2018-06-24|2018-07-25_2018-08-23|2018-10-23_2018-11-21|2018-11-22_2018-12-21|2018-12-22_2019-01-20|2020-10-12_2020-11-10|2021-02-09_2021-03-10|2022-03-06_2022-04-04|2022-12-31_2023-01-29|2023-03-01_2023-03-30|2024-08-22_2024-09-20|2024-10-21_2024-11-19|2024-11-20_2024-12-19|2024-12-20_2025-01-18|2021-01-10_2021-02-08|2019-12-17_2020-01-15
0.0,2,CPI m/m|CPI y/y,Good|Neutral,5,2,3,40.0,60.0,0.67,2018-03-27_2018-04-25|2018-04-26_2018-05-25|2018-06-25_2018-07-24|2021-09-07_2021-10-06|2024-04-24_2024-05-23
0.0,2,CPI m/m|CPI y/y,Good|Good,22,9,13,40.9,59.1,0.69,2018-08-24_2018-09-22|2018-09-23_2018-10-22|2019-09-18_2019-10-17|2020-03-16_2020-04-14|2020-04-15_2020-05-14|2020-05-15_2020-06-13|2022-08-03_2022-09-01|2022-11-01_2022-11-30|2022-12-01_2022-12-30|2023-03-31_2023-04-29|2023-05-30_2023-06-28|2023-06-29_2023-07-28|2023-10-27_2023-11-25|2024-05-24_2024-06-22|2024-06-23_2024-07-22|2025-02-18_2025-03-19|2025-03-20_2025-04-18|2025-04-19_2025-05-18|2025-05-19_2025-06-17|2025-10-16_2025-11-14|2026-02-13_2026-03-14|2019-04-21_2019-05-20
0.0,2,CPI m/m|CPI y/y,Good|Bad,2,1,1,50.0,50.0,1.0,2019-01-21_2019-02-19|2020-01-16_2020-02-14
0.0,2,CPI m/m|CPI y/y,Neutral|Good,9,4,5,44.4,55.6,0.8,2019-02-20_2019-03-21|2019-05-21_2019-06-19|2019-08-19_2019-09-17|2020-11-11_2020-12-10|2023-04-30_2023-05-29|2023-07-29_2023-08-27|2024-07-23_2024-08-21|2025-07-18_2025-08-16|2025-12-15_2026-01-13
0.0,2,CPI m/m|CPI y/y,Bad|Neutral,5,4,1,80.0,20.0,4.0,2019-06-20_2019-07-19|2021-12-06_2022-01-04|2022-01-05_2022-02-03|2023-11-26_2023-12-25|2025-08-17_2025-09-15
0.0,2,CPI m/m|CPI y/y,Neutral|Bad,7,5,2,71.4,28.6,2.5,2019-07-20_2019-08-18|2021-08-08_2021-09-06|2022-04-05_2022-05-04|2023-01-30_2023-02-28|2023-08-28_2023-09-26|2024-02-24_2024-03-24|2025-06-18_2025-07-17
0.1,2,CPI m/m|CPI y/y,Bad|Bad,16,8,8,50.0,50.0,1.0,2018-01-26_2018-02-24|2019-10-18_2019-11-16|2020-07-14_2020-08-12|2020-08-13_2020-09-11|2021-06-09_2021-07-08|2021-07-09_2021-08-07|2021-10-07_2021-11-05|2021-11-06_2021-12-05|2022-02-04_2022-03-05|2022-07-04_2022-08-02|2022-09-02_2022-10-01|2023-09-27_2023-10-26|2024-03-25_2024-04-23|2025-01-19_2025-02-17|2021-05-10_2021-06-08|2022-06-04_2022-07-03
0.1,2,CPI m/m|CPI y/y,Neutral|Neutral,34,21,13,61.8,38.2,1.62,2018-02-25_2018-03-26|2018-03-27_2018-04-25|2018-04-26_2018-05-25|2018-05-26_2018-06-24|2018-06-25_2018-07-24|2018-07-25_2018-08-23|2018-08-24_2018-09-22|2018-10-23_2018-11-21|2018-11-22_2018-12-21|2018-12-22_2019-01-20|2019-05-21_2019-06-19|2019-06-20_2019-07-19|2020-02-15_2020-03-15|2020-10-12_2020-11-10|2020-11-11_2020-12-10|2021-02-09_2021-03-10|2022-01-05_2022-02-03|2022-03-06_2022-04-04|2022-04-05_2022-05-04|2022-12-31_2023-01-29|2023-03-01_2023-03-30|2023-03-31_2023-04-29|2023-04-30_2023-05-29|2023-05-30_2023-06-28|2023-07-29_2023-08-27|2023-10-27_2023-11-25|2023-11-26_2023-12-25|2024-08-22_2024-09-20|2024-10-21_2024-11-19|2024-11-20_2024-12-19|2024-12-20_2025-01-18|2025-07-18_2025-08-16|2021-01-10_2021-02-08|2019-12-17_2020-01-15
0.1,2,CPI m/m|CPI y/y,Neutral|Good,13,5,8,38.5,61.5,0.63,2018-09-23_2018-10-22|2019-02-20_2019-03-21|2019-08-19_2019-09-17|2019-09-18_2019-10-17|2020-05-15_2020-06-13|2023-06-29_2023-07-28|2024-05-24_2024-06-22|2024-07-23_2024-08-21|2025-02-18_2025-03-19|2025-04-19_2025-05-18|2025-05-19_2025-06-17|2025-12-15_2026-01-13|2026-02-13_2026-03-14
0.1,2,CPI m/m|CPI y/y,Neutral|Bad,14,8,6,57.1,42.9,1.33,2019-01-21_2019-02-19|2019-07-20_2019-08-18|2019-11-17_2019-12-16|2021-04-10_2021-05-09|2021-08-08_2021-09-06|2022-05-05_2022-06-03|2023-01-30_2023-02-28|2023-08-28_2023-09-26|2023-12-26_2024-01-24|2024-01-25_2024-02-23|2024-02-24_2024-03-24|2024-09-21_2024-10-20|2025-06-18_2025-07-17|2020-01-16_2020-02-14
0.1,2,CPI m/m|CPI y/y,Bad|Neutral,4,1,3,25.0,75.0,0.33,2019-03-22_2019-04-20|2021-12-06_2022-01-04|2022-10-02_2022-10-31|2025-08-17_2025-09-15
0.1,2,CPI m/m|CPI y/y,Good|Good,9,3,6,33.3,66.7,0.5,2020-03-16_2020-04-14|2020-04-15_2020-05-14|2022-08-03_2022-09-01|2022-11-01_2022-11-30|2022-12-01_2022-12-30|2024-06-23_2024-07-22|2025-03-20_2025-04-18|2025-10-16_2025-11-14|2019-04-21_2019-05-20
0.1,2,CPI m/m|CPI y/y,Good|Neutral,2,2,0,100.0,0.0,inf,2021-09-07_2021-10-06|2024-04-24_2024-05-23
0.2,2,CPI m/m|CPI y/y,Neutral|Bad,8,5,3,62.5,37.5,1.67,2018-01-26_2018-02-24|2021-06-09_2021-07-08|2022-02-04_2022-03-05|2022-05-05_2022-06-03|2022-07-04_2022-08-02|2022-09-02_2022-10-01|2023-01-30_2023-02-28|2024-01-25_2024-02-23
0.2,2,CPI m/m|CPI y/y,Neutral|Neutral,78,40,38,51.3,48.7,1.05,2018-02-25_2018-03-26|2018-03-27_2018-04-25|2018-04-26_2018-05-25|2018-05-26_2018-06-24|2018-06-25_2018-07-24|2018-07-25_2018-08-23|2018-08-24_2018-09-22|2018-09-23_2018-10-22|2018-10-23_2018-11-21|2018-11-22_2018-12-21|2018-12-22_2019-01-20|2019-01-21_2019-02-19|2019-02-20_2019-03-21|2019-03-22_2019-04-20|2019-05-21_2019-06-19|2019-06-20_2019-07-19|2019-07-20_2019-08-18|2019-08-19_2019-09-17|2019-09-18_2019-10-17|2019-10-18_2019-11-16|2019-11-17_2019-12-16|2020-02-15_2020-03-15|2020-03-16_2020-04-14|2020-04-15_2020-05-14|2020-05-15_2020-06-13|2020-07-14_2020-08-12|2020-08-13_2020-09-11|2020-10-12_2020-11-10|2020-11-11_2020-12-10|2021-02-09_2021-03-10|2021-04-10_2021-05-09|2021-08-08_2021-09-06|2021-09-07_2021-10-06|2021-10-07_2021-11-05|2021-12-06_2022-01-04|2022-01-05_2022-02-03|2022-03-06_2022-04-04|2022-04-05_2022-05-04|2022-08-03_2022-09-01|2022-10-02_2022-10-31|2022-12-31_2023-01-29|2023-03-01_2023-03-30|2023-03-31_2023-04-29|2023-04-30_2023-05-29|2023-05-30_2023-06-28|2023-06-29_2023-07-28|2023-07-29_2023-08-27|2023-08-28_2023-09-26|2023-09-27_2023-10-26|2023-10-27_2023-11-25|2023-11-26_2023-12-25|2023-12-26_2024-01-24|2024-02-24_2024-03-24|2024-03-25_2024-04-23|2024-04-24_2024-05-23|2024-05-24_2024-06-22|2024-06-23_2024-07-22|2024-07-23_2024-08-21|2024-08-22_2024-09-20|2024-09-21_2024-10-20|2024-10-21_2024-11-19|2024-11-20_2024-12-19|2024-12-20_2025-01-18|2025-01-19_2025-02-17|2025-02-18_2025-03-19|2025-03-20_2025-04-18|2025-04-19_2025-05-18|2025-05-19_2025-06-17|2025-06-18_2025-07-17|2025-07-18_2025-08-16|2025-08-17_2025-09-15|2025-10-16_2025-11-14|2025-12-15_2026-01-13|2026-02-13_2026-03-14|2021-01-10_2021-02-08|2019-04-21_2019-05-20|2019-12-17_2020-01-15|2020-01-16_2020-02-14
0.2,2,CPI m/m|CPI y/y,Bad|Bad,4,2,2,50.0,50.0,1.0,2021-07-09_2021-08-07|2021-11-06_2021-12-05|2021-05-10_2021-06-08|2022-06-04_2022-07-03
0.2,2,CPI m/m|CPI y/y,Neutral|Good,2,1,1,50.0,50.0,1.0,2022-11-01_2022-11-30|2022-12-01_2022-12-30
0.3,2,CPI m/m|CPI y/y,Neutral|Neutral,87,46,41,52.9,47.1,1.12,2018-01-26_2018-02-24|2018-02-25_2018-03-26|2018-03-27_2018-04-25|2018-04-26_2018-05-25|2018-05-26_2018-06-24|2018-06-25_2018-07-24|2018-07-25_2018-08-23|2018-08-24_2018-09-22|2018-09-23_2018-10-22|2018-10-23_2018-11-21|2018-11-22_2018-12-21|2018-12-22_2019-01-20|2019-01-21_2019-02-19|2019-02-20_2019-03-21|2019-03-22_2019-04-20|2019-05-21_2019-06-19|2019-06-20_2019-07-19|2019-07-20_2019-08-18|2019-08-19_2019-09-17|2019-09-18_2019-10-17|2019-10-18_2019-11-16|2019-11-17_2019-12-16|2020-02-15_2020-03-15|2020-03-16_2020-04-14|2020-04-15_2020-05-14|2020-05-15_2020-06-13|2020-07-14_2020-08-12|2020-08-13_2020-09-11|2020-10-12_2020-11-10|2020-11-11_2020-12-10|2021-02-09_2021-03-10|2021-04-10_2021-05-09|2021-06-09_2021-07-08|2021-08-08_2021-09-06|2021-09-07_2021-10-06|2021-10-07_2021-11-05|2021-12-06_2022-01-04|2022-01-05_2022-02-03|2022-02-04_2022-03-05|2022-03-06_2022-04-04|2022-04-05_2022-05-04|2022-05-05_2022-06-03|2022-08-03_2022-09-01|2022-09-02_2022-10-01|2022-10-02_2022-10-31|2022-11-01_2022-11-30|2022-12-01_2022-12-30|2022-12-31_2023-01-29|2023-01-30_2023-02-28|2023-03-01_2023-03-30|2023-03-31_2023-04-29|2023-04-30_2023-05-29|2023-05-30_2023-06-28|2023-06-29_2023-07-28|2023-07-29_2023-08-27|2023-08-28_2023-09-26|2023-09-27_2023-10-26|2023-10-27_2023-11-25|2023-11-26_2023-12-25|2023-12-26_2024-01-24|2024-01-25_2024-02-23|2024-02-24_2024-03-24|2024-03-25_2024-04-23|2024-04-24_2024-05-23|2024-05-24_2024-06-22|2024-06-23_2024-07-22|2024-07-23_2024-08-21|2024-08-22_2024-09-20|2024-09-21_2024-10-20|2024-10-21_2024-11-19|2024-11-20_2024-12-19|2024-12-20_2025-01-18|2025-01-19_2025-02-17|2025-02-18_2025-03-19|2025-03-20_2025-04-18|2025-04-19_2025-05-18|2025-05-19_2025-06-17|2025-06-18_2025-07-17|2025-07-18_2025-08-16|2025-08-17_2025-09-15|2025-10-16_2025-11-14|2025-12-15_2026-01-13|2026-02-13_2026-03-14|2021-01-10_2021-02-08|2019-04-21_2019-05-20|2019-12-17_2020-01-15|2020-01-16_2020-02-14
0.3,2,CPI m/m|CPI y/y,Bad|Bad,2,1,1,50.0,50.0,1.0,2021-07-09_2021-08-07|2021-05-10_2021-06-08
0.3,2,CPI m/m|CPI y/y,Bad|Neutral,2,1,1,50.0,50.0,1.0,2021-11-06_2021-12-05|2022-06-04_2022-07-03
0.3,2,CPI m/m|CPI y/y,Neutral|Bad,1,0,1,0.0,100.0,0.0,2022-07-04_2022-08-02
0.0,2,Core CPI m/m|PPI m/m,Bad|Neutral,7,5,2,71.4,28.6,2.5,2018-01-26_2018-02-24|2019-06-20_2019-07-19|2019-07-20_2019-08-18|2021-11-06_2021-12-05|2022-05-05_2022-06-03|2022-09-02_2022-10-01|2022-06-04_2022-07-03
0.0,2,Core CPI m/m|PPI m/m,Neutral|Bad,15,8,7,53.3,46.7,1.14,2018-02-25_2018-03-26|2018-03-27_2018-04-25|2018-06-25_2018-07-24|2018-10-23_2018-11-21|2018-11-22_2018-12-21|2019-10-18_2019-11-16|2020-10-12_2020-11-10|2021-12-06_2022-01-04|2023-01-30_2023-02-28|2023-07-29_2023-08-27|2023-09-27_2023-10-26|2024-04-24_2024-05-23|2024-11-20_2024-12-19|2025-07-18_2025-08-16|2026-02-13_2026-03-14
0.0,2,Core CPI m/m|PPI m/m,Good|Good,17,7,10,41.2,58.8,0.7,2018-04-26_2018-05-25|2018-08-24_2018-09-22|2019-02-20_2019-03-21|2019-09-18_2019-10-17|2020-04-15_2020-05-14|2022-08-03_2022-09-01|2022-11-01_2022-11-30|2023-06-29_2023-07-28|2023-10-27_2023-11-25|2024-05-24_2024-06-22|2024-12-20_2025-01-18|2025-02-18_2025-03-19|2025-03-20_2025-04-18|2025-04-19_2025-05-18|2025-05-19_2025-06-17|2025-06-18_2025-07-17|2019-12-17_2020-01-15
0.0,2,Core CPI m/m|PPI m/m,Bad|Bad,15,5,10,33.3,66.7,0.5,2018-05-26_2018-06-24|2019-08-19_2019-09-17|2020-07-14_2020-08-12|2020-08-13_2020-09-11|2021-06-09_2021-07-08|2021-07-09_2021-08-07|2022-02-04_2022-03-05|2022-07-04_2022-08-02|2022-10-02_2022-10-31|2023-08-28_2023-09-26|2024-01-25_2024-02-23|2024-02-24_2024-03-24|2024-08-22_2024-09-20|2025-01-19_2025-02-17|2021-05-10_2021-06-08
0.0,2,Core CPI m/m|PPI m/m,Neutral|Good,14,8,6,57.1,42.9,1.33,2018-07-25_2018-08-23|2018-12-22_2019-01-20|2019-01-21_2019-02-19|2019-11-17_2019-12-16|2020-02-15_2020-03-15|2021-10-07_2021-11-05|2022-03-06_2022-04-04|2022-12-31_2023-01-29|2023-03-31_2023-04-29|2023-05-30_2023-06-28|2023-12-26_2024-01-24|2024-07-23_2024-08-21|2025-08-17_2025-09-15|2021-01-10_2021-02-08
0.0,2,Core CPI m/m|PPI m/m,Good|Neutral,3,1,2,33.3,66.7,0.5,2018-09-23_2018-10-22|2019-05-21_2019-06-19|2019-04-21_2019-05-20
0.0,2,Core CPI m/m|PPI m/m,Good|Bad,10,7,3,70.0,30.0,2.33,2019-03-22_2019-04-20|2020-03-16_2020-04-14|2020-05-15_2020-06-13|2020-11-11_2020-12-10|2021-02-09_2021-03-10|2021-08-08_2021-09-06|2021-09-07_2021-10-06|2022-04-05_2022-05-04|2022-12-01_2022-12-30|2024-06-23_2024-07-22
0.0,2,Core CPI m/m|PPI m/m,Bad|Good,5,3,2,60.0,40.0,1.5,2022-01-05_2022-02-03|2023-03-01_2023-03-30|2023-04-30_2023-05-29|2024-03-25_2024-04-23|2024-09-21_2024-10-20
0.0,2,Core CPI m/m|PPI m/m,Neutral|Neutral,2,2,0,100.0,0.0,inf,2023-11-26_2023-12-25|2024-10-21_2024-11-19
0.1,2,Core CPI m/m|PPI m/m,Neutral|Neutral,27,16,11,59.3,40.7,1.45,2018-01-26_2018-02-24|2018-02-25_2018-03-26|2018-04-26_2018-05-25|2018-06-25_2018-07-24|2018-09-23_2018-10-22|2018-11-22_2018-12-21|2018-12-22_2019-01-20|2019-02-20_2019-03-21|2019-05-21_2019-06-19|2019-06-20_2019-07-19|2019-07-20_2019-08-18|2019-08-19_2019-09-17|2020-02-15_2020-03-15|2020-11-11_2020-12-10|2021-10-07_2021-11-05|2022-12-01_2022-12-30|2023-06-29_2023-07-28|2023-07-29_2023-08-27|2023-11-26_2023-12-25|2024-06-23_2024-07-22|2024-07-23_2024-08-21|2024-08-22_2024-09-20|2024-09-21_2024-10-20|2024-10-21_2024-11-19|2022-06-04_2022-07-03|2019-04-21_2019-05-20|2019-12-17_2020-01-15
0.1,2,Core CPI m/m|PPI m/m,Neutral|Bad,16,9,7,56.2,43.8,1.29,2018-03-27_2018-04-25|2018-05-26_2018-06-24|2018-10-23_2018-11-21|2019-03-22_2019-04-20|2019-10-18_2019-11-16|2020-05-15_2020-06-13|2020-10-12_2020-11-10|2021-12-06_2022-01-04|2022-02-04_2022-03-05|2023-01-30_2023-02-28|2023-08-28_2023-09-26|2023-09-27_2023-10-26|2024-04-24_2024-05-23|2024-11-20_2024-12-19|2025-07-18_2025-08-16|2026-02-13_2026-03-14
0.1,2,Core CPI m/m|PPI m/m,Neutral|Good,20,10,10,50.0,50.0,1.0,2018-07-25_2018-08-23|2018-08-24_2018-09-22|2019-01-21_2019-02-19|2019-09-18_2019-10-17|2019-11-17_2019-12-16|2022-01-05_2022-02-03|2022-03-06_2022-04-04|2022-12-31_2023-01-29|2023-03-01_2023-03-30|2023-03-31_2023-04-29|2023-05-30_2023-06-28|2023-10-27_2023-11-25|2023-12-26_2024-01-24|2024-05-24_2024-06-22|2024-12-20_2025-01-18|2025-02-18_2025-03-19|2025-04-19_2025-05-18|2025-06-18_2025-07-17|2025-08-17_2025-09-15|2021-01-10_2021-02-08
0.1,2,Core CPI m/m|PPI m/m,Good|Neutral,3,2,1,66.7,33.3,2.0,2020-03-16_2020-04-14|2021-09-07_2021-10-06|2025-05-19_2025-06-17
0.1,2,Core CPI m/m|PPI m/m,Good|Good,4,1,3,25.0,75.0,0.33,2020-04-15_2020-05-14|2022-08-03_2022-09-01|2022-11-01_2022-11-30|2025-03-20_2025-04-18
0.1,2,Core CPI m/m|PPI m/m,Bad|Bad,9,2,7,22.2,77.8,0.29,2020-07-14_2020-08-12|2021-06-09_2021-07-08|2021-07-09_2021-08-07|2022-07-04_2022-08-02|2022-10-02_2022-10-31|2024-01-25_2024-02-23|2024-02-24_2024-03-24|2025-01-19_2025-02-17|2021-05-10_2021-06-08
0.1,2,Core CPI m/m|PPI m/m,Bad|Neutral,6,3,3,50.0,50.0,1.0,2020-08-13_2020-09-11|2021-11-06_2021-12-05|2022-05-05_2022-06-03|2022-09-02_2022-10-01|2023-04-30_2023-05-29|2024-03-25_2024-04-23
0.1,2,Core CPI m/m|PPI m/m,Good|Bad,3,3,0,100.0,0.0,inf,2021-02-09_2021-03-10|2021-08-08_2021-09-06|2022-04-05_2022-05-04
0.2,2,Core CPI m/m|PPI m/m,Neutral|Neutral,57,32,25,56.1,43.9,1.28,2018-01-26_2018-02-24|2018-02-25_2018-03-26|2018-03-27_2018-04-25|2018-04-26_2018-05-25|2018-05-26_2018-06-24|2018-06-25_2018-07-24|2018-07-25_2018-08-23|2018-09-23_2018-10-22|2018-11-22_2018-12-21|2018-12-22_2019-01-20|2019-01-21_2019-02-19|2019-02-20_2019-03-21|2019-05-21_2019-06-19|2019-06-20_2019-07-19|2019-07-20_2019-08-18|2019-08-19_2019-09-17|2019-10-18_2019-11-16|2019-11-17_2019-12-16|2020-02-15_2020-03-15|2020-03-16_2020-04-14|2020-08-13_2020-09-11|2020-10-12_2020-11-10|2020-11-11_2020-12-10|2021-09-07_2021-10-06|2021-10-07_2021-11-05|2021-11-06_2021-12-05|2022-01-05_2022-02-03|2022-03-06_2022-04-04|2022-05-05_2022-06-03|2022-10-02_2022-10-31|2022-11-01_2022-11-30|2022-12-01_2022-12-30|2023-04-30_2023-05-29|2023-05-30_2023-06-28|2023-06-29_2023-07-28|2023-07-29_2023-08-27|2023-09-27_2023-10-26|2023-11-26_2023-12-25|2023-12-26_2024-01-24|2024-01-25_2024-02-23|2024-03-25_2024-04-23|2024-04-24_2024-05-23|2024-06-23_2024-07-22|2024-07-23_2024-08-21|2024-08-22_2024-09-20|2024-09-21_2024-10-20|2024-10-21_2024-11-19|2024-11-20_2024-12-19|2024-12-20_2025-01-18|2025-01-19_2025-02-17|2025-05-19_2025-06-17|2025-06-18_2025-07-17|2026-02-13_2026-03-14|2021-01-10_2021-02-08|2022-06-04_2022-07-03|2019-04-21_2019-05-20|2019-12-17_2020-01-15
0.2,2,Core CPI m/m|PPI m/m,Neutral|Good,13,4,9,30.8,69.2,0.44,2018-08-24_2018-09-22|2019-09-18_2019-10-17|2020-04-15_2020-05-14|2022-08-03_2022-09-01|2022-12-31_2023-01-29|2023-03-01_2023-03-30|2023-03-31_2023-04-29|2023-10-27_2023-11-25|2024-05-24_2024-06-22|2025-02-18_2025-03-19|2025-03-20_2025-04-18|2025-04-19_2025-05-18|2025-08-17_2025-09-15
0.2,2,Core CPI m/m|PPI m/m,Neutral|Bad,14,8,6,57.1,42.9,1.33,2018-10-23_2018-11-21|2019-03-22_2019-04-20|2020-05-15_2020-06-13|2021-02-09_2021-03-10|2021-06-09_2021-07-08|2021-08-08_2021-09-06|2021-12-06_2022-01-04|2022-02-04_2022-03-05|2022-04-05_2022-05-04|2022-07-04_2022-08-02|2023-01-30_2023-02-28|2023-08-28_2023-09-26|2024-02-24_2024-03-24|2025-07-18_2025-08-16
0.2,2,Core CPI m/m|PPI m/m,Bad|Bad,3,1,2,33.3,66.7,0.5,2020-07-14_2020-08-12|2021-07-09_2021-08-07|2021-05-10_2021-06-08
0.2,2,Core CPI m/m|PPI m/m,Bad|Neutral,1,1,0,100.0,0.0,inf,2022-09-02_2022-10-01
0.3,2,Core CPI m/m|PPI m/m,Neutral|Neutral,65,37,28,56.9,43.1,1.32,2018-01-26_2018-02-24|2018-02-25_2018-03-26|2018-03-27_2018-04-25|2018-04-26_2018-05-25|2018-05-26_2018-06-24|2018-06-25_2018-07-24|2018-07-25_2018-08-23|2018-09-23_2018-10-22|2018-11-22_2018-12-21|2018-12-22_2019-01-20|2019-01-21_2019-02-19|2019-02-20_2019-03-21|2019-03-22_2019-04-20|2019-05-21_2019-06-19|2019-06-20_2019-07-19|2019-07-20_2019-08-18|2019-08-19_2019-09-17|2019-10-18_2019-11-16|2019-11-17_2019-12-16|2020-02-15_2020-03-15|2020-03-16_2020-04-14|2020-07-14_2020-08-12|2020-08-13_2020-09-11|2020-10-12_2020-11-10|2020-11-11_2020-12-10|2021-09-07_2021-10-06|2021-10-07_2021-11-05|2021-11-06_2021-12-05|2022-01-05_2022-02-03|2022-03-06_2022-04-04|2022-04-05_2022-05-04|2022-05-05_2022-06-03|2022-09-02_2022-10-01|2022-10-02_2022-10-31|2022-11-01_2022-11-30|2022-12-01_2022-12-30|2023-01-30_2023-02-28|2023-04-30_2023-05-29|2023-05-30_2023-06-28|2023-06-29_2023-07-28|2023-07-29_2023-08-27|2023-08-28_2023-09-26|2023-09-27_2023-10-26|2023-11-26_2023-12-25|2023-12-26_2024-01-24|2024-01-25_2024-02-23|2024-02-24_2024-03-24|2024-03-25_2024-04-23|2024-04-24_2024-05-23|2024-06-23_2024-07-22|2024-07-23_2024-08-21|2024-08-22_2024-09-20|2024-09-21_2024-10-20|2024-10-21_2024-11-19|2024-11-20_2024-12-19|2024-12-20_2025-01-18|2025-01-19_2025-02-17|2025-02-18_2025-03-19|2025-05-19_2025-06-17|2025-06-18_2025-07-17|2026-02-13_2026-03-14|2021-01-10_2021-02-08|2022-06-04_2022-07-03|2019-04-21_2019-05-20|2019-12-17_2020-01-15
0.3,2,Core CPI m/m|PPI m/m,Neutral|Good,12,3,9,25.0,75.0,0.33,2018-08-24_2018-09-22|2019-09-18_2019-10-17|2020-04-15_2020-05-14|2022-08-03_2022-09-01|2022-12-31_2023-01-29|2023-03-01_2023-03-30|2023-03-31_2023-04-29|2023-10-27_2023-11-25|2024-05-24_2024-06-22|2025-03-20_2025-04-18|2025-04-19_2025-05-18|2025-08-17_2025-09-15
0.3,2,Core CPI m/m|PPI m/m,Neutral|Bad,9,5,4,55.6,44.4,1.25,2018-10-23_2018-11-21|2020-05-15_2020-06-13|2021-02-09_2021-03-10|2021-06-09_2021-07-08|2021-08-08_2021-09-06|2021-12-06_2022-01-04|2022-02-04_2022-03-05|2022-07-04_2022-08-02|2025-07-18_2025-08-16
0.3,2,Core CPI m/m|PPI m/m,Bad|Bad,1,0,1,0.0,100.0,0.0,2021-07-09_2021-08-07
0.3,2,Core CPI m/m|PPI m/m,Bad|Neutral,1,1,0,100.0,0.0,inf,2021-05-10_2021-06-08
0.0,2,Core CPI m/m|Core PPI m/m,Bad|Bad,14,7,7,50.0,50.0,1.0,2018-01-26_2018-02-24|2018-05-26_2018-06-24|2019-06-20_2019-07-19|2019-08-19_2019-09-17|2020-07-14_2020-08-12|2020-08-13_2020-09-11|2021-06-09_2021-07-08|2021-07-09_2021-08-07|2022-02-04_2022-03-05|2022-09-02_2022-10-01|2024-01-25_2024-02-23|2024-02-24_2024-03-24|2024-08-22_2024-09-20|2021-05-10_2021-06-08
0.0,2,Core CPI m/m|Core PPI m/m,Neutral|Neutral,6,5,1,83.3,16.7,5.0,2018-02-25_2018-03-26|2022-12-31_2023-01-29|2023-05-30_2023-06-28|2024-10-21_2024-11-19|2024-11-20_2024-12-19|2021-01-10_2021-02-08
0.0,2,Core CPI m/m|Core PPI m/m,Neutral|Bad,14,6,8,42.9,57.1,0.75,2018-03-27_2018-04-25|2018-06-25_2018-07-24|2018-10-23_2018-11-21|2018-11-22_2018-12-21|2019-01-21_2019-02-19|2019-10-18_2019-11-16|2020-10-12_2020-11-10|2021-12-06_2022-01-04|2023-01-30_2023-02-28|2023-07-29_2023-08-27|2023-09-27_2023-10-26|2024-04-24_2024-05-23|2025-07-18_2025-08-16|2026-02-13_2026-03-14
0.0,2,Core CPI m/m|Core PPI m/m,Good|Neutral,4,1,3,25.0,75.0,0.33,2018-04-26_2018-05-25|2018-09-23_2018-10-22|2019-05-21_2019-06-19|2020-05-15_2020-06-13
0.0,2,Core CPI m/m|Core PPI m/m,Neutral|Good,11,7,4,63.6,36.4,1.75,2018-07-25_2018-08-23|2018-12-22_2019-01-20|2019-11-17_2019-12-16|2020-02-15_2020-03-15|2021-10-07_2021-11-05|2022-03-06_2022-04-04|2023-03-31_2023-04-29|2023-11-26_2023-12-25|2023-12-26_2024-01-24|2024-07-23_2024-08-21|2025-08-17_2025-09-15
0.0,2,Core CPI m/m|Core PPI m/m,Good|Good,18,8,10,44.4,55.6,0.8,2018-08-24_2018-09-22|2019-02-20_2019-03-21|2019-09-18_2019-10-17|2020-04-15_2020-05-14|2020-11-11_2020-12-10|2022-08-03_2022-09-01|2022-11-01_2022-11-30|2023-06-29_2023-07-28|2023-10-27_2023-11-25|2024-05-24_2024-06-22|2024-12-20_2025-01-18|2025-02-18_2025-03-19|2025-03-20_2025-04-18|2025-04-19_2025-05-18|2025-05-19_2025-06-17|2025-06-18_2025-07-17|2019-04-21_2019-05-20|2019-12-17_2020-01-15
0.0,2,Core CPI m/m|Core PPI m/m,Good|Bad,8,6,2,75.0,25.0,3.0,2019-03-22_2019-04-20|2020-03-16_2020-04-14|2021-02-09_2021-03-10|2021-08-08_2021-09-06|2021-09-07_2021-10-06|2022-04-05_2022-05-04|2022-12-01_2022-12-30|2024-06-23_2024-07-22
0.0,2,Core CPI m/m|Core PPI m/m,Bad|Good,6,2,4,33.3,66.7,0.5,2019-07-20_2019-08-18|2021-11-06_2021-12-05|2022-05-05_2022-06-03|2022-07-04_2022-08-02|2023-03-01_2023-03-30|2022-06-04_2022-07-03
0.0,2,Core CPI m/m|Core PPI m/m,Bad|Neutral,7,4,3,57.1,42.9,1.33,2022-01-05_2022-02-03|2022-10-02_2022-10-31|2023-04-30_2023-05-29|2023-08-28_2023-09-26|2024-03-25_2024-04-23|2024-09-21_2024-10-20|2025-01-19_2025-02-17
0.1,2,Core CPI m/m|Core PPI m/m,Neutral|Bad,12,7,5,58.3,41.7,1.4,2018-01-26_2018-02-24|2018-10-23_2018-11-21|2018-11-22_2018-12-21|2020-10-12_2020-11-10|2021-12-06_2022-01-04|2022-02-04_2022-03-05|2022-12-01_2022-12-30|2023-01-30_2023-02-28|2024-04-24_2024-05-23|2024-06-23_2024-07-22|2025-07-18_2025-08-16|2026-02-13_2026-03-14
0.1,2,Core CPI m/m|Core PPI m/m,Neutral|Neutral,32,18,14,56.2,43.8,1.29,2018-02-25_2018-03-26|2018-03-27_2018-04-25|2018-04-26_2018-05-25|2018-05-26_2018-06-24|2018-06-25_2018-07-24|2018-07-25_2018-08-23|2018-09-23_2018-10-22|2019-01-21_2019-02-19|2019-02-20_2019-03-21|2019-03-22_2019-04-20|2019-05-21_2019-06-19|2019-06-20_2019-07-19|2019-08-19_2019-09-17|2019-10-18_2019-11-16|2020-02-15_2020-03-15|2020-05-15_2020-06-13|2020-11-11_2020-12-10|2022-01-05_2022-02-03|2022-12-31_2023-01-29|2023-05-30_2023-06-28|2023-06-29_2023-07-28|2023-07-29_2023-08-27|2023-08-28_2023-09-26|2023-09-27_2023-10-26|2024-08-22_2024-09-20|2024-09-21_2024-10-20|2024-10-21_2024-11-19|2024-11-20_2024-12-19|2021-01-10_2021-02-08|2022-06-04_2022-07-03|2019-04-21_2019-05-20|2019-12-17_2020-01-15
0.1,2,Core CPI m/m|Core PPI m/m,Neutral|Good,19,10,9,52.6,47.4,1.11,2018-08-24_2018-09-22|2018-12-22_2019-01-20|2019-07-20_2019-08-18|2019-09-18_2019-10-17|2019-11-17_2019-12-16|2021-10-07_2021-11-05|2022-03-06_2022-04-04|2023-03-01_2023-03-30|2023-03-31_2023-04-29|2023-10-27_2023-11-25|2023-11-26_2023-12-25|2023-12-26_2024-01-24|2024-05-24_2024-06-22|2024-07-23_2024-08-21|2024-12-20_2025-01-18|2025-02-18_2025-03-19|2025-04-19_2025-05-18|2025-06-18_2025-07-17|2025-08-17_2025-09-15
0.1,2,Core CPI m/m|Core PPI m/m,Good|Bad,4,4,0,100.0,0.0,inf,2020-03-16_2020-04-14|2021-02-09_2021-03-10|2021-08-08_2021-09-06|2022-04-05_2022-05-04
0.1,2,Core CPI m/m|Core PPI m/m,Good|Good,5,1,4,20.0,80.0,0.25,2020-04-15_2020-05-14|2022-08-03_2022-09-01|2022-11-01_2022-11-30|2025-03-20_2025-04-18|2025-05-19_2025-06-17
0.1,2,Core CPI m/m|Core PPI m/m,Bad|Bad,7,3,4,42.9,57.1,0.75,2020-07-14_2020-08-12|2020-08-13_2020-09-11|2021-06-09_2021-07-08|2021-07-09_2021-08-07|2022-09-02_2022-10-01|2024-01-25_2024-02-23|2021-05-10_2021-06-08
0.1,2,Core CPI m/m|Core PPI m/m,Good|Neutral,1,1,0,100.0,0.0,inf,2021-09-07_2021-10-06
0.1,2,Core CPI m/m|Core PPI m/m,Bad|Neutral,7,1,6,14.3,85.7,0.17,2021-11-06_2021-12-05|2022-07-04_2022-08-02|2022-10-02_2022-10-31|2023-04-30_2023-05-29|2024-02-24_2024-03-24|2024-03-25_2024-04-23|2025-01-19_2025-02-17
0.1,2,Core CPI m/m|Core PPI m/m,Bad|Good,1,1,0,100.0,0.0,inf,2022-05-05_2022-06-03
0.2,2,Core CPI m/m|Core PPI m/m,Neutral|Neutral,58,30,28,51.7,48.3,1.07,2018-01-26_2018-02-24|2018-02-25_2018-03-26|2018-03-27_2018-04-25|2018-04-26_2018-05-25|2018-05-26_2018-06-24|2018-06-25_2018-07-24|2018-07-25_2018-08-23|2018-09-23_2018-10-22|2018-11-22_2018-12-21|2019-01-21_2019-02-19|2019-02-20_2019-03-21|2019-03-22_2019-04-20|2019-05-21_2019-06-19|2019-06-20_2019-07-19|2019-08-19_2019-09-17|2019-10-18_2019-11-16|2020-02-15_2020-03-15|2020-03-16_2020-04-14|2020-04-15_2020-05-14|2020-05-15_2020-06-13|2020-08-13_2020-09-11|2020-10-12_2020-11-10|2020-11-11_2020-12-10|2021-06-09_2021-07-08|2021-09-07_2021-10-06|2021-11-06_2021-12-05|2022-01-05_2022-02-03|2022-05-05_2022-06-03|2022-07-04_2022-08-02|2022-08-03_2022-09-01|2022-10-02_2022-10-31|2022-12-01_2022-12-30|2022-12-31_2023-01-29|2023-01-30_2023-02-28|2023-04-30_2023-05-29|2023-05-30_2023-06-28|2023-06-29_2023-07-28|2023-07-29_2023-08-27|2023-08-28_2023-09-26|2023-09-27_2023-10-26|2023-11-26_2023-12-25|2023-12-26_2024-01-24|2024-02-24_2024-03-24|2024-03-25_2024-04-23|2024-06-23_2024-07-22|2024-07-23_2024-08-21|2024-08-22_2024-09-20|2024-09-21_2024-10-20|2024-10-21_2024-11-19|2024-11-20_2024-12-19|2024-12-20_2025-01-18|2025-01-19_2025-02-17|2025-05-19_2025-06-17|2025-06-18_2025-07-17|2021-01-10_2021-02-08|2022-06-04_2022-07-03|2019-04-21_2019-05-20|2019-12-17_2020-01-15
0.2,2,Core CPI m/m|Core PPI m/m,Neutral|Good,16,8,8,50.0,50.0,1.0,2018-08-24_2018-09-22|2018-12-22_2019-01-20|2019-07-20_2019-08-18|2019-09-18_2019-10-17|2019-11-17_2019-12-16|2021-10-07_2021-11-05|2022-03-06_2022-04-04|2022-11-01_2022-11-30|2023-03-01_2023-03-30|2023-03-31_2023-04-29|2023-10-27_2023-11-25|2024-05-24_2024-06-22|2025-02-18_2025-03-19|2025-03-20_2025-04-18|2025-04-19_2025-05-18|2025-08-17_2025-09-15
0.2,2,Core CPI m/m|Core PPI m/m,Neutral|Bad,10,6,4,60.0,40.0,1.5,2018-10-23_2018-11-21|2021-02-09_2021-03-10|2021-08-08_2021-09-06|2021-12-06_2022-01-04|2022-02-04_2022-03-05|2022-04-05_2022-05-04|2024-01-25_2024-02-23|2024-04-24_2024-05-23|2025-07-18_2025-08-16|2026-02-13_2026-03-14
0.2,2,Core CPI m/m|Core PPI m/m,Bad|Bad,3,1,2,33.3,66.7,0.5,2020-07-14_2020-08-12|2021-07-09_2021-08-07|2021-05-10_2021-06-08
0.2,2,Core CPI m/m|Core PPI m/m,Bad|Neutral,1,1,0,100.0,0.0,inf,2022-09-02_2022-10-01
0.3,2,Core CPI m/m|Core PPI m/m,Neutral|Neutral,66,35,31,53.0,47.0,1.13,2018-01-26_2018-02-24|2018-02-25_2018-03-26|2018-03-27_2018-04-25|2018-04-26_2018-05-25|2018-05-26_2018-06-24|2018-06-25_2018-07-24|2018-07-25_2018-08-23|2018-09-23_2018-10-22|2018-10-23_2018-11-21|2018-11-22_2018-12-21|2019-01-21_2019-02-19|2019-02-20_2019-03-21|2019-03-22_2019-04-20|2019-05-21_2019-06-19|2019-06-20_2019-07-19|2019-08-19_2019-09-17|2019-10-18_2019-11-16|2020-02-15_2020-03-15|2020-03-16_2020-04-14|2020-04-15_2020-05-14|2020-05-15_2020-06-13|2020-08-13_2020-09-11|2020-10-12_2020-11-10|2020-11-11_2020-12-10|2021-06-09_2021-07-08|2021-09-07_2021-10-06|2021-10-07_2021-11-05|2021-11-06_2021-12-05|2021-12-06_2022-01-04|2022-01-05_2022-02-03|2022-05-05_2022-06-03|2022-07-04_2022-08-02|2022-08-03_2022-09-01|2022-09-02_2022-10-01|2022-10-02_2022-10-31|2022-11-01_2022-11-30|2022-12-01_2022-12-30|2022-12-31_2023-01-29|2023-01-30_2023-02-28|2023-04-30_2023-05-29|2023-05-30_2023-06-28|2023-06-29_2023-07-28|2023-07-29_2023-08-27|2023-08-28_2023-09-26|2023-09-27_2023-10-26|2023-10-27_2023-11-25|2023-11-26_2023-12-25|2023-12-26_2024-01-24|2024-02-24_2024-03-24|2024-03-25_2024-04-23|2024-04-24_2024-05-23|2024-05-24_2024-06-22|2024-06-23_2024-07-22|2024-07-23_2024-08-21|2024-08-22_2024-09-20|2024-09-21_2024-10-20|2024-10-21_2024-11-19|2024-11-20_2024-12-19|2024-12-20_2025-01-18|2025-01-19_2025-02-17|2025-05-19_2025-06-17|2025-06-18_2025-07-17|2021-01-10_2021-02-08|2022-06-04_2022-07-03|2019-04-21_2019-05-20|2019-12-17_2020-01-15
0.3,2,Core CPI m/m|Core PPI m/m,Neutral|Good,12,6,6,50.0,50.0,1.0,2018-08-24_2018-09-22|2018-12-22_2019-01-20|2019-07-20_2019-08-18|2019-09-18_2019-10-17|2019-11-17_2019-12-16|2022-03-06_2022-04-04|2023-03-01_2023-03-30|2023-03-31_2023-04-29|2025-02-18_2025-03-19|2025-03-20_2025-04-18|2025-04-19_2025-05-18|2025-08-17_2025-09-15
0.3,2,Core CPI m/m|Core PPI m/m,Neutral|Bad,8,4,4,50.0,50.0,1.0,2020-07-14_2020-08-12|2021-02-09_2021-03-10|2021-08-08_2021-09-06|2022-02-04_2022-03-05|2022-04-05_2022-05-04|2024-01-25_2024-02-23|2025-07-18_2025-08-16|2026-02-13_2026-03-14
0.3,2,Core CPI m/m|Core PPI m/m,Bad|Bad,1,0,1,0.0,100.0,0.0,2021-07-09_2021-08-07
0.3,2,Core CPI m/m|Core PPI m/m,Bad|Neutral,1,1,0,100.0,0.0,inf,2021-05-10_2021-06-08
0.0,2,Core CPI m/m|FOMC,Bad|Neutral,4,1,3,25.0,75.0,0.33,2023-03-01_2023-03-30|2023-04-30_2023-05-29|2023-08-28_2023-09-26|2025-01-19_2025-02-17
0.0,2,Core CPI m/m|FOMC,Neutral|Neutral,5,4,1,80.0,20.0,4.0,2023-05-30_2023-06-28|2023-11-26_2023-12-25|2024-07-23_2024-08-21|2024-10-21_2024-11-19|2024-11-20_2024-12-19
0.0,2,Core CPI m/m|FOMC,Good|Neutral,3,2,1,66.7,33.3,2.0,2023-06-29_2023-07-28|2023-10-27_2023-11-25|2024-05-24_2024-06-22
0.0,2,Core CPI m/m|FOMC,Bad|Good,1,1,0,100.0,0.0,inf,2024-08-22_2024-09-20
0.1,2,Core CPI m/m|FOMC,Neutral|Neutral,10,7,3,70.0,30.0,2.33,2023-03-01_2023-03-30|2023-05-30_2023-06-28|2023-06-29_2023-07-28|2023-08-28_2023-09-26|2023-10-27_2023-11-25|2023-11-26_2023-12-25|2024-05-24_2024-06-22|2024-07-23_2024-08-21|2024-10-21_2024-11-19|2024-11-20_2024-12-19
0.1,2,Core CPI m/m|FOMC,Bad|Neutral,2,0,2,0.0,100.0,0.0,2023-04-30_2023-05-29|2025-01-19_2025-02-17
0.1,2,Core CPI m/m|FOMC,Neutral|Good,1,1,0,100.0,0.0,inf,2024-08-22_2024-09-20
0.2,2,Core CPI m/m|FOMC,Neutral|Neutral,12,7,5,58.3,41.7,1.4,2023-03-01_2023-03-30|2023-04-30_2023-05-29|2023-05-30_2023-06-28|2023-06-29_2023-07-28|2023-08-28_2023-09-26|2023-10-27_2023-11-25|2023-11-26_2023-12-25|2024-05-24_2024-06-22|2024-07-23_2024-08-21|2024-10-21_2024-11-19|2024-11-20_2024-12-19|2025-01-19_2025-02-17
0.2,2,Core CPI m/m|FOMC,Neutral|Good,1,1,0,100.0,0.0,inf,2024-08-22_2024-09-20
0.3,2,Core CPI m/m|FOMC,Neutral|Neutral,13,8,5,61.5,38.5,1.6,2023-03-01_2023-03-30|2023-04-30_2023-05-29|2023-05-30_2023-06-28|2023-06-29_2023-07-28|2023-08-28_2023-09-26|2023-10-27_2023-11-25|2023-11-26_2023-12-25|2024-05-24_2024-06-22|2024-07-23_2024-08-21|2024-08-22_2024-09-20|2024-10-21_2024-11-19|2024-11-20_2024-12-19|2025-01-19_2025-02-17
0.0,2,Core CPI m/m|CPI y/y,Bad|Bad,21,9,12,42.9,57.1,0.75,2018-01-26_2018-02-24|2019-07-20_2019-08-18|2020-07-14_2020-08-12|2020-08-13_2020-09-11|2021-04-10_2021-05-09|2021-06-09_2021-07-08|2021-07-09_2021-08-07|2021-11-06_2021-12-05|2022-02-04_2022-03-05|2022-05-05_2022-06-03|2022-07-04_2022-08-02|2022-09-02_2022-10-01|2022-10-02_2022-10-31|2023-08-28_2023-09-26|2024-01-25_2024-02-23|2024-02-24_2024-03-24|2024-03-25_2024-04-23|2024-09-21_2024-10-20|2025-01-19_2025-02-17|2021-05-10_2021-06-08|2022-06-04_2022-07-03
0.0,2,Core CPI m/m|CPI y/y,Neutral|Neutral,17,10,7,58.8,41.2,1.43,2018-02-25_2018-03-26|2018-03-27_2018-04-25|2018-06-25_2018-07-24|2018-07-25_2018-08-23|2018-10-23_2018-11-21|2018-11-22_2018-12-21|2018-12-22_2019-01-20|2020-10-12_2020-11-10|2021-12-06_2022-01-04|2022-03-06_2022-04-04|2022-12-31_2023-01-29|2023-11-26_2023-12-25|2024-04-24_2024-05-23|2024-10-21_2024-11-19|2024-11-20_2024-12-19|2025-08-17_2025-09-15|2021-01-10_2021-02-08
0.0,2,Core CPI m/m|CPI y/y,Good|Neutral,5,3,2,60.0,40.0,1.5,2018-04-26_2018-05-25|2021-02-09_2021-03-10|2021-09-07_2021-10-06|2024-12-20_2025-01-18|2019-12-17_2020-01-15
0.0,2,Core CPI m/m|CPI y/y,Bad|Neutral,5,4,1,80.0,20.0,4.0,2018-05-26_2018-06-24|2019-06-20_2019-07-19|2022-01-05_2022-02-03|2023-03-01_2023-03-30|2024-08-22_2024-09-20
0.0,2,Core CPI m/m|CPI y/y,Good|Good,23,10,13,43.5,56.5,0.77,2018-08-24_2018-09-22|2018-09-23_2018-10-22|2019-02-20_2019-03-21|2019-05-21_2019-06-19|2019-09-18_2019-10-17|2020-03-16_2020-04-14|2020-04-15_2020-05-14|2020-05-15_2020-06-13|2020-11-11_2020-12-10|2022-08-03_2022-09-01|2022-11-01_2022-11-30|2022-12-01_2022-12-30|2023-06-29_2023-07-28|2023-10-27_2023-11-25|2024-05-24_2024-06-22|2024-06-23_2024-07-22|2025-02-18_2025-03-19|2025-03-20_2025-04-18|2025-04-19_2025-05-18|2025-05-19_2025-06-17|2025-10-16_2025-11-14|2025-12-15_2026-01-13|2019-04-21_2019-05-20
0.0,2,Core CPI m/m|CPI y/y,Neutral|Bad,9,6,3,66.7,33.3,2.0,2019-01-21_2019-02-19|2019-10-18_2019-11-16|2019-11-17_2019-12-16|2020-02-15_2020-03-15|2021-10-07_2021-11-05|2023-01-30_2023-02-28|2023-09-27_2023-10-26|2023-12-26_2024-01-24|2020-01-16_2020-02-14
0.0,2,Core CPI m/m|CPI y/y,Good|Bad,4,3,1,75.0,25.0,3.0,2019-03-22_2019-04-20|2021-08-08_2021-09-06|2022-04-05_2022-05-04|2025-06-18_2025-07-17
0.0,2,Core CPI m/m|CPI y/y,Bad|Good,2,0,2,0.0,100.0,0.0,2019-08-19_2019-09-17|2023-04-30_2023-05-29
0.0,2,Core CPI m/m|CPI y/y,Neutral|Good,6,3,3,50.0,50.0,1.0,2023-03-31_2023-04-29|2023-05-30_2023-06-28|2023-07-29_2023-08-27|2024-07-23_2024-08-21|2025-07-18_2025-08-16|2026-02-13_2026-03-14
0.1,2,Core CPI m/m|CPI y/y,Neutral|Bad,16,10,6,62.5,37.5,1.67,2018-01-26_2018-02-24|2019-01-21_2019-02-19|2019-07-20_2019-08-18|2019-10-18_2019-11-16|2019-11-17_2019-12-16|2021-04-10_2021-05-09|2021-10-07_2021-11-05|2022-02-04_2022-03-05|2023-01-30_2023-02-28|2023-08-28_2023-09-26|2023-09-27_2023-10-26|2023-12-26_2024-01-24|2024-09-21_2024-10-20|2025-06-18_2025-07-17|2022-06-04_2022-07-03|2020-01-16_2020-02-14
0.1,2,Core CPI m/m|CPI y/y,Neutral|Neutral,35,21,14,60.0,40.0,1.5,2018-02-25_2018-03-26|2018-03-27_2018-04-25|2018-04-26_2018-05-25|2018-05-26_2018-06-24|2018-06-25_2018-07-24|2018-07-25_2018-08-23|2018-08-24_2018-09-22|2018-10-23_2018-11-21|2018-11-22_2018-12-21|2018-12-22_2019-01-20|2019-03-22_2019-04-20|2019-05-21_2019-06-19|2019-06-20_2019-07-19|2020-02-15_2020-03-15|2020-10-12_2020-11-10|2020-11-11_2020-12-10|2021-12-06_2022-01-04|2022-01-05_2022-02-03|2022-03-06_2022-04-04|2022-12-31_2023-01-29|2023-03-01_2023-03-30|2023-03-31_2023-04-29|2023-05-30_2023-06-28|2023-07-29_2023-08-27|2023-10-27_2023-11-25|2023-11-26_2023-12-25|2024-04-24_2024-05-23|2024-08-22_2024-09-20|2024-10-21_2024-11-19|2024-11-20_2024-12-19|2024-12-20_2025-01-18|2025-07-18_2025-08-16|2025-08-17_2025-09-15|2021-01-10_2021-02-08|2019-12-17_2020-01-15
0.1,2,Core CPI m/m|CPI y/y,Neutral|Good,16,6,10,37.5,62.5,0.6,2018-09-23_2018-10-22|2019-02-20_2019-03-21|2019-08-19_2019-09-17|2019-09-18_2019-10-17|2020-05-15_2020-06-13|2022-12-01_2022-12-30|2023-06-29_2023-07-28|2024-05-24_2024-06-22|2024-06-23_2024-07-22|2024-07-23_2024-08-21|2025-02-18_2025-03-19|2025-04-19_2025-05-18|2025-10-16_2025-11-14|2025-12-15_2026-01-13|2026-02-13_2026-03-14|2019-04-21_2019-05-20
0.1,2,Core CPI m/m|CPI y/y,Good|Good,6,2,4,33.3,66.7,0.5,2020-03-16_2020-04-14|2020-04-15_2020-05-14|2022-08-03_2022-09-01|2022-11-01_2022-11-30|2025-03-20_2025-04-18|2025-05-19_2025-06-17
0.1,2,Core CPI m/m|CPI y/y,Bad|Bad,13,5,8,38.5,61.5,0.63,2020-07-14_2020-08-12|2020-08-13_2020-09-11|2021-06-09_2021-07-08|2021-07-09_2021-08-07|2021-11-06_2021-12-05|2022-05-05_2022-06-03|2022-07-04_2022-08-02|2022-09-02_2022-10-01|2024-01-25_2024-02-23|2024-02-24_2024-03-24|2024-03-25_2024-04-23|2025-01-19_2025-02-17|2021-05-10_2021-06-08
0.1,2,Core CPI m/m|CPI y/y,Good|Neutral,3,3,0,100.0,0.0,inf,2021-02-09_2021-03-10|2021-09-07_2021-10-06|2022-04-05_2022-05-04
0.1,2,Core CPI m/m|CPI y/y,Good|Bad,1,1,0,100.0,0.0,inf,2021-08-08_2021-09-06
0.1,2,Core CPI m/m|CPI y/y,Bad|Neutral,2,0,2,0.0,100.0,0.0,2022-10-02_2022-10-31|2023-04-30_2023-05-29
0.2,2,Core CPI m/m|CPI y/y,Neutral|Bad,9,5,4,55.6,44.4,1.25,2018-01-26_2018-02-24|2021-06-09_2021-07-08|2021-11-06_2021-12-05|2022-02-04_2022-03-05|2022-05-05_2022-06-03|2022-07-04_2022-08-02|2023-01-30_2023-02-28|2024-01-25_2024-02-23|2022-06-04_2022-07-03
0.2,2,Core CPI m/m|CPI y/y,Neutral|Neutral,77,40,37,51.9,48.1,1.08,2018-02-25_2018-03-26|2018-03-27_2018-04-25|2018-04-26_2018-05-25|2018-05-26_2018-06-24|2018-06-25_2018-07-24|2018-07-25_2018-08-23|2018-08-24_2018-09-22|2018-09-23_2018-10-22|2018-10-23_2018-11-21|2018-11-22_2018-12-21|2018-12-22_2019-01-20|2019-01-21_2019-02-19|2019-02-20_2019-03-21|2019-03-22_2019-04-20|2019-05-21_2019-06-19|2019-06-20_2019-07-19|2019-07-20_2019-08-18|2019-08-19_2019-09-17|2019-09-18_2019-10-17|2019-10-18_2019-11-16|2019-11-17_2019-12-16|2020-02-15_2020-03-15|2020-03-16_2020-04-14|2020-04-15_2020-05-14|2020-05-15_2020-06-13|2020-08-13_2020-09-11|2020-10-12_2020-11-10|2020-11-11_2020-12-10|2021-02-09_2021-03-10|2021-04-10_2021-05-09|2021-08-08_2021-09-06|2021-09-07_2021-10-06|2021-10-07_2021-11-05|2021-12-06_2022-01-04|2022-01-05_2022-02-03|2022-03-06_2022-04-04|2022-04-05_2022-05-04|2022-08-03_2022-09-01|2022-10-02_2022-10-31|2022-12-31_2023-01-29|2023-03-01_2023-03-30|2023-03-31_2023-04-29|2023-04-30_2023-05-29|2023-05-30_2023-06-28|2023-06-29_2023-07-28|2023-07-29_2023-08-27|2023-08-28_2023-09-26|2023-09-27_2023-10-26|2023-10-27_2023-11-25|2023-11-26_2023-12-25|2023-12-26_2024-01-24|2024-02-24_2024-03-24|2024-03-25_2024-04-23|2024-04-24_2024-05-23|2024-05-24_2024-06-22|2024-06-23_2024-07-22|2024-07-23_2024-08-21|2024-08-22_2024-09-20|2024-09-21_2024-10-20|2024-10-21_2024-11-19|2024-11-20_2024-12-19|2024-12-20_2025-01-18|2025-01-19_2025-02-17|2025-02-18_2025-03-19|2025-03-20_2025-04-18|2025-04-19_2025-05-18|2025-05-19_2025-06-17|2025-06-18_2025-07-17|2025-07-18_2025-08-16|2025-08-17_2025-09-15|2025-10-16_2025-11-14|2025-12-15_2026-01-13|2026-02-13_2026-03-14|2021-01-10_2021-02-08|2019-04-21_2019-05-20|2019-12-17_2020-01-15|2020-01-16_2020-02-14
0.2,2,Core CPI m/m|CPI y/y,Bad|Neutral,1,0,1,0.0,100.0,0.0,2020-07-14_2020-08-12
0.2,2,Core CPI m/m|CPI y/y,Bad|Bad,3,2,1,66.7,33.3,2.0,2021-07-09_2021-08-07|2022-09-02_2022-10-01|2021-05-10_2021-06-08
0.2,2,Core CPI m/m|CPI y/y,Neutral|Good,2,1,1,50.0,50.0,1.0,2022-11-01_2022-11-30|2022-12-01_2022-12-30
0.3,2,Core CPI m/m|CPI y/y,Neutral|Neutral,89,47,42,52.8,47.2,1.12,2018-01-26_2018-02-24|2018-02-25_2018-03-26|2018-03-27_2018-04-25|2018-04-26_2018-05-25|2018-05-26_2018-06-24|2018-06-25_2018-07-24|2018-07-25_2018-08-23|2018-08-24_2018-09-22|2018-09-23_2018-10-22|2018-10-23_2018-11-21|2018-11-22_2018-12-21|2018-12-22_2019-01-20|2019-01-21_2019-02-19|2019-02-20_2019-03-21|2019-03-22_2019-04-20|2019-05-21_2019-06-19|2019-06-20_2019-07-19|2019-07-20_2019-08-18|2019-08-19_2019-09-17|2019-09-18_2019-10-17|2019-10-18_2019-11-16|2019-11-17_2019-12-16|2020-02-15_2020-03-15|2020-03-16_2020-04-14|2020-04-15_2020-05-14|2020-05-15_2020-06-13|2020-07-14_2020-08-12|2020-08-13_2020-09-11|2020-10-12_2020-11-10|2020-11-11_2020-12-10|2021-02-09_2021-03-10|2021-04-10_2021-05-09|2021-06-09_2021-07-08|2021-08-08_2021-09-06|2021-09-07_2021-10-06|2021-10-07_2021-11-05|2021-11-06_2021-12-05|2021-12-06_2022-01-04|2022-01-05_2022-02-03|2022-02-04_2022-03-05|2022-03-06_2022-04-04|2022-04-05_2022-05-04|2022-05-05_2022-06-03|2022-08-03_2022-09-01|2022-09-02_2022-10-01|2022-10-02_2022-10-31|2022-11-01_2022-11-30|2022-12-01_2022-12-30|2022-12-31_2023-01-29|2023-01-30_2023-02-28|2023-03-01_2023-03-30|2023-03-31_2023-04-29|2023-04-30_2023-05-29|2023-05-30_2023-06-28|2023-06-29_2023-07-28|2023-07-29_2023-08-27|2023-08-28_2023-09-26|2023-09-27_2023-10-26|2023-10-27_2023-11-25|2023-11-26_2023-12-25|2023-12-26_2024-01-24|2024-01-25_2024-02-23|2024-02-24_2024-03-24|2024-03-25_2024-04-23|2024-04-24_2024-05-23|2024-05-24_2024-06-22|2024-06-23_2024-07-22|2024-07-23_2024-08-21|2024-08-22_2024-09-20|2024-09-21_2024-10-20|2024-10-21_2024-11-19|2024-11-20_2024-12-19|2024-12-20_2025-01-18|2025-01-19_2025-02-17|2025-02-18_2025-03-19|2025-03-20_2025-04-18|2025-04-19_2025-05-18|2025-05-19_2025-06-17|2025-06-18_2025-07-17|2025-07-18_2025-08-16|2025-08-17_2025-09-15|2025-10-16_2025-11-14|2025-12-15_2026-01-13|2026-02-13_2026-03-14|2021-01-10_2021-02-08|2022-06-04_2022-07-03|2019-04-21_2019-05-20|2019-12-17_2020-01-15|2020-01-16_2020-02-14
0.3,2,Core CPI m/m|CPI y/y,Bad|Bad,2,1,1,50.0,50.0,1.0,2021-07-09_2021-08-07|2021-05-10_2021-06-08
0.3,2,Core CPI m/m|CPI y/y,Neutral|Bad,1,0,1,0.0,100.0,0.0,2022-07-04_2022-08-02
0.0,2,PPI m/m|Core PPI m/m,Neutral|Bad,3,3,0,100.0,0.0,inf,2018-01-26_2018-02-24|2019-06-20_2019-07-19|2022-09-02_2022-10-01
0.0,2,PPI m/m|Core PPI m/m,Bad|Neutral,6,3,3,50.0,50.0,1.0,2018-02-25_2018-03-26|2020-05-15_2020-06-13|2022-10-02_2022-10-31|2023-08-28_2023-09-26|2024-11-20_2024-12-19|2025-01-19_2025-02-17
0.0,2,PPI m/m|Core PPI m/m,Bad|Bad,34,17,17,50.0,50.0,1.0,2018-03-27_2018-04-25|2018-05-26_2018-06-24|2018-06-25_2018-07-24|2018-10-23_2018-11-21|2018-11-22_2018-12-21|2019-03-22_2019-04-20|2019-08-19_2019-09-17|2019-10-18_2019-11-16|2020-03-16_2020-04-14|2020-07-14_2020-08-12|2020-08-13_2020-09-11|2020-10-12_2020-11-10|2021-02-09_2021-03-10|2021-03-11_2021-04-09|2021-06-09_2021-07-08|2021-07-09_2021-08-07|2021-08-08_2021-09-06|2021-09-07_2021-10-06|2021-12-06_2022-01-04|2022-02-04_2022-03-05|2022-04-05_2022-05-04|2022-12-01_2022-12-30|2023-01-30_2023-02-28|2023-07-29_2023-08-27|2023-09-27_2023-10-26|2024-01-25_2024-02-23|2024-02-24_2024-03-24|2024-04-24_2024-05-23|2024-06-23_2024-07-22|2024-08-22_2024-09-20|2025-07-18_2025-08-16|2026-01-14_2026-02-12|2026-02-13_2026-03-14|2021-05-10_2021-06-08
0.0,2,PPI m/m|Core PPI m/m,Good|Neutral,8,5,3,62.5,37.5,1.67,2018-04-26_2018-05-25|2022-01-05_2022-02-03|2022-12-31_2023-01-29|2023-04-30_2023-05-29|2023-05-30_2023-06-28|2024-03-25_2024-04-23|2024-09-21_2024-10-20|2021-01-10_2021-02-08
0.0,2,PPI m/m|Core PPI m/m,Good|Good,28,14,14,50.0,50.0,1.0,2018-07-25_2018-08-23|2018-08-24_2018-09-22|2018-12-22_2019-01-20|2019-02-20_2019-03-21|2019-09-18_2019-10-17|2019-11-17_2019-12-16|2020-02-15_2020-03-15|2020-04-15_2020-05-14|2020-06-14_2020-07-13|2021-10-07_2021-11-05|2022-03-06_2022-04-04|2022-08-03_2022-09-01|2022-11-01_2022-11-30|2023-03-01_2023-03-30|2023-03-31_2023-04-29|2023-06-29_2023-07-28|2023-10-27_2023-11-25|2023-12-26_2024-01-24|2024-05-24_2024-06-22|2024-07-23_2024-08-21|2024-12-20_2025-01-18|2025-02-18_2025-03-19|2025-03-20_2025-04-18|2025-04-19_2025-05-18|2025-05-19_2025-06-17|2025-06-18_2025-07-17|2025-08-17_2025-09-15|2019-12-17_2020-01-15
0.0,2,PPI m/m|Core PPI m/m,Neutral|Neutral,3,2,1,66.7,33.3,2.0,2018-09-23_2018-10-22|2019-05-21_2019-06-19|2024-10-21_2024-11-19
0.0,2,PPI m/m|Core PPI m/m,Good|Bad,1,0,1,0.0,100.0,0.0,2019-01-21_2019-02-19
0.0,2,PPI m/m|Core PPI m/m,Neutral|Good,8,3,5,37.5,62.5,0.6,2019-07-20_2019-08-18|2020-12-11_2021-01-09|2021-11-06_2021-12-05|2022-05-05_2022-06-03|2023-11-26_2023-12-25|2025-11-15_2025-12-14|2022-06-04_2022-07-03|2019-04-21_2019-05-20
0.0,2,PPI m/m|Core PPI m/m,Bad|Good,2,1,1,50.0,50.0,1.0,2020-11-11_2020-12-10|2022-07-04_2022-08-02
0.1,2,PPI m/m|Core PPI m/m,Neutral|Bad,7,4,3,57.1,42.9,1.33,2018-01-26_2018-02-24|2018-11-22_2018-12-21|2020-03-16_2020-04-14|2020-08-13_2020-09-11|2022-09-02_2022-10-01|2022-12-01_2022-12-30|2024-06-23_2024-07-22
0.1,2,PPI m/m|Core PPI m/m,Neutral|Neutral,24,13,11,54.2,45.8,1.18,2018-02-25_2018-03-26|2018-04-26_2018-05-25|2018-06-25_2018-07-24|2018-09-23_2018-10-22|2019-02-20_2019-03-21|2019-05-21_2019-06-19|2019-06-20_2019-07-19|2019-08-19_2019-09-17|2020-02-15_2020-03-15|2020-11-11_2020-12-10|2020-12-11_2021-01-09|2021-09-07_2021-10-06|2021-11-06_2021-12-05|2023-04-30_2023-05-29|2023-06-29_2023-07-28|2023-07-29_2023-08-27|2024-03-25_2024-04-23|2024-08-22_2024-09-20|2024-09-21_2024-10-20|2024-10-21_2024-11-19|2025-11-15_2025-12-14|2022-06-04_2022-07-03|2019-04-21_2019-05-20|2019-12-17_2020-01-15
0.1,2,PPI m/m|Core PPI m/m,Bad|Neutral,12,4,8,33.3,66.7,0.5,2018-03-27_2018-04-25|2018-05-26_2018-06-24|2019-03-22_2019-04-20|2019-10-18_2019-11-16|2020-05-15_2020-06-13|2022-07-04_2022-08-02|2022-10-02_2022-10-31|2023-08-28_2023-09-26|2023-09-27_2023-10-26|2024-02-24_2024-03-24|2024-11-20_2024-12-19|2025-01-19_2025-02-17
0.1,2,PPI m/m|Core PPI m/m,Good|Neutral,6,3,3,50.0,50.0,1.0,2018-07-25_2018-08-23|2019-01-21_2019-02-19|2022-01-05_2022-02-03|2022-12-31_2023-01-29|2023-05-30_2023-06-28|2021-01-10_2021-02-08
0.1,2,PPI m/m|Core PPI m/m,Good|Good,19,9,10,47.4,52.6,0.9,2018-08-24_2018-09-22|2019-09-18_2019-10-17|2019-11-17_2019-12-16|2020-04-15_2020-05-14|2020-06-14_2020-07-13|2022-03-06_2022-04-04|2022-08-03_2022-09-01|2022-11-01_2022-11-30|2023-03-01_2023-03-30|2023-03-31_2023-04-29|2023-10-27_2023-11-25|2023-12-26_2024-01-24|2024-05-24_2024-06-22|2024-12-20_2025-01-18|2025-02-18_2025-03-19|2025-03-20_2025-04-18|2025-04-19_2025-05-18|2025-06-18_2025-07-17|2025-08-17_2025-09-15
0.1,2,PPI m/m|Core PPI m/m,Bad|Bad,18,11,7,61.1,38.9,1.57,2018-10-23_2018-11-21|2020-07-14_2020-08-12|2020-10-12_2020-11-10|2021-02-09_2021-03-10|2021-03-11_2021-04-09|2021-06-09_2021-07-08|2021-07-09_2021-08-07|2021-08-08_2021-09-06|2021-12-06_2022-01-04|2022-02-04_2022-03-05|2022-04-05_2022-05-04|2023-01-30_2023-02-28|2024-01-25_2024-02-23|2024-04-24_2024-05-23|2025-07-18_2025-08-16|2026-01-14_2026-02-12|2026-02-13_2026-03-14|2021-05-10_2021-06-08
0.1,2,PPI m/m|Core PPI m/m,Neutral|Good,7,4,3,57.1,42.9,1.33,2018-12-22_2019-01-20|2019-07-20_2019-08-18|2021-10-07_2021-11-05|2022-05-05_2022-06-03|2023-11-26_2023-12-25|2024-07-23_2024-08-21|2025-05-19_2025-06-17
0.2,2,PPI m/m|Core PPI m/m,Neutral|Neutral,52,28,24,53.8,46.2,1.17,2018-01-26_2018-02-24|2018-02-25_2018-03-26|2018-03-27_2018-04-25|2018-04-26_2018-05-25|2018-05-26_2018-06-24|2018-06-25_2018-07-24|2018-07-25_2018-08-23|2018-09-23_2018-10-22|2018-11-22_2018-12-21|2019-01-21_2019-02-19|2019-02-20_2019-03-21|2019-05-21_2019-06-19|2019-06-20_2019-07-19|2019-08-19_2019-09-17|2019-10-18_2019-11-16|2020-02-15_2020-03-15|2020-03-16_2020-04-14|2020-08-13_2020-09-11|2020-10-12_2020-11-10|2020-11-11_2020-12-10|2020-12-11_2021-01-09|2021-09-07_2021-10-06|2021-11-06_2021-12-05|2022-01-05_2022-02-03|2022-05-05_2022-06-03|2022-09-02_2022-10-01|2022-10-02_2022-10-31|2022-12-01_2022-12-30|2023-04-30_2023-05-29|2023-05-30_2023-06-28|2023-06-29_2023-07-28|2023-07-29_2023-08-27|2023-09-27_2023-10-26|2023-11-26_2023-12-25|2023-12-26_2024-01-24|2024-03-25_2024-04-23|2024-06-23_2024-07-22|2024-07-23_2024-08-21|2024-08-22_2024-09-20|2024-09-21_2024-10-20|2024-10-21_2024-11-19|2024-11-20_2024-12-19|2024-12-20_2025-01-18|2025-01-19_2025-02-17|2025-05-19_2025-06-17|2025-06-18_2025-07-17|2025-11-15_2025-12-14|2026-01-14_2026-02-12|2021-01-10_2021-02-08|2022-06-04_2022-07-03|2019-04-21_2019-05-20|2019-12-17_2020-01-15
0.2,2,PPI m/m|Core PPI m/m,Good|Good,11,5,6,45.5,54.5,0.83,2018-08-24_2018-09-22|2019-09-18_2019-10-17|2020-06-14_2020-07-13|2023-03-01_2023-03-30|2023-03-31_2023-04-29|2023-10-27_2023-11-25|2024-05-24_2024-06-22|2025-02-18_2025-03-19|2025-03-20_2025-04-18|2025-04-19_2025-05-18|2025-08-17_2025-09-15
0.2,2,PPI m/m|Core PPI m/m,Bad|Bad,11,7,4,63.6,36.4,1.75,2018-10-23_2018-11-21|2020-07-14_2020-08-12|2021-02-09_2021-03-10|2021-03-11_2021-04-09|2021-07-09_2021-08-07|2021-08-08_2021-09-06|2021-12-06_2022-01-04|2022-02-04_2022-03-05|2022-04-05_2022-05-04|2025-07-18_2025-08-16|2021-05-10_2021-06-08
0.2,2,PPI m/m|Core PPI m/m,Neutral|Good,6,4,2,66.7,33.3,2.0,2018-12-22_2019-01-20|2019-07-20_2019-08-18|2019-11-17_2019-12-16|2021-10-07_2021-11-05|2022-03-06_2022-04-04|2022-11-01_2022-11-30
0.2,2,PPI m/m|Core PPI m/m,Bad|Neutral,7,3,4,42.9,57.1,0.75,2019-03-22_2019-04-20|2020-05-15_2020-06-13|2021-06-09_2021-07-08|2022-07-04_2022-08-02|2023-01-30_2023-02-28|2023-08-28_2023-09-26|2024-02-24_2024-03-24
0.2,2,PPI m/m|Core PPI m/m,Good|Neutral,3,0,3,0.0,100.0,0.0,2020-04-15_2020-05-14|2022-08-03_2022-09-01|2022-12-31_2023-01-29
0.2,2,PPI m/m|Core PPI m/m,Neutral|Bad,3,1,2,33.3,66.7,0.5,2024-01-25_2024-02-23|2024-04-24_2024-05-23|2026-02-13_2026-03-14
0.3,2,PPI m/m|Core PPI m/m,Neutral|Neutral,61,34,27,55.7,44.3,1.26,2018-01-26_2018-02-24|2018-02-25_2018-03-26|2018-03-27_2018-04-25|2018-04-26_2018-05-25|2018-05-26_2018-06-24|2018-06-25_2018-07-24|2018-07-25_2018-08-23|2018-09-23_2018-10-22|2018-11-22_2018-12-21|2019-01-21_2019-02-19|2019-02-20_2019-03-21|2019-03-22_2019-04-20|2019-05-21_2019-06-19|2019-06-20_2019-07-19|2019-08-19_2019-09-17|2019-10-18_2019-11-16|2020-02-15_2020-03-15|2020-03-16_2020-04-14|2020-08-13_2020-09-11|2020-10-12_2020-11-10|2020-11-11_2020-12-10|2020-12-11_2021-01-09|2021-03-11_2021-04-09|2021-09-07_2021-10-06|2021-10-07_2021-11-05|2021-11-06_2021-12-05|2022-01-05_2022-02-03|2022-05-05_2022-06-03|2022-09-02_2022-10-01|2022-10-02_2022-10-31|2022-11-01_2022-11-30|2022-12-01_2022-12-30|2023-01-30_2023-02-28|2023-04-30_2023-05-29|2023-05-30_2023-06-28|2023-06-29_2023-07-28|2023-07-29_2023-08-27|2023-08-28_2023-09-26|2023-09-27_2023-10-26|2023-11-26_2023-12-25|2023-12-26_2024-01-24|2024-02-24_2024-03-24|2024-03-25_2024-04-23|2024-04-24_2024-05-23|2024-06-23_2024-07-22|2024-07-23_2024-08-21|2024-08-22_2024-09-20|2024-09-21_2024-10-20|2024-10-21_2024-11-19|2024-11-20_2024-12-19|2024-12-20_2025-01-18|2025-01-19_2025-02-17|2025-05-19_2025-06-17|2025-06-18_2025-07-17|2025-11-15_2025-12-14|2026-01-14_2026-02-12|2021-01-10_2021-02-08|2021-05-10_2021-06-08|2022-06-04_2022-07-03|2019-04-21_2019-05-20|2019-12-17_2020-01-15
0.3,2,PPI m/m|Core PPI m/m,Good|Good,8,3,5,37.5,62.5,0.6,2018-08-24_2018-09-22|2019-09-18_2019-10-17|2020-06-14_2020-07-13|2023-03-01_2023-03-30|2023-03-31_2023-04-29|2025-03-20_2025-04-18|2025-04-19_2025-05-18|2025-08-17_2025-09-15
0.3,2,PPI m/m|Core PPI m/m,Bad|Neutral,5,2,3,40.0,60.0,0.67,2018-10-23_2018-11-21|2020-05-15_2020-06-13|2021-06-09_2021-07-08|2021-12-06_2022-01-04|2022-07-04_2022-08-02
0.3,2,PPI m/m|Core PPI m/m,Neutral|Good,5,4,1,80.0,20.0,4.0,2018-12-22_2019-01-20|2019-07-20_2019-08-18|2019-11-17_2019-12-16|2022-03-06_2022-04-04|2025-02-18_2025-03-19
0.3,2,PPI m/m|Core PPI m/m,Good|Neutral,5,1,4,20.0,80.0,0.25,2020-04-15_2020-05-14|2022-08-03_2022-09-01|2022-12-31_2023-01-29|2023-10-27_2023-11-25|2024-05-24_2024-06-22
0.3,2,PPI m/m|Core PPI m/m,Neutral|Bad,4,1,3,25.0,75.0,0.33,2020-07-14_2020-08-12|2022-04-05_2022-05-04|2024-01-25_2024-02-23|2026-02-13_2026-03-14
0.3,2,PPI m/m|Core PPI m/m,Bad|Bad,5,3,2,60.0,40.0,1.5,2021-02-09_2021-03-10|2021-07-09_2021-08-07|2021-08-08_2021-09-06|2022-02-04_2022-03-05|2025-07-18_2025-08-16
0.0,2,PPI m/m|FOMC,Good|Neutral,7,3,4,42.9,57.1,0.75,2023-03-01_2023-03-30|2023-04-30_2023-05-29|2023-05-30_2023-06-28|2023-06-29_2023-07-28|2023-10-27_2023-11-25|2024-05-24_2024-06-22|2024-07-23_2024-08-21
0.0,2,PPI m/m|FOMC,Bad|Neutral,3,2,1,66.7,33.3,2.0,2023-08-28_2023-09-26|2024-11-20_2024-12-19|2025-01-19_2025-02-17
0.0,2,PPI m/m|FOMC,Neutral|Neutral,2,2,0,100.0,0.0,inf,2023-11-26_2023-12-25|2024-10-21_2024-11-19
0.0,2,PPI m/m|FOMC,Bad|Good,1,1,0,100.0,0.0,inf,2024-08-22_2024-09-20
0.1,2,PPI m/m|FOMC,Good|Neutral,4,2,2,50.0,50.0,1.0,2023-03-01_2023-03-30|2023-05-30_2023-06-28|2023-10-27_2023-11-25|2024-05-24_2024-06-22
0.1,2,PPI m/m|FOMC,Neutral|Neutral,5,3,2,60.0,40.0,1.5,2023-04-30_2023-05-29|2023-06-29_2023-07-28|2023-11-26_2023-12-25|2024-07-23_2024-08-21|2024-10-21_2024-11-19
0.1,2,PPI m/m|FOMC,Bad|Neutral,3,2,1,66.7,33.3,2.0,2023-08-28_2023-09-26|2024-11-20_2024-12-19|2025-01-19_2025-02-17
0.1,2,PPI m/m|FOMC,Neutral|Good,1,1,0,100.0,0.0,inf,2024-08-22_2024-09-20
0.2,2,PPI m/m|FOMC,Good|Neutral,3,1,2,33.3,66.7,0.5,2023-03-01_2023-03-30|2023-10-27_2023-11-25|2024-05-24_2024-06-22
0.2,2,PPI m/m|FOMC,Neutral|Neutral,8,5,3,62.5,37.5,1.67,2023-04-30_2023-05-29|2023-05-30_2023-06-28|2023-06-29_2023-07-28|2023-11-26_2023-12-25|2024-07-23_2024-08-21|2024-10-21_2024-11-19|2024-11-20_2024-12-19|2025-01-19_2025-02-17
0.2,2,PPI m/m|FOMC,Bad|Neutral,1,1,0,100.0,0.0,inf,2023-08-28_2023-09-26
0.2,2,PPI m/m|FOMC,Neutral|Good,1,1,0,100.0,0.0,inf,2024-08-22_2024-09-20
0.3,2,PPI m/m|FOMC,Good|Neutral,3,1,2,33.3,66.7,0.5,2023-03-01_2023-03-30|2023-10-27_2023-11-25|2024-05-24_2024-06-22
0.3,2,PPI m/m|FOMC,Neutral|Neutral,10,7,3,70.0,30.0,2.33,2023-04-30_2023-05-29|2023-05-30_2023-06-28|2023-06-29_2023-07-28|2023-08-28_2023-09-26|2023-11-26_2023-12-25|2024-07-23_2024-08-21|2024-08-22_2024-09-20|2024-10-21_2024-11-19|2024-11-20_2024-12-19|2025-01-19_2025-02-17
0.0,2,PPI m/m|CPI y/y,Neutral|Bad,6,4,2,66.7,33.3,2.0,2018-01-26_2018-02-24|2019-07-20_2019-08-18|2021-11-06_2021-12-05|2022-05-05_2022-06-03|2022-09-02_2022-10-01|2022-06-04_2022-07-03
0.0,2,PPI m/m|CPI y/y,Bad|Neutral,13,9,4,69.2,30.8,2.25,2018-02-25_2018-03-26|2018-03-27_2018-04-25|2018-05-26_2018-06-24|2018-06-25_2018-07-24|2018-10-23_2018-11-21|2018-11-22_2018-12-21|2020-10-12_2020-11-10|2021-02-09_2021-03-10|2021-09-07_2021-10-06|2021-12-06_2022-01-04|2024-04-24_2024-05-23|2024-08-22_2024-09-20|2024-11-20_2024-12-19
0.0,2,PPI m/m|CPI y/y,Good|Neutral,11,5,6,45.5,54.5,0.83,2018-04-26_2018-05-25|2018-07-25_2018-08-23|2018-12-22_2019-01-20|2022-01-05_2022-02-03|2022-03-06_2022-04-04|2022-12-31_2023-01-29|2023-03-01_2023-03-30|2024-12-20_2025-01-18|2025-08-17_2025-09-15|2021-01-10_2021-02-08|2019-12-17_2020-01-15
0.0,2,PPI m/m|CPI y/y,Good|Good,17,7,10,41.2,58.8,0.7,2018-08-24_2018-09-22|2019-02-20_2019-03-21|2019-09-18_2019-10-17|2020-04-15_2020-05-14|2022-08-03_2022-09-01|2022-11-01_2022-11-30|2023-03-31_2023-04-29|2023-04-30_2023-05-29|2023-05-30_2023-06-28|2023-06-29_2023-07-28|2023-10-27_2023-11-25|2024-05-24_2024-06-22|2024-07-23_2024-08-21|2025-02-18_2025-03-19|2025-03-20_2025-04-18|2025-04-19_2025-05-18|2025-05-19_2025-06-17
0.0,2,PPI m/m|CPI y/y,Neutral|Good,3,1,2,33.3,66.7,0.5,2018-09-23_2018-10-22|2019-05-21_2019-06-19|2019-04-21_2019-05-20
0.0,2,PPI m/m|CPI y/y,Good|Bad,8,6,2,75.0,25.0,3.0,2019-01-21_2019-02-19|2019-11-17_2019-12-16|2020-02-15_2020-03-15|2021-10-07_2021-11-05|2023-12-26_2024-01-24|2024-03-25_2024-04-23|2024-09-21_2024-10-20|2025-06-18_2025-07-17
0.0,2,PPI m/m|CPI y/y,Bad|Bad,18,7,11,38.9,61.1,0.64,2019-03-22_2019-04-20|2019-10-18_2019-11-16|2020-07-14_2020-08-12|2020-08-13_2020-09-11|2021-06-09_2021-07-08|2021-07-09_2021-08-07|2021-08-08_2021-09-06|2022-02-04_2022-03-05|2022-04-05_2022-05-04|2022-07-04_2022-08-02|2022-10-02_2022-10-31|2023-01-30_2023-02-28|2023-08-28_2023-09-26|2023-09-27_2023-10-26|2024-01-25_2024-02-23|2024-02-24_2024-03-24|2025-01-19_2025-02-17|2021-05-10_2021-06-08
0.0,2,PPI m/m|CPI y/y,Neutral|Neutral,3,3,0,100.0,0.0,inf,2019-06-20_2019-07-19|2023-11-26_2023-12-25|2024-10-21_2024-11-19
0.0,2,PPI m/m|CPI y/y,Bad|Good,9,4,5,44.4,55.6,0.8,2019-08-19_2019-09-17|2020-03-16_2020-04-14|2020-05-15_2020-06-13|2020-11-11_2020-12-10|2022-12-01_2022-12-30|2023-07-29_2023-08-27|2024-06-23_2024-07-22|2025-07-18_2025-08-16|2026-02-13_2026-03-14
0.1,2,PPI m/m|CPI y/y,Neutral|Bad,10,7,3,70.0,30.0,2.33,2018-01-26_2018-02-24|2019-07-20_2019-08-18|2020-08-13_2020-09-11|2021-10-07_2021-11-05|2021-11-06_2021-12-05|2022-05-05_2022-06-03|2022-09-02_2022-10-01|2024-03-25_2024-04-23|2024-09-21_2024-10-20|2022-06-04_2022-07-03
0.1,2,PPI m/m|CPI y/y,Neutral|Neutral,16,9,7,56.2,43.8,1.29,2018-02-25_2018-03-26|2018-04-26_2018-05-25|2018-06-25_2018-07-24|2018-11-22_2018-12-21|2018-12-22_2019-01-20|2019-05-21_2019-06-19|2019-06-20_2019-07-19|2020-02-15_2020-03-15|2020-11-11_2020-12-10|2021-09-07_2021-10-06|2023-04-30_2023-05-29|2023-07-29_2023-08-27|2023-11-26_2023-12-25|2024-08-22_2024-09-20|2024-10-21_2024-11-19|2019-12-17_2020-01-15
0.1,2,PPI m/m|CPI y/y,Bad|Neutral,12,8,4,66.7,33.3,2.0,2018-03-27_2018-04-25|2018-05-26_2018-06-24|2018-10-23_2018-11-21|2019-03-22_2019-04-20|2020-10-12_2020-11-10|2021-02-09_2021-03-10|2021-12-06_2022-01-04|2022-04-05_2022-05-04|2022-10-02_2022-10-31|2024-04-24_2024-05-23|2024-11-20_2024-12-19|2025-07-18_2025-08-16
0.1,2,PPI m/m|CPI y/y,Good|Neutral,12,7,5,58.3,41.7,1.4,2018-07-25_2018-08-23|2018-08-24_2018-09-22|2022-01-05_2022-02-03|2022-03-06_2022-04-04|2022-12-31_2023-01-29|2023-03-01_2023-03-30|2023-03-31_2023-04-29|2023-05-30_2023-06-28|2023-10-27_2023-11-25|2024-12-20_2025-01-18|2025-08-17_2025-09-15|2021-01-10_2021-02-08
0.1,2,PPI m/m|CPI y/y,Neutral|Good,10,5,5,50.0,50.0,1.0,2018-09-23_2018-10-22|2019-02-20_2019-03-21|2019-08-19_2019-09-17|2020-03-16_2020-04-14|2022-12-01_2022-12-30|2023-06-29_2023-07-28|2024-06-23_2024-07-22|2024-07-23_2024-08-21|2025-05-19_2025-06-17|2019-04-21_2019-05-20
0.1,2,PPI m/m|CPI y/y,Good|Bad,4,2,2,50.0,50.0,1.0,2019-01-21_2019-02-19|2019-11-17_2019-12-16|2023-12-26_2024-01-24|2025-06-18_2025-07-17
0.1,2,PPI m/m|CPI y/y,Good|Good,8,2,6,25.0,75.0,0.33,2019-09-18_2019-10-17|2020-04-15_2020-05-14|2022-08-03_2022-09-01|2022-11-01_2022-11-30|2024-05-24_2024-06-22|2025-02-18_2025-03-19|2025-03-20_2025-04-18|2025-04-19_2025-05-18
0.1,2,PPI m/m|CPI y/y,Bad|Bad,14,6,8,42.9,57.1,0.75,2019-10-18_2019-11-16|2020-07-14_2020-08-12|2021-06-09_2021-07-08|2021-07-09_2021-08-07|2021-08-08_2021-09-06|2022-02-04_2022-03-05|2022-07-04_2022-08-02|2023-01-30_2023-02-28|2023-08-28_2023-09-26|2023-09-27_2023-10-26|2024-01-25_2024-02-23|2024-02-24_2024-03-24|2025-01-19_2025-02-17|2021-05-10_2021-06-08
0.1,2,PPI m/m|CPI y/y,Bad|Good,2,0,2,0.0,100.0,0.0,2020-05-15_2020-06-13|2026-02-13_2026-03-14
0.2,2,PPI m/m|CPI y/y,Neutral|Bad,6,4,2,66.7,33.3,2.0,2018-01-26_2018-02-24|2021-11-06_2021-12-05|2022-05-05_2022-06-03|2022-09-02_2022-10-01|2024-01-25_2024-02-23|2022-06-04_2022-07-03
0.2,2,PPI m/m|CPI y/y,Neutral|Neutral,50,28,22,56.0,44.0,1.27,2018-02-25_2018-03-26|2018-03-27_2018-04-25|2018-04-26_2018-05-25|2018-05-26_2018-06-24|2018-06-25_2018-07-24|2018-07-25_2018-08-23|2018-09-23_2018-10-22|2018-11-22_2018-12-21|2018-12-22_2019-01-20|2019-01-21_2019-02-19|2019-02-20_2019-03-21|2019-05-21_2019-06-19|2019-06-20_2019-07-19|2019-07-20_2019-08-18|2019-08-19_2019-09-17|2019-10-18_2019-11-16|2019-11-17_2019-12-16|2020-02-15_2020-03-15|2020-03-16_2020-04-14|2020-08-13_2020-09-11|2020-10-12_2020-11-10|2020-11-11_2020-12-10|2021-09-07_2021-10-06|2021-10-07_2021-11-05|2022-01-05_2022-02-03|2022-03-06_2022-04-04|2022-10-02_2022-10-31|2023-04-30_2023-05-29|2023-05-30_2023-06-28|2023-06-29_2023-07-28|2023-07-29_2023-08-27|2023-09-27_2023-10-26|2023-11-26_2023-12-25|2023-12-26_2024-01-24|2024-03-25_2024-04-23|2024-04-24_2024-05-23|2024-06-23_2024-07-22|2024-07-23_2024-08-21|2024-08-22_2024-09-20|2024-09-21_2024-10-20|2024-10-21_2024-11-19|2024-11-20_2024-12-19|2024-12-20_2025-01-18|2025-01-19_2025-02-17|2025-05-19_2025-06-17|2025-06-18_2025-07-17|2026-02-13_2026-03-14|2021-01-10_2021-02-08|2019-04-21_2019-05-20|2019-12-17_2020-01-15
0.2,2,PPI m/m|CPI y/y,Good|Neutral,13,4,9,30.8,69.2,0.44,2018-08-24_2018-09-22|2019-09-18_2019-10-17|2020-04-15_2020-05-14|2022-08-03_2022-09-01|2022-12-31_2023-01-29|2023-03-01_2023-03-30|2023-03-31_2023-04-29|2023-10-27_2023-11-25|2024-05-24_2024-06-22|2025-02-18_2025-03-19|2025-03-20_2025-04-18|2025-04-19_2025-05-18|2025-08-17_2025-09-15
0.2,2,PPI m/m|CPI y/y,Bad|Neutral,11,6,5,54.5,45.5,1.2,2018-10-23_2018-11-21|2019-03-22_2019-04-20|2020-05-15_2020-06-13|2020-07-14_2020-08-12|2021-02-09_2021-03-10|2021-08-08_2021-09-06|2021-12-06_2022-01-04|2022-04-05_2022-05-04|2023-08-28_2023-09-26|2024-02-24_2024-03-24|2025-07-18_2025-08-16
0.2,2,PPI m/m|CPI y/y,Bad|Bad,6,3,3,50.0,50.0,1.0,2021-06-09_2021-07-08|2021-07-09_2021-08-07|2022-02-04_2022-03-05|2022-07-04_2022-08-02|2023-01-30_2023-02-28|2021-05-10_2021-06-08
0.2,2,PPI m/m|CPI y/y,Neutral|Good,2,1,1,50.0,50.0,1.0,2022-11-01_2022-11-30|2022-12-01_2022-12-30
0.3,2,PPI m/m|CPI y/y,Neutral|Neutral,65,37,28,56.9,43.1,1.32,2018-01-26_2018-02-24|2018-02-25_2018-03-26|2018-03-27_2018-04-25|2018-04-26_2018-05-25|2018-05-26_2018-06-24|2018-06-25_2018-07-24|2018-07-25_2018-08-23|2018-09-23_2018-10-22|2018-11-22_2018-12-21|2018-12-22_2019-01-20|2019-01-21_2019-02-19|2019-02-20_2019-03-21|2019-03-22_2019-04-20|2019-05-21_2019-06-19|2019-06-20_2019-07-19|2019-07-20_2019-08-18|2019-08-19_2019-09-17|2019-10-18_2019-11-16|2019-11-17_2019-12-16|2020-02-15_2020-03-15|2020-03-16_2020-04-14|2020-07-14_2020-08-12|2020-08-13_2020-09-11|2020-10-12_2020-11-10|2020-11-11_2020-12-10|2021-09-07_2021-10-06|2021-10-07_2021-11-05|2021-11-06_2021-12-05|2022-01-05_2022-02-03|2022-03-06_2022-04-04|2022-04-05_2022-05-04|2022-05-05_2022-06-03|2022-09-02_2022-10-01|2022-10-02_2022-10-31|2022-11-01_2022-11-30|2022-12-01_2022-12-30|2023-01-30_2023-02-28|2023-04-30_2023-05-29|2023-05-30_2023-06-28|2023-06-29_2023-07-28|2023-07-29_2023-08-27|2023-08-28_2023-09-26|2023-09-27_2023-10-26|2023-11-26_2023-12-25|2023-12-26_2024-01-24|2024-01-25_2024-02-23|2024-02-24_2024-03-24|2024-03-25_2024-04-23|2024-04-24_2024-05-23|2024-06-23_2024-07-22|2024-07-23_2024-08-21|2024-08-22_2024-09-20|2024-09-21_2024-10-20|2024-10-21_2024-11-19|2024-11-20_2024-12-19|2024-12-20_2025-01-18|2025-01-19_2025-02-17|2025-02-18_2025-03-19|2025-05-19_2025-06-17|2025-06-18_2025-07-17|2026-02-13_2026-03-14|2021-01-10_2021-02-08|2022-06-04_2022-07-03|2019-04-21_2019-05-20|2019-12-17_2020-01-15
0.3,2,PPI m/m|CPI y/y,Good|Neutral,12,3,9,25.0,75.0,0.33,2018-08-24_2018-09-22|2019-09-18_2019-10-17|2020-04-15_2020-05-14|2022-08-03_2022-09-01|2022-12-31_2023-01-29|2023-03-01_2023-03-30|2023-03-31_2023-04-29|2023-10-27_2023-11-25|2024-05-24_2024-06-22|2025-03-20_2025-04-18|2025-04-19_2025-05-18|2025-08-17_2025-09-15
0.3,2,PPI m/m|CPI y/y,Bad|Neutral,8,5,3,62.5,37.5,1.67,2018-10-23_2018-11-21|2020-05-15_2020-06-13|2021-02-09_2021-03-10|2021-06-09_2021-07-08|2021-08-08_2021-09-06|2021-12-06_2022-01-04|2022-02-04_2022-03-05|2025-07-18_2025-08-16
0.3,2,PPI m/m|CPI y/y,Bad|Bad,2,0,2,0.0,100.0,0.0,2021-07-09_2021-08-07|2022-07-04_2022-08-02
0.3,2,PPI m/m|CPI y/y,Neutral|Bad,1,1,0,100.0,0.0,inf,2021-05-10_2021-06-08
0.0,2,Core PPI m/m|FOMC,Good|Neutral,6,3,3,50.0,50.0,1.0,2023-03-01_2023-03-30|2023-06-29_2023-07-28|2023-10-27_2023-11-25|2023-11-26_2023-12-25|2024-05-24_2024-06-22|2024-07-23_2024-08-21
0.0,2,Core PPI m/m|FOMC,Neutral|Neutral,6,4,2,66.7,33.3,2.0,2023-04-30_2023-05-29|2023-05-30_2023-06-28|2023-08-28_2023-09-26|2024-10-21_2024-11-19|2024-11-20_2024-12-19|2025-01-19_2025-02-17
0.0,2,Core PPI m/m|FOMC,Bad|Good,1,1,0,100.0,0.0,inf,2024-08-22_2024-09-20
0.1,2,Core PPI m/m|FOMC,Good|Neutral,5,2,3,40.0,60.0,0.67,2023-03-01_2023-03-30|2023-10-27_2023-11-25|2023-11-26_2023-12-25|2024-05-24_2024-06-22|2024-07-23_2024-08-21
0.1,2,Core PPI m/m|FOMC,Neutral|Neutral,7,5,2,71.4,28.6,2.5,2023-04-30_2023-05-29|2023-05-30_2023-06-28|2023-06-29_2023-07-28|2023-08-28_2023-09-26|2024-10-21_2024-11-19|2024-11-20_2024-12-19|2025-01-19_2025-02-17
0.1,2,Core PPI m/m|FOMC,Neutral|Good,1,1,0,100.0,0.0,inf,2024-08-22_2024-09-20
0.2,2,Core PPI m/m|FOMC,Good|Neutral,3,1,2,33.3,66.7,0.5,2023-03-01_2023-03-30|2023-10-27_2023-11-25|2024-05-24_2024-06-22
0.2,2,Core PPI m/m|FOMC,Neutral|Neutral,9,6,3,66.7,33.3,2.0,2023-04-30_2023-05-29|2023-05-30_2023-06-28|2023-06-29_2023-07-28|2023-08-28_2023-09-26|2023-11-26_2023-12-25|2024-07-23_2024-08-21|2024-10-21_2024-11-19|2024-11-20_2024-12-19|2025-01-19_2025-02-17
0.2,2,Core PPI m/m|FOMC,Neutral|Good,1,1,0,100.0,0.0,inf,2024-08-22_2024-09-20
0.3,2,Core PPI m/m|FOMC,Good|Neutral,1,0,1,0.0,100.0,0.0,2023-03-01_2023-03-30
0.3,2,Core PPI m/m|FOMC,Neutral|Neutral,12,8,4,66.7,33.3,2.0,2023-04-30_2023-05-29|2023-05-30_2023-06-28|2023-06-29_2023-07-28|2023-08-28_2023-09-26|2023-10-27_2023-11-25|2023-11-26_2023-12-25|2024-05-24_2024-06-22|2024-07-23_2024-08-21|2024-08-22_2024-09-20|2024-10-21_2024-11-19|2024-11-20_2024-12-19|2025-01-19_2025-02-17
0.0,2,Core PPI m/m|CPI y/y,Bad|Bad,17,8,9,47.1,52.9,0.89,2018-01-26_2018-02-24|2019-01-21_2019-02-19|2019-03-22_2019-04-20|2019-10-18_2019-11-16|2020-07-14_2020-08-12|2020-08-13_2020-09-11|2021-06-09_2021-07-08|2021-07-09_2021-08-07|2021-08-08_2021-09-06|2022-02-04_2022-03-05|2022-04-05_2022-05-04|2022-09-02_2022-10-01|2023-01-30_2023-02-28|2023-09-27_2023-10-26|2024-01-25_2024-02-23|2024-02-24_2024-03-24|2021-05-10_2021-06-08
0.0,2,Core PPI m/m|CPI y/y,Neutral|Neutral,7,5,2,71.4,28.6,2.5,2018-02-25_2018-03-26|2018-04-26_2018-05-25|2022-01-05_2022-02-03|2022-12-31_2023-01-29|2024-10-21_2024-11-19|2024-11-20_2024-12-19|2021-01-10_2021-02-08
0.0,2,Core PPI m/m|CPI y/y,Bad|Neutral,12,8,4,66.7,33.3,2.0,2018-03-27_2018-04-25|2018-05-26_2018-06-24|2018-06-25_2018-07-24|2018-10-23_2018-11-21|2018-11-22_2018-12-21|2019-06-20_2019-07-19|2020-10-12_2020-11-10|2021-02-09_2021-03-10|2021-09-07_2021-10-06|2021-12-06_2022-01-04|2024-04-24_2024-05-23|2024-08-22_2024-09-20
0.0,2,Core PPI m/m|CPI y/y,Good|Neutral,8,4,4,50.0,50.0,1.0,2018-07-25_2018-08-23|2018-12-22_2019-01-20|2022-03-06_2022-04-04|2023-03-01_2023-03-30|2023-11-26_2023-12-25|2024-12-20_2025-01-18|2025-08-17_2025-09-15|2019-12-17_2020-01-15
0.0,2,Core PPI m/m|CPI y/y,Good|Good,17,7,10,41.2,58.8,0.7,2018-08-24_2018-09-22|2019-02-20_2019-03-21|2019-09-18_2019-10-17|2020-04-15_2020-05-14|2020-11-11_2020-12-10|2022-08-03_2022-09-01|2022-11-01_2022-11-30|2023-03-31_2023-04-29|2023-06-29_2023-07-28|2023-10-27_2023-11-25|2024-05-24_2024-06-22|2024-07-23_2024-08-21|2025-02-18_2025-03-19|2025-03-20_2025-04-18|2025-04-19_2025-05-18|2025-05-19_2025-06-17|2019-04-21_2019-05-20
0.0,2,Core PPI m/m|CPI y/y,Neutral|Good,5,2,3,40.0,60.0,0.67,2018-09-23_2018-10-22|2019-05-21_2019-06-19|2020-05-15_2020-06-13|2023-04-30_2023-05-29|2023-05-30_2023-06-28
0.0,2,Core PPI m/m|CPI y/y,Good|Bad,10,6,4,60.0,40.0,1.5,2019-07-20_2019-08-18|2019-11-17_2019-12-16|2020-02-15_2020-03-15|2021-10-07_2021-11-05|2021-11-06_2021-12-05|2022-05-05_2022-06-03|2022-07-04_2022-08-02|2023-12-26_2024-01-24|2025-06-18_2025-07-17|2022-06-04_2022-07-03
0.0,2,Core PPI m/m|CPI y/y,Bad|Good,7,3,4,42.9,57.1,0.75,2019-08-19_2019-09-17|2020-03-16_2020-04-14|2022-12-01_2022-12-30|2023-07-29_2023-08-27|2024-06-23_2024-07-22|2025-07-18_2025-08-16|2026-02-13_2026-03-14
0.0,2,Core PPI m/m|CPI y/y,Neutral|Bad,5,3,2,60.0,40.0,1.5,2022-10-02_2022-10-31|2023-08-28_2023-09-26|2024-03-25_2024-04-23|2024-09-21_2024-10-20|2025-01-19_2025-02-17
0.1,2,Core PPI m/m|CPI y/y,Bad|Bad,11,6,5,54.5,45.5,1.2,2018-01-26_2018-02-24|2020-07-14_2020-08-12|2020-08-13_2020-09-11|2021-06-09_2021-07-08|2021-07-09_2021-08-07|2021-08-08_2021-09-06|2022-02-04_2022-03-05|2022-09-02_2022-10-01|2023-01-30_2023-02-28|2024-01-25_2024-02-23|2021-05-10_2021-06-08
0.1,2,Core PPI m/m|CPI y/y,Neutral|Neutral,23,12,11,52.2,47.8,1.09,2018-02-25_2018-03-26|2018-03-27_2018-04-25|2018-04-26_2018-05-25|2018-05-26_2018-06-24|2018-06-25_2018-07-24|2018-07-25_2018-08-23|2019-03-22_2019-04-20|2019-05-21_2019-06-19|2019-06-20_2019-07-19|2020-02-15_2020-03-15|2020-11-11_2020-12-10|2021-09-07_2021-10-06|2022-01-05_2022-02-03|2022-10-02_2022-10-31|2022-12-31_2023-01-29|2023-04-30_2023-05-29|2023-05-30_2023-06-28|2023-07-29_2023-08-27|2024-08-22_2024-09-20|2024-10-21_2024-11-19|2024-11-20_2024-12-19|2021-01-10_2021-02-08|2019-12-17_2020-01-15
0.1,2,Core PPI m/m|CPI y/y,Good|Neutral,9,6,3,66.7,33.3,2.0,2018-08-24_2018-09-22|2018-12-22_2019-01-20|2022-03-06_2022-04-04|2023-03-01_2023-03-30|2023-03-31_2023-04-29|2023-10-27_2023-11-25|2023-11-26_2023-12-25|2024-12-20_2025-01-18|2025-08-17_2025-09-15
0.1,2,Core PPI m/m|CPI y/y,Neutral|Good,6,3,3,50.0,50.0,1.0,2018-09-23_2018-10-22|2019-02-20_2019-03-21|2019-08-19_2019-09-17|2020-05-15_2020-06-13|2023-06-29_2023-07-28|2019-04-21_2019-05-20
0.1,2,Core PPI m/m|CPI y/y,Bad|Neutral,8,6,2,75.0,25.0,3.0,2018-10-23_2018-11-21|2018-11-22_2018-12-21|2020-10-12_2020-11-10|2021-02-09_2021-03-10|2021-12-06_2022-01-04|2022-04-05_2022-05-04|2024-04-24_2024-05-23|2025-07-18_2025-08-16
0.1,2,Core PPI m/m|CPI y/y,Neutral|Bad,11,5,6,45.5,54.5,0.83,2019-01-21_2019-02-19|2019-10-18_2019-11-16|2021-11-06_2021-12-05|2022-07-04_2022-08-02|2023-08-28_2023-09-26|2023-09-27_2023-10-26|2024-02-24_2024-03-24|2024-03-25_2024-04-23|2024-09-21_2024-10-20|2025-01-19_2025-02-17|2022-06-04_2022-07-03
0.1,2,Core PPI m/m|CPI y/y,Good|Bad,6,4,2,66.7,33.3,2.0,2019-07-20_2019-08-18|2019-11-17_2019-12-16|2021-10-07_2021-11-05|2022-05-05_2022-06-03|2023-12-26_2024-01-24|2025-06-18_2025-07-17
0.1,2,Core PPI m/m|CPI y/y,Good|Good,10,2,8,20.0,80.0,0.25,2019-09-18_2019-10-17|2020-04-15_2020-05-14|2022-08-03_2022-09-01|2022-11-01_2022-11-30|2024-05-24_2024-06-22|2024-07-23_2024-08-21|2025-02-18_2025-03-19|2025-03-20_2025-04-18|2025-04-19_2025-05-18|2025-05-19_2025-06-17
0.1,2,Core PPI m/m|CPI y/y,Bad|Good,4,2,2,50.0,50.0,1.0,2020-03-16_2020-04-14|2022-12-01_2022-12-30|2024-06-23_2024-07-22|2026-02-13_2026-03-14
0.2,2,Core PPI m/m|CPI y/y,Neutral|Bad,8,6,2,75.0,25.0,3.0,2018-01-26_2018-02-24|2021-06-09_2021-07-08|2021-11-06_2021-12-05|2022-05-05_2022-06-03|2022-07-04_2022-08-02|2022-09-02_2022-10-01|2023-01-30_2023-02-28|2022-06-04_2022-07-03
0.2,2,Core PPI m/m|CPI y/y,Neutral|Neutral,50,24,26,48.0,52.0,0.92,2018-02-25_2018-03-26|2018-03-27_2018-04-25|2018-04-26_2018-05-25|2018-05-26_2018-06-24|2018-06-25_2018-07-24|2018-07-25_2018-08-23|2018-09-23_2018-10-22|2018-11-22_2018-12-21|2019-01-21_2019-02-19|2019-02-20_2019-03-21|2019-03-22_2019-04-20|2019-05-21_2019-06-19|2019-06-20_2019-07-19|2019-08-19_2019-09-17|2019-10-18_2019-11-16|2020-02-15_2020-03-15|2020-03-16_2020-04-14|2020-04-15_2020-05-14|2020-05-15_2020-06-13|2020-08-13_2020-09-11|2020-10-12_2020-11-10|2020-11-11_2020-12-10|2021-09-07_2021-10-06|2022-01-05_2022-02-03|2022-08-03_2022-09-01|2022-10-02_2022-10-31|2022-12-31_2023-01-29|2023-04-30_2023-05-29|2023-05-30_2023-06-28|2023-06-29_2023-07-28|2023-07-29_2023-08-27|2023-08-28_2023-09-26|2023-09-27_2023-10-26|2023-11-26_2023-12-25|2023-12-26_2024-01-24|2024-02-24_2024-03-24|2024-03-25_2024-04-23|2024-06-23_2024-07-22|2024-07-23_2024-08-21|2024-08-22_2024-09-20|2024-09-21_2024-10-20|2024-10-21_2024-11-19|2024-11-20_2024-12-19|2024-12-20_2025-01-18|2025-01-19_2025-02-17|2025-05-19_2025-06-17|2025-06-18_2025-07-17|2021-01-10_2021-02-08|2019-04-21_2019-05-20|2019-12-17_2020-01-15
0.2,2,Core PPI m/m|CPI y/y,Good|Neutral,15,8,7,53.3,46.7,1.14,2018-08-24_2018-09-22|2018-12-22_2019-01-20|2019-07-20_2019-08-18|2019-09-18_2019-10-17|2019-11-17_2019-12-16|2021-10-07_2021-11-05|2022-03-06_2022-04-04|2023-03-01_2023-03-30|2023-03-31_2023-04-29|2023-10-27_2023-11-25|2024-05-24_2024-06-22|2025-02-18_2025-03-19|2025-03-20_2025-04-18|2025-04-19_2025-05-18|2025-08-17_2025-09-15
0.2,2,Core PPI m/m|CPI y/y,Bad|Neutral,9,6,3,66.7,33.3,2.0,2018-10-23_2018-11-21|2020-07-14_2020-08-12|2021-02-09_2021-03-10|2021-08-08_2021-09-06|2021-12-06_2022-01-04|2022-04-05_2022-05-04|2024-04-24_2024-05-23|2025-07-18_2025-08-16|2026-02-13_2026-03-14
0.2,2,Core PPI m/m|CPI y/y,Bad|Bad,4,1,3,25.0,75.0,0.33,2021-07-09_2021-08-07|2022-02-04_2022-03-05|2024-01-25_2024-02-23|2021-05-10_2021-06-08
0.2,2,Core PPI m/m|CPI y/y,Good|Good,1,0,1,0.0,100.0,0.0,2022-11-01_2022-11-30
0.2,2,Core PPI m/m|CPI y/y,Neutral|Good,1,1,0,100.0,0.0,inf,2022-12-01_2022-12-30
0.3,2,Core PPI m/m|CPI y/y,Neutral|Neutral,65,35,30,53.8,46.2,1.17,2018-01-26_2018-02-24|2018-02-25_2018-03-26|2018-03-27_2018-04-25|2018-04-26_2018-05-25|2018-05-26_2018-06-24|2018-06-25_2018-07-24|2018-07-25_2018-08-23|2018-09-23_2018-10-22|2018-10-23_2018-11-21|2018-11-22_2018-12-21|2019-01-21_2019-02-19|2019-02-20_2019-03-21|2019-03-22_2019-04-20|2019-05-21_2019-06-19|2019-06-20_2019-07-19|2019-08-19_2019-09-17|2019-10-18_2019-11-16|2020-02-15_2020-03-15|2020-03-16_2020-04-14|2020-04-15_2020-05-14|2020-05-15_2020-06-13|2020-08-13_2020-09-11|2020-10-12_2020-11-10|2020-11-11_2020-12-10|2021-06-09_2021-07-08|2021-09-07_2021-10-06|2021-10-07_2021-11-05|2021-11-06_2021-12-05|2021-12-06_2022-01-04|2022-01-05_2022-02-03|2022-05-05_2022-06-03|2022-08-03_2022-09-01|2022-09-02_2022-10-01|2022-10-02_2022-10-31|2022-11-01_2022-11-30|2022-12-01_2022-12-30|2022-12-31_2023-01-29|2023-01-30_2023-02-28|2023-04-30_2023-05-29|2023-05-30_2023-06-28|2023-06-29_2023-07-28|2023-07-29_2023-08-27|2023-08-28_2023-09-26|2023-09-27_2023-10-26|2023-10-27_2023-11-25|2023-11-26_2023-12-25|2023-12-26_2024-01-24|2024-02-24_2024-03-24|2024-03-25_2024-04-23|2024-04-24_2024-05-23|2024-05-24_2024-06-22|2024-06-23_2024-07-22|2024-07-23_2024-08-21|2024-08-22_2024-09-20|2024-09-21_2024-10-20|2024-10-21_2024-11-19|2024-11-20_2024-12-19|2024-12-20_2025-01-18|2025-01-19_2025-02-17|2025-05-19_2025-06-17|2025-06-18_2025-07-17|2021-01-10_2021-02-08|2022-06-04_2022-07-03|2019-04-21_2019-05-20|2019-12-17_2020-01-15
0.3,2,Core PPI m/m|CPI y/y,Good|Neutral,12,6,6,50.0,50.0,1.0,2018-08-24_2018-09-22|2018-12-22_2019-01-20|2019-07-20_2019-08-18|2019-09-18_2019-10-17|2019-11-17_2019-12-16|2022-03-06_2022-04-04|2023-03-01_2023-03-30|2023-03-31_2023-04-29|2025-02-18_2025-03-19|2025-03-20_2025-04-18|2025-04-19_2025-05-18|2025-08-17_2025-09-15
0.3,2,Core PPI m/m|CPI y/y,Bad|Neutral,8,4,4,50.0,50.0,1.0,2020-07-14_2020-08-12|2021-02-09_2021-03-10|2021-08-08_2021-09-06|2022-02-04_2022-03-05|2022-04-05_2022-05-04|2024-01-25_2024-02-23|2025-07-18_2025-08-16|2026-02-13_2026-03-14
0.3,2,Core PPI m/m|CPI y/y,Bad|Bad,1,0,1,0.0,100.0,0.0,2021-07-09_2021-08-07
0.3,2,Core PPI m/m|CPI y/y,Neutral|Bad,2,1,1,50.0,50.0,1.0,2022-07-04_2022-08-02|2021-05-10_2021-06-08
0.0,2,FOMC|CPI y/y,Neutral|Neutral,4,3,1,75.0,25.0,3.0,2023-03-01_2023-03-30|2023-11-26_2023-12-25|2024-10-21_2024-11-19|2024-11-20_2024-12-19
0.0,2,FOMC|CPI y/y,Neutral|Good,6,3,3,50.0,50.0,1.0,2023-04-30_2023-05-29|2023-05-30_2023-06-28|2023-06-29_2023-07-28|2023-10-27_2023-11-25|2024-05-24_2024-06-22|2024-07-23_2024-08-21
0.0,2,FOMC|CPI y/y,Neutral|Bad,2,1,1,50.0,50.0,1.0,2023-08-28_2023-09-26|2025-01-19_2025-02-17
0.0,2,FOMC|CPI y/y,Good|Neutral,1,1,0,100.0,0.0,inf,2024-08-22_2024-09-20
0.1,2,FOMC|CPI y/y,Neutral|Neutral,7,5,2,71.4,28.6,2.5,2023-03-01_2023-03-30|2023-04-30_2023-05-29|2023-05-30_2023-06-28|2023-10-27_2023-11-25|2023-11-26_2023-12-25|2024-10-21_2024-11-19|2024-11-20_2024-12-19
0.1,2,FOMC|CPI y/y,Neutral|Good,3,1,2,33.3,66.7,0.5,2023-06-29_2023-07-28|2024-05-24_2024-06-22|2024-07-23_2024-08-21
0.1,2,FOMC|CPI y/y,Neutral|Bad,2,1,1,50.0,50.0,1.0,2023-08-28_2023-09-26|2025-01-19_2025-02-17
0.1,2,FOMC|CPI y/y,Good|Neutral,1,1,0,100.0,0.0,inf,2024-08-22_2024-09-20
0.2,2,FOMC|CPI y/y,Neutral|Neutral,12,7,5,58.3,41.7,1.4,2023-03-01_2023-03-30|2023-04-30_2023-05-29|2023-05-30_2023-06-28|2023-06-29_2023-07-28|2023-08-28_2023-09-26|2023-10-27_2023-11-25|2023-11-26_2023-12-25|2024-05-24_2024-06-22|2024-07-23_2024-08-21|2024-10-21_2024-11-19|2024-11-20_2024-12-19|2025-01-19_2025-02-17
0.2,2,FOMC|CPI y/y,Good|Neutral,1,1,0,100.0,0.0,inf,2024-08-22_2024-09-20
0.3,2,FOMC|CPI y/y,Neutral|Neutral,13,8,5,61.5,38.5,1.6,2023-03-01_2023-03-30|2023-04-30_2023-05-29|2023-05-30_2023-06-28|2023-06-29_2023-07-28|2023-08-28_2023-09-26|2023-10-27_2023-11-25|2023-11-26_2023-12-25|2024-05-24_2024-06-22|2024-07-23_2024-08-21|2024-08-22_2024-09-20|2024-10-21_2024-11-19|2024-11-20_2024-12-19|2025-01-19_2025-02-17
