آستانه,تعداد_شاخص‌ها,لیست_شاخص‌ها,الگوی_وضعیت,تعداد_کل_وقوع,تعداد_ضررده,تعداد_سودده,درصد_ضررده,درصد_سودده,نسبت_شانس,دوره‌ها
0.0,1,CPI m/m,Neutral,15,11,4,73.3,26.7,2.75,2018-08-09_2018-08-23|2018-12-07_2018-12-21|2019-03-07_2019-03-21|2019-06-05_2019-06-19|2019-08-04_2019-08-18|2020-01-01_2020-01-15|2020-10-12_2020-10-26|2022-03-06_2022-03-20|2023-02-14_2023-02-28|2023-04-30_2023-05-14|2023-07-29_2023-08-12|2023-09-12_2023-09-26|2024-08-07_2024-08-21|2024-12-05_2024-12-19|2025-07-03_2025-07-17
0.0,1,CPI m/m,Good,16,6,10,37.5,62.5,0.6,2018-09-08_2018-09-22|2018-10-08_2018-10-22|2019-02-05_2019-02-19|2019-05-06_2019-05-20|2020-01-31_2020-02-14|2020-04-30_2020-05-14|2020-05-30_2020-06-13|2022-08-03_2022-08-17|2022-11-01_2022-11-15|2023-03-31_2023-04-14|2023-06-29_2023-07-13|2023-11-11_2023-11-25|2024-05-09_2024-05-23|2024-06-08_2024-06-22|2024-07-08_2024-07-22|2025-04-04_2025-04-18
0.0,1,CPI m/m,Bad,10,8,2,80.0,20.0,4.0,2019-04-06_2019-04-20|2019-12-02_2019-12-16|2020-07-14_2020-07-28|2020-07-29_2020-08-12|2020-08-28_2020-09-11|2021-07-09_2021-07-23|2022-02-04_2022-02-18|2022-06-04_2022-06-18|2024-01-10_2024-01-24|2024-10-06_2024-10-20
0.1,1,CPI m/m,Neutral,28,18,10,64.3,35.7,1.8,2018-08-09_2018-08-23|2018-09-08_2018-09-22|2018-10-08_2018-10-22|2018-12-07_2018-12-21|2019-02-05_2019-02-19|2019-03-07_2019-03-21|2019-06-05_2019-06-19|2019-08-04_2019-08-18|2019-12-02_2019-12-16|2020-01-01_2020-01-15|2020-01-31_2020-02-14|2020-05-30_2020-06-13|2020-07-14_2020-07-28|2020-10-12_2020-10-26|2022-03-06_2022-03-20|2023-02-14_2023-02-28|2023-03-31_2023-04-14|2023-04-30_2023-05-14|2023-06-29_2023-07-13|2023-07-29_2023-08-12|2023-09-12_2023-09-26|2023-11-11_2023-11-25|2024-01-10_2024-01-24|2024-06-08_2024-06-22|2024-08-07_2024-08-21|2024-10-06_2024-10-20|2024-12-05_2024-12-19|2025-07-03_2025-07-17
0.1,1,CPI m/m,Bad,6,5,1,83.3,16.7,5.0,2019-04-06_2019-04-20|2020-07-29_2020-08-12|2020-08-28_2020-09-11|2021-07-09_2021-07-23|2022-02-04_2022-02-18|2022-06-04_2022-06-18
0.1,1,CPI m/m,Good,7,2,5,28.6,71.4,0.4,2019-05-06_2019-05-20|2020-04-30_2020-05-14|2022-08-03_2022-08-17|2022-11-01_2022-11-15|2024-05-09_2024-05-23|2024-07-08_2024-07-22|2025-04-04_2025-04-18
0.2,1,CPI m/m,Neutral,38,23,15,60.5,39.5,1.53,2018-08-09_2018-08-23|2018-09-08_2018-09-22|2018-10-08_2018-10-22|2018-12-07_2018-12-21|2019-02-05_2019-02-19|2019-03-07_2019-03-21|2019-04-06_2019-04-20|2019-05-06_2019-05-20|2019-06-05_2019-06-19|2019-08-04_2019-08-18|2019-12-02_2019-12-16|2020-01-01_2020-01-15|2020-01-31_2020-02-14|2020-04-30_2020-05-14|2020-05-30_2020-06-13|2020-07-14_2020-07-28|2020-08-28_2020-09-11|2020-10-12_2020-10-26|2022-02-04_2022-02-18|2022-03-06_2022-03-20|2022-08-03_2022-08-17|2022-11-01_2022-11-15|2023-02-14_2023-02-28|2023-03-31_2023-04-14|2023-04-30_2023-05-14|2023-06-29_2023-07-13|2023-07-29_2023-08-12|2023-09-12_2023-09-26|2023-11-11_2023-11-25|2024-01-10_2024-01-24|2024-05-09_2024-05-23|2024-06-08_2024-06-22|2024-07-08_2024-07-22|2024-08-07_2024-08-21|2024-10-06_2024-10-20|2024-12-05_2024-12-19|2025-04-04_2025-04-18|2025-07-03_2025-07-17
0.2,1,CPI m/m,Bad,3,2,1,66.7,33.3,2.0,2020-07-29_2020-08-12|2021-07-09_2021-07-23|2022-06-04_2022-06-18
0.3,1,CPI m/m,Neutral,39,23,16,59.0,41.0,1.44,2018-08-09_2018-08-23|2018-09-08_2018-09-22|2018-10-08_2018-10-22|2018-12-07_2018-12-21|2019-02-05_2019-02-19|2019-03-07_2019-03-21|2019-04-06_2019-04-20|2019-05-06_2019-05-20|2019-06-05_2019-06-19|2019-08-04_2019-08-18|2019-12-02_2019-12-16|2020-01-01_2020-01-15|2020-01-31_2020-02-14|2020-04-30_2020-05-14|2020-05-30_2020-06-13|2020-07-14_2020-07-28|2020-07-29_2020-08-12|2020-08-28_2020-09-11|2020-10-12_2020-10-26|2022-02-04_2022-02-18|2022-03-06_2022-03-20|2022-08-03_2022-08-17|2022-11-01_2022-11-15|2023-02-14_2023-02-28|2023-03-31_2023-04-14|2023-04-30_2023-05-14|2023-06-29_2023-07-13|2023-07-29_2023-08-12|2023-09-12_2023-09-26|2023-11-11_2023-11-25|2024-01-10_2024-01-24|2024-05-09_2024-05-23|2024-06-08_2024-06-22|2024-07-08_2024-07-22|2024-08-07_2024-08-21|2024-10-06_2024-10-20|2024-12-05_2024-12-19|2025-04-04_2025-04-18|2025-07-03_2025-07-17
0.3,1,CPI m/m,Bad,2,2,0,100.0,0.0,inf,2021-07-09_2021-07-23|2022-06-04_2022-06-18
0.0,1,Core CPI m/m,Neutral,14,10,4,71.4,28.6,2.5,2018-08-09_2018-08-23|2018-12-07_2018-12-21|2019-02-05_2019-02-19|2019-12-02_2019-12-16|2020-01-31_2020-02-14|2020-10-12_2020-10-26|2022-03-06_2022-03-20|2023-02-14_2023-02-28|2023-03-31_2023-04-14|2023-07-29_2023-08-12|2024-01-10_2024-01-24|2024-05-09_2024-05-23|2024-08-07_2024-08-21|2024-12-05_2024-12-19
0.0,1,Core CPI m/m,Good,17,7,10,41.2,58.8,0.7,2018-09-08_2018-09-22|2018-10-08_2018-10-22|2019-03-07_2019-03-21|2019-04-06_2019-04-20|2019-05-06_2019-05-20|2019-06-05_2019-06-19|2020-01-01_2020-01-15|2020-04-30_2020-05-14|2020-05-30_2020-06-13|2022-08-03_2022-08-17|2022-11-01_2022-11-15|2023-06-29_2023-07-13|2023-11-11_2023-11-25|2024-06-08_2024-06-22|2024-07-08_2024-07-22|2025-04-04_2025-04-18|2025-07-03_2025-07-17
0.0,1,Core CPI m/m,Bad,10,8,2,80.0,20.0,4.0,2019-08-04_2019-08-18|2020-07-14_2020-07-28|2020-07-29_2020-08-12|2020-08-28_2020-09-11|2021-07-09_2021-07-23|2022-02-04_2022-02-18|2022-06-04_2022-06-18|2023-04-30_2023-05-14|2023-09-12_2023-09-26|2024-10-06_2024-10-20
0.1,1,Core CPI m/m,Neutral,33,22,11,66.7,33.3,2.0,2018-08-09_2018-08-23|2018-09-08_2018-09-22|2018-10-08_2018-10-22|2018-12-07_2018-12-21|2019-02-05_2019-02-19|2019-03-07_2019-03-21|2019-04-06_2019-04-20|2019-05-06_2019-05-20|2019-06-05_2019-06-19|2019-08-04_2019-08-18|2019-12-02_2019-12-16|2020-01-01_2020-01-15|2020-01-31_2020-02-14|2020-05-30_2020-06-13|2020-07-14_2020-07-28|2020-10-12_2020-10-26|2022-02-04_2022-02-18|2022-03-06_2022-03-20|2022-06-04_2022-06-18|2023-02-14_2023-02-28|2023-03-31_2023-04-14|2023-06-29_2023-07-13|2023-07-29_2023-08-12|2023-09-12_2023-09-26|2023-11-11_2023-11-25|2024-01-10_2024-01-24|2024-05-09_2024-05-23|2024-06-08_2024-06-22|2024-07-08_2024-07-22|2024-08-07_2024-08-21|2024-10-06_2024-10-20|2024-12-05_2024-12-19|2025-07-03_2025-07-17
0.1,1,Core CPI m/m,Good,4,1,3,25.0,75.0,0.33,2020-04-30_2020-05-14|2022-08-03_2022-08-17|2022-11-01_2022-11-15|2025-04-04_2025-04-18
0.1,1,Core CPI m/m,Bad,4,2,2,50.0,50.0,1.0,2020-07-29_2020-08-12|2020-08-28_2020-09-11|2021-07-09_2021-07-23|2023-04-30_2023-05-14
0.2,1,Core CPI m/m,Neutral,39,24,15,61.5,38.5,1.6,2018-08-09_2018-08-23|2018-09-08_2018-09-22|2018-10-08_2018-10-22|2018-12-07_2018-12-21|2019-02-05_2019-02-19|2019-03-07_2019-03-21|2019-04-06_2019-04-20|2019-05-06_2019-05-20|2019-06-05_2019-06-19|2019-08-04_2019-08-18|2019-12-02_2019-12-16|2020-01-01_2020-01-15|2020-01-31_2020-02-14|2020-04-30_2020-05-14|2020-05-30_2020-06-13|2020-07-14_2020-07-28|2020-08-28_2020-09-11|2020-10-12_2020-10-26|2022-02-04_2022-02-18|2022-03-06_2022-03-20|2022-06-04_2022-06-18|2022-08-03_2022-08-17|2022-11-01_2022-11-15|2023-02-14_2023-02-28|2023-03-31_2023-04-14|2023-04-30_2023-05-14|2023-06-29_2023-07-13|2023-07-29_2023-08-12|2023-09-12_2023-09-26|2023-11-11_2023-11-25|2024-01-10_2024-01-24|2024-05-09_2024-05-23|2024-06-08_2024-06-22|2024-07-08_2024-07-22|2024-08-07_2024-08-21|2024-10-06_2024-10-20|2024-12-05_2024-12-19|2025-04-04_2025-04-18|2025-07-03_2025-07-17
0.2,1,Core CPI m/m,Bad,2,1,1,50.0,50.0,1.0,2020-07-29_2020-08-12|2021-07-09_2021-07-23
0.3,1,Core CPI m/m,Neutral,39,24,15,61.5,38.5,1.6,2018-08-09_2018-08-23|2018-09-08_2018-09-22|2018-10-08_2018-10-22|2018-12-07_2018-12-21|2019-02-05_2019-02-19|2019-03-07_2019-03-21|2019-04-06_2019-04-20|2019-05-06_2019-05-20|2019-06-05_2019-06-19|2019-08-04_2019-08-18|2019-12-02_2019-12-16|2020-01-01_2020-01-15|2020-01-31_2020-02-14|2020-04-30_2020-05-14|2020-05-30_2020-06-13|2020-07-14_2020-07-28|2020-08-28_2020-09-11|2020-10-12_2020-10-26|2022-02-04_2022-02-18|2022-03-06_2022-03-20|2022-06-04_2022-06-18|2022-08-03_2022-08-17|2022-11-01_2022-11-15|2023-02-14_2023-02-28|2023-03-31_2023-04-14|2023-04-30_2023-05-14|2023-06-29_2023-07-13|2023-07-29_2023-08-12|2023-09-12_2023-09-26|2023-11-11_2023-11-25|2024-01-10_2024-01-24|2024-05-09_2024-05-23|2024-06-08_2024-06-22|2024-07-08_2024-07-22|2024-08-07_2024-08-21|2024-10-06_2024-10-20|2024-12-05_2024-12-19|2025-04-04_2025-04-18|2025-07-03_2025-07-17
0.3,1,Core CPI m/m,Bad,2,1,1,50.0,50.0,1.0,2020-07-29_2020-08-12|2021-07-09_2021-07-23
0.0,1,PPI m/m,Good,22,11,11,50.0,50.0,1.0,2018-08-09_2018-08-23|2018-09-08_2018-09-22|2019-02-05_2019-02-19|2019-03-07_2019-03-21|2019-12-02_2019-12-16|2020-01-01_2020-01-15|2020-04-30_2020-05-14|2022-03-06_2022-03-20|2022-08-03_2022-08-17|2022-11-01_2022-11-15|2023-01-15_2023-01-29|2023-03-31_2023-04-14|2023-04-30_2023-05-14|2023-06-14_2023-06-28|2023-06-29_2023-07-13|2023-11-11_2023-11-25|2024-01-10_2024-01-24|2024-06-08_2024-06-22|2024-08-07_2024-08-21|2024-10-06_2024-10-20|2025-04-04_2025-04-18|2025-07-03_2025-07-17
0.0,1,PPI m/m,Neutral,7,3,4,42.9,57.1,0.75,2018-10-08_2018-10-22|2019-05-06_2019-05-20|2019-06-05_2019-06-19|2019-08-04_2019-08-18|2022-06-04_2022-06-18|2025-11-15_2025-11-29|2026-01-14_2026-01-28
0.0,1,PPI m/m,Bad,17,13,4,76.5,23.5,3.25,2018-12-07_2018-12-21|2019-04-06_2019-04-20|2020-05-30_2020-06-13|2020-07-29_2020-08-12|2020-08-28_2020-09-11|2020-10-12_2020-10-26|2021-03-11_2021-03-25|2021-03-26_2021-04-09|2021-07-09_2021-07-23|2022-02-04_2022-02-18|2023-02-14_2023-02-28|2023-07-29_2023-08-12|2023-09-12_2023-09-26|2023-09-27_2023-10-11|2024-05-09_2024-05-23|2024-07-08_2024-07-22|2024-12-05_2024-12-19
0.1,1,PPI m/m,Good,16,8,8,50.0,50.0,1.0,2018-08-09_2018-08-23|2018-09-08_2018-09-22|2019-02-05_2019-02-19|2019-12-02_2019-12-16|2020-04-30_2020-05-14|2022-03-06_2022-03-20|2022-08-03_2022-08-17|2022-11-01_2022-11-15|2023-01-15_2023-01-29|2023-03-31_2023-04-14|2023-06-14_2023-06-28|2023-11-11_2023-11-25|2024-01-10_2024-01-24|2024-06-08_2024-06-22|2025-04-04_2025-04-18|2025-07-03_2025-07-17
0.1,1,PPI m/m,Neutral,18,11,7,61.1,38.9,1.57,2018-10-08_2018-10-22|2018-12-07_2018-12-21|2019-03-07_2019-03-21|2019-05-06_2019-05-20|2019-06-05_2019-06-19|2019-08-04_2019-08-18|2020-01-01_2020-01-15|2020-08-28_2020-09-11|2021-03-11_2021-03-25|2022-06-04_2022-06-18|2023-04-30_2023-05-14|2023-06-29_2023-07-13|2023-07-29_2023-08-12|2024-07-08_2024-07-22|2024-08-07_2024-08-21|2024-10-06_2024-10-20|2025-11-15_2025-11-29|2026-01-14_2026-01-28
0.1,1,PPI m/m,Bad,12,8,4,66.7,33.3,2.0,2019-04-06_2019-04-20|2020-05-30_2020-06-13|2020-07-29_2020-08-12|2020-10-12_2020-10-26|2021-03-26_2021-04-09|2021-07-09_2021-07-23|2022-02-04_2022-02-18|2023-02-14_2023-02-28|2023-09-12_2023-09-26|2023-09-27_2023-10-11|2024-05-09_2024-05-23|2024-12-05_2024-12-19
0.2,1,PPI m/m,Neutral,30,18,12,60.0,40.0,1.5,2018-08-09_2018-08-23|2018-10-08_2018-10-22|2018-12-07_2018-12-21|2019-02-05_2019-02-19|2019-03-07_2019-03-21|2019-05-06_2019-05-20|2019-06-05_2019-06-19|2019-08-04_2019-08-18|2019-12-02_2019-12-16|2020-01-01_2020-01-15|2020-08-28_2020-09-11|2020-10-12_2020-10-26|2021-03-11_2021-03-25|2022-03-06_2022-03-20|2022-06-04_2022-06-18|2022-11-01_2022-11-15|2023-04-30_2023-05-14|2023-06-14_2023-06-28|2023-06-29_2023-07-13|2023-07-29_2023-08-12|2023-09-27_2023-10-11|2024-01-10_2024-01-24|2024-05-09_2024-05-23|2024-07-08_2024-07-22|2024-08-07_2024-08-21|2024-10-06_2024-10-20|2024-12-05_2024-12-19|2025-07-03_2025-07-17|2025-11-15_2025-11-29|2026-01-14_2026-01-28
0.2,1,PPI m/m,Good,8,4,4,50.0,50.0,1.0,2018-09-08_2018-09-22|2020-04-30_2020-05-14|2022-08-03_2022-08-17|2023-01-15_2023-01-29|2023-03-31_2023-04-14|2023-11-11_2023-11-25|2024-06-08_2024-06-22|2025-04-04_2025-04-18
0.2,1,PPI m/m,Bad,8,5,3,62.5,37.5,1.67,2019-04-06_2019-04-20|2020-05-30_2020-06-13|2020-07-29_2020-08-12|2021-03-26_2021-04-09|2021-07-09_2021-07-23|2022-02-04_2022-02-18|2023-02-14_2023-02-28|2023-09-12_2023-09-26
0.3,1,PPI m/m,Neutral,34,21,13,61.8,38.2,1.62,2018-08-09_2018-08-23|2018-10-08_2018-10-22|2018-12-07_2018-12-21|2019-02-05_2019-02-19|2019-03-07_2019-03-21|2019-04-06_2019-04-20|2019-05-06_2019-05-20|2019-06-05_2019-06-19|2019-08-04_2019-08-18|2019-12-02_2019-12-16|2020-01-01_2020-01-15|2020-07-29_2020-08-12|2020-08-28_2020-09-11|2020-10-12_2020-10-26|2021-03-11_2021-03-25|2022-03-06_2022-03-20|2022-06-04_2022-06-18|2022-11-01_2022-11-15|2023-02-14_2023-02-28|2023-04-30_2023-05-14|2023-06-14_2023-06-28|2023-06-29_2023-07-13|2023-07-29_2023-08-12|2023-09-12_2023-09-26|2023-09-27_2023-10-11|2024-01-10_2024-01-24|2024-05-09_2024-05-23|2024-07-08_2024-07-22|2024-08-07_2024-08-21|2024-10-06_2024-10-20|2024-12-05_2024-12-19|2025-07-03_2025-07-17|2025-11-15_2025-11-29|2026-01-14_2026-01-28
0.3,1,PPI m/m,Good,8,4,4,50.0,50.0,1.0,2018-09-08_2018-09-22|2020-04-30_2020-05-14|2022-08-03_2022-08-17|2023-01-15_2023-01-29|2023-03-31_2023-04-14|2023-11-11_2023-11-25|2024-06-08_2024-06-22|2025-04-04_2025-04-18
0.3,1,PPI m/m,Bad,4,2,2,50.0,50.0,1.0,2020-05-30_2020-06-13|2021-03-26_2021-04-09|2021-07-09_2021-07-23|2022-02-04_2022-02-18
0.0,1,Core PPI m/m,Good,22,11,11,50.0,50.0,1.0,2018-08-09_2018-08-23|2018-09-08_2018-09-22|2019-03-07_2019-03-21|2019-05-06_2019-05-20|2019-08-04_2019-08-18|2019-12-02_2019-12-16|2020-01-01_2020-01-15|2020-04-30_2020-05-14|2022-03-06_2022-03-20|2022-06-04_2022-06-18|2022-08-03_2022-08-17|2022-11-01_2022-11-15|2023-03-31_2023-04-14|2023-06-29_2023-07-13|2023-11-11_2023-11-25|2024-01-10_2024-01-24|2024-06-08_2024-06-22|2024-08-07_2024-08-21|2025-04-04_2025-04-18|2025-07-03_2025-07-17|2025-11-15_2025-11-29|2026-01-14_2026-01-28
0.0,1,Core PPI m/m,Neutral,10,5,5,50.0,50.0,1.0,2018-10-08_2018-10-22|2019-06-05_2019-06-19|2020-05-30_2020-06-13|2021-03-11_2021-03-25|2023-01-15_2023-01-29|2023-04-30_2023-05-14|2023-06-14_2023-06-28|2023-09-12_2023-09-26|2024-10-06_2024-10-20|2024-12-05_2024-12-19
0.0,1,Core PPI m/m,Bad,14,11,3,78.6,21.4,3.67,2018-12-07_2018-12-21|2019-02-05_2019-02-19|2019-04-06_2019-04-20|2020-07-29_2020-08-12|2020-08-28_2020-09-11|2020-10-12_2020-10-26|2021-03-26_2021-04-09|2021-07-09_2021-07-23|2022-02-04_2022-02-18|2023-02-14_2023-02-28|2023-07-29_2023-08-12|2023-09-27_2023-10-11|2024-05-09_2024-05-23|2024-07-08_2024-07-22
0.1,1,Core PPI m/m,Neutral,21,12,9,57.1,42.9,1.33,2018-08-09_2018-08-23|2018-10-08_2018-10-22|2019-02-05_2019-02-19|2019-03-07_2019-03-21|2019-04-06_2019-04-20|2019-05-06_2019-05-20|2019-06-05_2019-06-19|2020-01-01_2020-01-15|2020-05-30_2020-06-13|2021-03-11_2021-03-25|2022-06-04_2022-06-18|2023-01-15_2023-01-29|2023-04-30_2023-05-14|2023-06-14_2023-06-28|2023-06-29_2023-07-13|2023-07-29_2023-08-12|2023-09-12_2023-09-26|2023-09-27_2023-10-11|2024-10-06_2024-10-20|2024-12-05_2024-12-19|2025-11-15_2025-11-29
0.1,1,Core PPI m/m,Good,15,8,7,53.3,46.7,1.14,2018-09-08_2018-09-22|2019-08-04_2019-08-18|2019-12-02_2019-12-16|2020-04-30_2020-05-14|2022-03-06_2022-03-20|2022-08-03_2022-08-17|2022-11-01_2022-11-15|2023-03-31_2023-04-14|2023-11-11_2023-11-25|2024-01-10_2024-01-24|2024-06-08_2024-06-22|2024-08-07_2024-08-21|2025-04-04_2025-04-18|2025-07-03_2025-07-17|2026-01-14_2026-01-28
0.1,1,Core PPI m/m,Bad,10,7,3,70.0,30.0,2.33,2018-12-07_2018-12-21|2020-07-29_2020-08-12|2020-08-28_2020-09-11|2020-10-12_2020-10-26|2021-03-26_2021-04-09|2021-07-09_2021-07-23|2022-02-04_2022-02-18|2023-02-14_2023-02-28|2024-05-09_2024-05-23|2024-07-08_2024-07-22
0.2,1,Core PPI m/m,Neutral,32,21,11,65.6,34.4,1.91,2018-08-09_2018-08-23|2018-10-08_2018-10-22|2018-12-07_2018-12-21|2019-02-05_2019-02-19|2019-03-07_2019-03-21|2019-04-06_2019-04-20|2019-05-06_2019-05-20|2019-06-05_2019-06-19|2020-01-01_2020-01-15|2020-04-30_2020-05-14|2020-05-30_2020-06-13|2020-08-28_2020-09-11|2020-10-12_2020-10-26|2021-03-11_2021-03-25|2022-06-04_2022-06-18|2022-08-03_2022-08-17|2023-01-15_2023-01-29|2023-02-14_2023-02-28|2023-04-30_2023-05-14|2023-06-14_2023-06-28|2023-06-29_2023-07-13|2023-07-29_2023-08-12|2023-09-12_2023-09-26|2023-09-27_2023-10-11|2024-01-10_2024-01-24|2024-07-08_2024-07-22|2024-08-07_2024-08-21|2024-10-06_2024-10-20|2024-12-05_2024-12-19|2025-07-03_2025-07-17|2025-11-15_2025-11-29|2026-01-14_2026-01-28
0.2,1,Core PPI m/m,Good,9,4,5,44.4,55.6,0.8,2018-09-08_2018-09-22|2019-08-04_2019-08-18|2019-12-02_2019-12-16|2022-03-06_2022-03-20|2022-11-01_2022-11-15|2023-03-31_2023-04-14|2023-11-11_2023-11-25|2024-06-08_2024-06-22|2025-04-04_2025-04-18
0.2,1,Core PPI m/m,Bad,5,2,3,40.0,60.0,0.67,2020-07-29_2020-08-12|2021-03-26_2021-04-09|2021-07-09_2021-07-23|2022-02-04_2022-02-18|2024-05-09_2024-05-23
0.3,1,Core PPI m/m,Neutral,36,22,14,61.1,38.9,1.57,2018-08-09_2018-08-23|2018-10-08_2018-10-22|2018-12-07_2018-12-21|2019-02-05_2019-02-19|2019-03-07_2019-03-21|2019-04-06_2019-04-20|2019-05-06_2019-05-20|2019-06-05_2019-06-19|2020-01-01_2020-01-15|2020-04-30_2020-05-14|2020-05-30_2020-06-13|2020-08-28_2020-09-11|2020-10-12_2020-10-26|2021-03-11_2021-03-25|2022-06-04_2022-06-18|2022-08-03_2022-08-17|2022-11-01_2022-11-15|2023-01-15_2023-01-29|2023-02-14_2023-02-28|2023-04-30_2023-05-14|2023-06-14_2023-06-28|2023-06-29_2023-07-13|2023-07-29_2023-08-12|2023-09-12_2023-09-26|2023-09-27_2023-10-11|2023-11-11_2023-11-25|2024-01-10_2024-01-24|2024-05-09_2024-05-23|2024-06-08_2024-06-22|2024-07-08_2024-07-22|2024-08-07_2024-08-21|2024-10-06_2024-10-20|2024-12-05_2024-12-19|2025-07-03_2025-07-17|2025-11-15_2025-11-29|2026-01-14_2026-01-28
0.3,1,Core PPI m/m,Good,6,3,3,50.0,50.0,1.0,2018-09-08_2018-09-22|2019-08-04_2019-08-18|2019-12-02_2019-12-16|2022-03-06_2022-03-20|2023-03-31_2023-04-14|2025-04-04_2025-04-18
0.3,1,Core PPI m/m,Bad,4,2,2,50.0,50.0,1.0,2020-07-29_2020-08-12|2021-03-26_2021-04-09|2021-07-09_2021-07-23|2022-02-04_2022-02-18
0.0,1,FOMC,Neutral,7,5,2,71.4,28.6,2.5,2023-04-30_2023-05-14|2023-06-14_2023-06-28|2023-07-14_2023-07-28|2023-09-12_2023-09-26|2023-10-27_2023-11-10|2024-06-08_2024-06-22|2024-12-05_2024-12-19
0.1,1,FOMC,Neutral,7,5,2,71.4,28.6,2.5,2023-04-30_2023-05-14|2023-06-14_2023-06-28|2023-07-14_2023-07-28|2023-09-12_2023-09-26|2023-10-27_2023-11-10|2024-06-08_2024-06-22|2024-12-05_2024-12-19
0.2,1,FOMC,Neutral,7,5,2,71.4,28.6,2.5,2023-04-30_2023-05-14|2023-06-14_2023-06-28|2023-07-14_2023-07-28|2023-09-12_2023-09-26|2023-10-27_2023-11-10|2024-06-08_2024-06-22|2024-12-05_2024-12-19
0.3,1,FOMC,Neutral,7,5,2,71.4,28.6,2.5,2023-04-30_2023-05-14|2023-06-14_2023-06-28|2023-07-14_2023-07-28|2023-09-12_2023-09-26|2023-10-27_2023-11-10|2024-06-08_2024-06-22|2024-12-05_2024-12-19
0.0,1,CPI y/y,Neutral,8,6,2,75.0,25.0,3.0,2018-08-09_2018-08-23|2018-12-07_2018-12-21|2020-01-01_2020-01-15|2020-07-14_2020-07-28|2020-10-12_2020-10-26|2022-03-06_2022-03-20|2024-05-09_2024-05-23|2024-12-05_2024-12-19
0.0,1,CPI y/y,Good,18,6,12,33.3,66.7,0.5,2018-09-08_2018-09-22|2018-10-08_2018-10-22|2019-03-07_2019-03-21|2019-05-06_2019-05-20|2019-06-05_2019-06-19|2020-04-30_2020-05-14|2020-05-30_2020-06-13|2022-08-03_2022-08-17|2022-11-01_2022-11-15|2023-03-31_2023-04-14|2023-04-30_2023-05-14|2023-06-29_2023-07-13|2023-07-29_2023-08-12|2023-11-11_2023-11-25|2024-06-08_2024-06-22|2024-07-08_2024-07-22|2024-08-07_2024-08-21|2025-04-04_2025-04-18
0.0,1,CPI y/y,Bad,15,13,2,86.7,13.3,6.5,2019-02-05_2019-02-19|2019-04-06_2019-04-20|2019-08-04_2019-08-18|2019-12-02_2019-12-16|2020-01-31_2020-02-14|2020-07-29_2020-08-12|2020-08-28_2020-09-11|2021-07-09_2021-07-23|2022-02-04_2022-02-18|2022-06-04_2022-06-18|2023-02-14_2023-02-28|2023-09-12_2023-09-26|2024-01-10_2024-01-24|2024-10-06_2024-10-20|2025-07-03_2025-07-17
0.1,1,CPI y/y,Neutral,15,9,6,60.0,40.0,1.5,2018-08-09_2018-08-23|2018-09-08_2018-09-22|2018-12-07_2018-12-21|2019-04-06_2019-04-20|2019-06-05_2019-06-19|2020-01-01_2020-01-15|2020-07-14_2020-07-28|2020-10-12_2020-10-26|2022-03-06_2022-03-20|2023-03-31_2023-04-14|2023-04-30_2023-05-14|2023-07-29_2023-08-12|2023-11-11_2023-11-25|2024-05-09_2024-05-23|2024-12-05_2024-12-19
0.1,1,CPI y/y,Good,12,4,8,33.3,66.7,0.5,2018-10-08_2018-10-22|2019-03-07_2019-03-21|2019-05-06_2019-05-20|2020-04-30_2020-05-14|2020-05-30_2020-06-13|2022-08-03_2022-08-17|2022-11-01_2022-11-15|2023-06-29_2023-07-13|2024-06-08_2024-06-22|2024-07-08_2024-07-22|2024-08-07_2024-08-21|2025-04-04_2025-04-18
0.1,1,CPI y/y,Bad,14,12,2,85.7,14.3,6.0,2019-02-05_2019-02-19|2019-08-04_2019-08-18|2019-12-02_2019-12-16|2020-01-31_2020-02-14|2020-07-29_2020-08-12|2020-08-28_2020-09-11|2021-07-09_2021-07-23|2022-02-04_2022-02-18|2022-06-04_2022-06-18|2023-02-14_2023-02-28|2023-09-12_2023-09-26|2024-01-10_2024-01-24|2024-10-06_2024-10-20|2025-07-03_2025-07-17
0.2,1,CPI y/y,Neutral,35,21,14,60.0,40.0,1.5,2018-08-09_2018-08-23|2018-09-08_2018-09-22|2018-10-08_2018-10-22|2018-12-07_2018-12-21|2019-02-05_2019-02-19|2019-03-07_2019-03-21|2019-04-06_2019-04-20|2019-05-06_2019-05-20|2019-06-05_2019-06-19|2019-08-04_2019-08-18|2019-12-02_2019-12-16|2020-01-01_2020-01-15|2020-01-31_2020-02-14|2020-04-30_2020-05-14|2020-05-30_2020-06-13|2020-07-14_2020-07-28|2020-08-28_2020-09-11|2020-10-12_2020-10-26|2022-03-06_2022-03-20|2022-08-03_2022-08-17|2023-03-31_2023-04-14|2023-04-30_2023-05-14|2023-06-29_2023-07-13|2023-07-29_2023-08-12|2023-09-12_2023-09-26|2023-11-11_2023-11-25|2024-01-10_2024-01-24|2024-05-09_2024-05-23|2024-06-08_2024-06-22|2024-07-08_2024-07-22|2024-08-07_2024-08-21|2024-10-06_2024-10-20|2024-12-05_2024-12-19|2025-04-04_2025-04-18|2025-07-03_2025-07-17
0.2,1,CPI y/y,Bad,5,4,1,80.0,20.0,4.0,2020-07-29_2020-08-12|2021-07-09_2021-07-23|2022-02-04_2022-02-18|2022-06-04_2022-06-18|2023-02-14_2023-02-28
0.2,1,CPI y/y,Good,1,0,1,0.0,100.0,0.0,2022-11-01_2022-11-15
0.3,1,CPI y/y,Neutral,39,24,15,61.5,38.5,1.6,2018-08-09_2018-08-23|2018-09-08_2018-09-22|2018-10-08_2018-10-22|2018-12-07_2018-12-21|2019-02-05_2019-02-19|2019-03-07_2019-03-21|2019-04-06_2019-04-20|2019-05-06_2019-05-20|2019-06-05_2019-06-19|2019-08-04_2019-08-18|2019-12-02_2019-12-16|2020-01-01_2020-01-15|2020-01-31_2020-02-14|2020-04-30_2020-05-14|2020-05-30_2020-06-13|2020-07-14_2020-07-28|2020-08-28_2020-09-11|2020-10-12_2020-10-26|2022-02-04_2022-02-18|2022-03-06_2022-03-20|2022-06-04_2022-06-18|2022-08-03_2022-08-17|2022-11-01_2022-11-15|2023-02-14_2023-02-28|2023-03-31_2023-04-14|2023-04-30_2023-05-14|2023-06-29_2023-07-13|2023-07-29_2023-08-12|2023-09-12_2023-09-26|2023-11-11_2023-11-25|2024-01-10_2024-01-24|2024-05-09_2024-05-23|2024-06-08_2024-06-22|2024-07-08_2024-07-22|2024-08-07_2024-08-21|2024-10-06_2024-10-20|2024-12-05_2024-12-19|2025-04-04_2025-04-18|2025-07-03_2025-07-17
0.3,1,CPI y/y,Bad,2,1,1,50.0,50.0,1.0,2020-07-29_2020-08-12|2021-07-09_2021-07-23
0.0,2,CPI m/m|Core CPI m/m,Neutral|Neutral,8,7,1,87.5,12.5,7.0,2018-08-09_2018-08-23|2018-12-07_2018-12-21|2020-10-12_2020-10-26|2022-03-06_2022-03-20|2023-02-14_2023-02-28|2023-07-29_2023-08-12|2024-08-07_2024-08-21|2024-12-05_2024-12-19
0.0,2,CPI m/m|Core CPI m/m,Good|Good,12,4,8,33.3,66.7,0.5,2018-09-08_2018-09-22|2018-10-08_2018-10-22|2019-05-06_2019-05-20|2020-04-30_2020-05-14|2020-05-30_2020-06-13|2022-08-03_2022-08-17|2022-11-01_2022-11-15|2023-06-29_2023-07-13|2023-11-11_2023-11-25|2024-06-08_2024-06-22|2024-07-08_2024-07-22|2025-04-04_2025-04-18
0.0,2,CPI m/m|Core CPI m/m,Good|Neutral,4,2,2,50.0,50.0,1.0,2019-02-05_2019-02-19|2020-01-31_2020-02-14|2023-03-31_2023-04-14|2024-05-09_2024-05-23
0.0,2,CPI m/m|Core CPI m/m,Neutral|Good,4,2,2,50.0,50.0,1.0,2019-03-07_2019-03-21|2019-06-05_2019-06-19|2020-01-01_2020-01-15|2025-07-03_2025-07-17
0.0,2,CPI m/m|Core CPI m/m,Bad|Good,1,1,0,100.0,0.0,inf,2019-04-06_2019-04-20
0.0,2,CPI m/m|Core CPI m/m,Neutral|Bad,3,2,1,66.7,33.3,2.0,2019-08-04_2019-08-18|2023-04-30_2023-05-14|2023-09-12_2023-09-26
0.0,2,CPI m/m|Core CPI m/m,Bad|Neutral,2,1,1,50.0,50.0,1.0,2019-12-02_2019-12-16|2024-01-10_2024-01-24
0.0,2,CPI m/m|Core CPI m/m,Bad|Bad,7,6,1,85.7,14.3,6.0,2020-07-14_2020-07-28|2020-07-29_2020-08-12|2020-08-28_2020-09-11|2021-07-09_2021-07-23|2022-02-04_2022-02-18|2022-06-04_2022-06-18|2024-10-06_2024-10-20
0.1,2,CPI m/m|Core CPI m/m,Neutral|Neutral,27,18,9,66.7,33.3,2.0,2018-08-09_2018-08-23|2018-09-08_2018-09-22|2018-10-08_2018-10-22|2018-12-07_2018-12-21|2019-02-05_2019-02-19|2019-03-07_2019-03-21|2019-06-05_2019-06-19|2019-08-04_2019-08-18|2019-12-02_2019-12-16|2020-01-01_2020-01-15|2020-01-31_2020-02-14|2020-05-30_2020-06-13|2020-07-14_2020-07-28|2020-10-12_2020-10-26|2022-03-06_2022-03-20|2023-02-14_2023-02-28|2023-03-31_2023-04-14|2023-06-29_2023-07-13|2023-07-29_2023-08-12|2023-09-12_2023-09-26|2023-11-11_2023-11-25|2024-01-10_2024-01-24|2024-06-08_2024-06-22|2024-08-07_2024-08-21|2024-10-06_2024-10-20|2024-12-05_2024-12-19|2025-07-03_2025-07-17
0.1,2,CPI m/m|Core CPI m/m,Bad|Neutral,3,3,0,100.0,0.0,inf,2019-04-06_2019-04-20|2022-02-04_2022-02-18|2022-06-04_2022-06-18
0.1,2,CPI m/m|Core CPI m/m,Good|Neutral,3,1,2,33.3,66.7,0.5,2019-05-06_2019-05-20|2024-05-09_2024-05-23|2024-07-08_2024-07-22
0.1,2,CPI m/m|Core CPI m/m,Good|Good,4,1,3,25.0,75.0,0.33,2020-04-30_2020-05-14|2022-08-03_2022-08-17|2022-11-01_2022-11-15|2025-04-04_2025-04-18
0.1,2,CPI m/m|Core CPI m/m,Bad|Bad,3,2,1,66.7,33.3,2.0,2020-07-29_2020-08-12|2020-08-28_2020-09-11|2021-07-09_2021-07-23
0.1,2,CPI m/m|Core CPI m/m,Neutral|Bad,1,0,1,0.0,100.0,0.0,2023-04-30_2023-05-14
0.2,2,CPI m/m|Core CPI m/m,Neutral|Neutral,38,23,15,60.5,39.5,1.53,2018-08-09_2018-08-23|2018-09-08_2018-09-22|2018-10-08_2018-10-22|2018-12-07_2018-12-21|2019-02-05_2019-02-19|2019-03-07_2019-03-21|2019-04-06_2019-04-20|2019-05-06_2019-05-20|2019-06-05_2019-06-19|2019-08-04_2019-08-18|2019-12-02_2019-12-16|2020-01-01_2020-01-15|2020-01-31_2020-02-14|2020-04-30_2020-05-14|2020-05-30_2020-06-13|2020-07-14_2020-07-28|2020-08-28_2020-09-11|2020-10-12_2020-10-26|2022-02-04_2022-02-18|2022-03-06_2022-03-20|2022-08-03_2022-08-17|2022-11-01_2022-11-15|2023-02-14_2023-02-28|2023-03-31_2023-04-14|2023-04-30_2023-05-14|2023-06-29_2023-07-13|2023-07-29_2023-08-12|2023-09-12_2023-09-26|2023-11-11_2023-11-25|2024-01-10_2024-01-24|2024-05-09_2024-05-23|2024-06-08_2024-06-22|2024-07-08_2024-07-22|2024-08-07_2024-08-21|2024-10-06_2024-10-20|2024-12-05_2024-12-19|2025-04-04_2025-04-18|2025-07-03_2025-07-17
0.2,2,CPI m/m|Core CPI m/m,Bad|Bad,2,1,1,50.0,50.0,1.0,2020-07-29_2020-08-12|2021-07-09_2021-07-23
0.2,2,CPI m/m|Core CPI m/m,Bad|Neutral,1,1,0,100.0,0.0,inf,2022-06-04_2022-06-18
0.3,2,CPI m/m|Core CPI m/m,Neutral|Neutral,38,23,15,60.5,39.5,1.53,2018-08-09_2018-08-23|2018-09-08_2018-09-22|2018-10-08_2018-10-22|2018-12-07_2018-12-21|2019-02-05_2019-02-19|2019-03-07_2019-03-21|2019-04-06_2019-04-20|2019-05-06_2019-05-20|2019-06-05_2019-06-19|2019-08-04_2019-08-18|2019-12-02_2019-12-16|2020-01-01_2020-01-15|2020-01-31_2020-02-14|2020-04-30_2020-05-14|2020-05-30_2020-06-13|2020-07-14_2020-07-28|2020-08-28_2020-09-11|2020-10-12_2020-10-26|2022-02-04_2022-02-18|2022-03-06_2022-03-20|2022-08-03_2022-08-17|2022-11-01_2022-11-15|2023-02-14_2023-02-28|2023-03-31_2023-04-14|2023-04-30_2023-05-14|2023-06-29_2023-07-13|2023-07-29_2023-08-12|2023-09-12_2023-09-26|2023-11-11_2023-11-25|2024-01-10_2024-01-24|2024-05-09_2024-05-23|2024-06-08_2024-06-22|2024-07-08_2024-07-22|2024-08-07_2024-08-21|2024-10-06_2024-10-20|2024-12-05_2024-12-19|2025-04-04_2025-04-18|2025-07-03_2025-07-17
0.3,2,CPI m/m|Core CPI m/m,Neutral|Bad,1,0,1,0.0,100.0,0.0,2020-07-29_2020-08-12
0.3,2,CPI m/m|Core CPI m/m,Bad|Bad,1,1,0,100.0,0.0,inf,2021-07-09_2021-07-23
0.3,2,CPI m/m|Core CPI m/m,Bad|Neutral,1,1,0,100.0,0.0,inf,2022-06-04_2022-06-18
0.0,2,CPI m/m|PPI m/m,Neutral|Good,7,4,3,57.1,42.9,1.33,2018-08-09_2018-08-23|2019-03-07_2019-03-21|2020-01-01_2020-01-15|2022-03-06_2022-03-20|2023-04-30_2023-05-14|2024-08-07_2024-08-21|2025-07-03_2025-07-17
0.0,2,CPI m/m|PPI m/m,Good|Good,10,4,6,40.0,60.0,0.67,2018-09-08_2018-09-22|2019-02-05_2019-02-19|2020-04-30_2020-05-14|2022-08-03_2022-08-17|2022-11-01_2022-11-15|2023-03-31_2023-04-14|2023-06-29_2023-07-13|2023-11-11_2023-11-25|2024-06-08_2024-06-22|2025-04-04_2025-04-18
0.0,2,CPI m/m|PPI m/m,Good|Neutral,2,0,2,0.0,100.0,0.0,2018-10-08_2018-10-22|2019-05-06_2019-05-20
0.0,2,CPI m/m|PPI m/m,Neutral|Bad,6,6,0,100.0,0.0,inf,2018-12-07_2018-12-21|2020-10-12_2020-10-26|2023-02-14_2023-02-28|2023-07-29_2023-08-12|2023-09-12_2023-09-26|2024-12-05_2024-12-19
0.0,2,CPI m/m|PPI m/m,Bad|Bad,5,4,1,80.0,20.0,4.0,2019-04-06_2019-04-20|2020-07-29_2020-08-12|2020-08-28_2020-09-11|2021-07-09_2021-07-23|2022-02-04_2022-02-18
0.0,2,CPI m/m|PPI m/m,Neutral|Neutral,2,1,1,50.0,50.0,1.0,2019-06-05_2019-06-19|2019-08-04_2019-08-18
0.0,2,CPI m/m|PPI m/m,Bad|Good,3,2,1,66.7,33.3,2.0,2019-12-02_2019-12-16|2024-01-10_2024-01-24|2024-10-06_2024-10-20
0.0,2,CPI m/m|PPI m/m,Good|Bad,3,1,2,33.3,66.7,0.5,2020-05-30_2020-06-13|2024-05-09_2024-05-23|2024-07-08_2024-07-22
0.0,2,CPI m/m|PPI m/m,Bad|Neutral,1,1,0,100.0,0.0,inf,2022-06-04_2022-06-18
0.1,2,CPI m/m|PPI m/m,Neutral|Good,10,6,4,60.0,40.0,1.5,2018-08-09_2018-08-23|2018-09-08_2018-09-22|2019-02-05_2019-02-19|2019-12-02_2019-12-16|2022-03-06_2022-03-20|2023-03-31_2023-04-14|2023-11-11_2023-11-25|2024-01-10_2024-01-24|2024-06-08_2024-06-22|2025-07-03_2025-07-17
0.1,2,CPI m/m|PPI m/m,Neutral|Neutral,11,6,5,54.5,45.5,1.2,2018-10-08_2018-10-22|2018-12-07_2018-12-21|2019-03-07_2019-03-21|2019-06-05_2019-06-19|2019-08-04_2019-08-18|2020-01-01_2020-01-15|2023-04-30_2023-05-14|2023-06-29_2023-07-13|2023-07-29_2023-08-12|2024-08-07_2024-08-21|2024-10-06_2024-10-20
0.1,2,CPI m/m|PPI m/m,Bad|Bad,4,3,1,75.0,25.0,3.0,2019-04-06_2019-04-20|2020-07-29_2020-08-12|2021-07-09_2021-07-23|2022-02-04_2022-02-18
0.1,2,CPI m/m|PPI m/m,Good|Neutral,2,1,1,50.0,50.0,1.0,2019-05-06_2019-05-20|2024-07-08_2024-07-22
0.1,2,CPI m/m|PPI m/m,Good|Good,4,1,3,25.0,75.0,0.33,2020-04-30_2020-05-14|2022-08-03_2022-08-17|2022-11-01_2022-11-15|2025-04-04_2025-04-18
0.1,2,CPI m/m|PPI m/m,Neutral|Bad,5,4,1,80.0,20.0,4.0,2020-05-30_2020-06-13|2020-10-12_2020-10-26|2023-02-14_2023-02-28|2023-09-12_2023-09-26|2024-12-05_2024-12-19
0.1,2,CPI m/m|PPI m/m,Bad|Neutral,2,2,0,100.0,0.0,inf,2020-08-28_2020-09-11|2022-06-04_2022-06-18
0.1,2,CPI m/m|PPI m/m,Good|Bad,1,0,1,0.0,100.0,0.0,2024-05-09_2024-05-23
0.2,2,CPI m/m|PPI m/m,Neutral|Neutral,24,14,10,58.3,41.7,1.4,2018-08-09_2018-08-23|2018-10-08_2018-10-22|2018-12-07_2018-12-21|2019-02-05_2019-02-19|2019-03-07_2019-03-21|2019-05-06_2019-05-20|2019-06-05_2019-06-19|2019-08-04_2019-08-18|2019-12-02_2019-12-16|2020-01-01_2020-01-15|2020-08-28_2020-09-11|2020-10-12_2020-10-26|2022-03-06_2022-03-20|2022-11-01_2022-11-15|2023-04-30_2023-05-14|2023-06-29_2023-07-13|2023-07-29_2023-08-12|2024-01-10_2024-01-24|2024-05-09_2024-05-23|2024-07-08_2024-07-22|2024-08-07_2024-08-21|2024-10-06_2024-10-20|2024-12-05_2024-12-19|2025-07-03_2025-07-17
0.2,2,CPI m/m|PPI m/m,Neutral|Good,7,3,4,42.9,57.1,0.75,2018-09-08_2018-09-22|2020-04-30_2020-05-14|2022-08-03_2022-08-17|2023-03-31_2023-04-14|2023-11-11_2023-11-25|2024-06-08_2024-06-22|2025-04-04_2025-04-18
0.2,2,CPI m/m|PPI m/m,Neutral|Bad,5,4,1,80.0,20.0,4.0,2019-04-06_2019-04-20|2020-05-30_2020-06-13|2022-02-04_2022-02-18|2023-02-14_2023-02-28|2023-09-12_2023-09-26
0.2,2,CPI m/m|PPI m/m,Bad|Bad,2,1,1,50.0,50.0,1.0,2020-07-29_2020-08-12|2021-07-09_2021-07-23
0.2,2,CPI m/m|PPI m/m,Bad|Neutral,1,1,0,100.0,0.0,inf,2022-06-04_2022-06-18
0.3,2,CPI m/m|PPI m/m,Neutral|Neutral,28,17,11,60.7,39.3,1.55,2018-08-09_2018-08-23|2018-10-08_2018-10-22|2018-12-07_2018-12-21|2019-02-05_2019-02-19|2019-03-07_2019-03-21|2019-04-06_2019-04-20|2019-05-06_2019-05-20|2019-06-05_2019-06-19|2019-08-04_2019-08-18|2019-12-02_2019-12-16|2020-01-01_2020-01-15|2020-07-29_2020-08-12|2020-08-28_2020-09-11|2020-10-12_2020-10-26|2022-03-06_2022-03-20|2022-11-01_2022-11-15|2023-02-14_2023-02-28|2023-04-30_2023-05-14|2023-06-29_2023-07-13|2023-07-29_2023-08-12|2023-09-12_2023-09-26|2024-01-10_2024-01-24|2024-05-09_2024-05-23|2024-07-08_2024-07-22|2024-08-07_2024-08-21|2024-10-06_2024-10-20|2024-12-05_2024-12-19|2025-07-03_2025-07-17
0.3,2,CPI m/m|PPI m/m,Neutral|Good,7,3,4,42.9,57.1,0.75,2018-09-08_2018-09-22|2020-04-30_2020-05-14|2022-08-03_2022-08-17|2023-03-31_2023-04-14|2023-11-11_2023-11-25|2024-06-08_2024-06-22|2025-04-04_2025-04-18
0.3,2,CPI m/m|PPI m/m,Neutral|Bad,2,1,1,50.0,50.0,1.0,2020-05-30_2020-06-13|2022-02-04_2022-02-18
0.3,2,CPI m/m|PPI m/m,Bad|Bad,1,1,0,100.0,0.0,inf,2021-07-09_2021-07-23
0.3,2,CPI m/m|PPI m/m,Bad|Neutral,1,1,0,100.0,0.0,inf,2022-06-04_2022-06-18
0.0,2,CPI m/m|Core PPI m/m,Neutral|Good,7,5,2,71.4,28.6,2.5,2018-08-09_2018-08-23|2019-03-07_2019-03-21|2019-08-04_2019-08-18|2020-01-01_2020-01-15|2022-03-06_2022-03-20|2024-08-07_2024-08-21|2025-07-03_2025-07-17
0.0,2,CPI m/m|Core PPI m/m,Good|Good,10,3,7,30.0,70.0,0.43,2018-09-08_2018-09-22|2019-05-06_2019-05-20|2020-04-30_2020-05-14|2022-08-03_2022-08-17|2022-11-01_2022-11-15|2023-03-31_2023-04-14|2023-06-29_2023-07-13|2023-11-11_2023-11-25|2024-06-08_2024-06-22|2025-04-04_2025-04-18
0.0,2,CPI m/m|Core PPI m/m,Good|Neutral,2,0,2,0.0,100.0,0.0,2018-10-08_2018-10-22|2020-05-30_2020-06-13
0.0,2,CPI m/m|Core PPI m/m,Neutral|Bad,4,4,0,100.0,0.0,inf,2018-12-07_2018-12-21|2020-10-12_2020-10-26|2023-02-14_2023-02-28|2023-07-29_2023-08-12
0.0,2,CPI m/m|Core PPI m/m,Good|Bad,3,2,1,66.7,33.3,2.0,2019-02-05_2019-02-19|2024-05-09_2024-05-23|2024-07-08_2024-07-22
0.0,2,CPI m/m|Core PPI m/m,Bad|Bad,5,4,1,80.0,20.0,4.0,2019-04-06_2019-04-20|2020-07-29_2020-08-12|2020-08-28_2020-09-11|2021-07-09_2021-07-23|2022-02-04_2022-02-18
0.0,2,CPI m/m|Core PPI m/m,Neutral|Neutral,4,2,2,50.0,50.0,1.0,2019-06-05_2019-06-19|2023-04-30_2023-05-14|2023-09-12_2023-09-26|2024-12-05_2024-12-19
0.0,2,CPI m/m|Core PPI m/m,Bad|Good,3,2,1,66.7,33.3,2.0,2019-12-02_2019-12-16|2022-06-04_2022-06-18|2024-01-10_2024-01-24
0.0,2,CPI m/m|Core PPI m/m,Bad|Neutral,1,1,0,100.0,0.0,inf,2024-10-06_2024-10-20
0.1,2,CPI m/m|Core PPI m/m,Neutral|Neutral,13,7,6,53.8,46.2,1.17,2018-08-09_2018-08-23|2018-10-08_2018-10-22|2019-02-05_2019-02-19|2019-03-07_2019-03-21|2019-06-05_2019-06-19|2020-01-01_2020-01-15|2020-05-30_2020-06-13|2023-04-30_2023-05-14|2023-06-29_2023-07-13|2023-07-29_2023-08-12|2023-09-12_2023-09-26|2024-10-06_2024-10-20|2024-12-05_2024-12-19
0.1,2,CPI m/m|Core PPI m/m,Neutral|Good,10,6,4,60.0,40.0,1.5,2018-09-08_2018-09-22|2019-08-04_2019-08-18|2019-12-02_2019-12-16|2022-03-06_2022-03-20|2023-03-31_2023-04-14|2023-11-11_2023-11-25|2024-01-10_2024-01-24|2024-06-08_2024-06-22|2024-08-07_2024-08-21|2025-07-03_2025-07-17
0.1,2,CPI m/m|Core PPI m/m,Neutral|Bad,3,3,0,100.0,0.0,inf,2018-12-07_2018-12-21|2020-10-12_2020-10-26|2023-02-14_2023-02-28
0.1,2,CPI m/m|Core PPI m/m,Bad|Neutral,2,2,0,100.0,0.0,inf,2019-04-06_2019-04-20|2022-06-04_2022-06-18
0.1,2,CPI m/m|Core PPI m/m,Good|Neutral,1,0,1,0.0,100.0,0.0,2019-05-06_2019-05-20
0.1,2,CPI m/m|Core PPI m/m,Good|Good,4,1,3,25.0,75.0,0.33,2020-04-30_2020-05-14|2022-08-03_2022-08-17|2022-11-01_2022-11-15|2025-04-04_2025-04-18
0.1,2,CPI m/m|Core PPI m/m,Bad|Bad,4,3,1,75.0,25.0,3.0,2020-07-29_2020-08-12|2020-08-28_2020-09-11|2021-07-09_2021-07-23|2022-02-04_2022-02-18
0.1,2,CPI m/m|Core PPI m/m,Good|Bad,2,1,1,50.0,50.0,1.0,2024-05-09_2024-05-23|2024-07-08_2024-07-22
0.2,2,CPI m/m|Core PPI m/m,Neutral|Neutral,25,16,9,64.0,36.0,1.78,2018-08-09_2018-08-23|2018-10-08_2018-10-22|2018-12-07_2018-12-21|2019-02-05_2019-02-19|2019-03-07_2019-03-21|2019-04-06_2019-04-20|2019-05-06_2019-05-20|2019-06-05_2019-06-19|2020-01-01_2020-01-15|2020-04-30_2020-05-14|2020-05-30_2020-06-13|2020-08-28_2020-09-11|2020-10-12_2020-10-26|2022-08-03_2022-08-17|2023-02-14_2023-02-28|2023-04-30_2023-05-14|2023-06-29_2023-07-13|2023-07-29_2023-08-12|2023-09-12_2023-09-26|2024-01-10_2024-01-24|2024-07-08_2024-07-22|2024-08-07_2024-08-21|2024-10-06_2024-10-20|2024-12-05_2024-12-19|2025-07-03_2025-07-17
0.2,2,CPI m/m|Core PPI m/m,Neutral|Good,9,4,5,44.4,55.6,0.8,2018-09-08_2018-09-22|2019-08-04_2019-08-18|2019-12-02_2019-12-16|2022-03-06_2022-03-20|2022-11-01_2022-11-15|2023-03-31_2023-04-14|2023-11-11_2023-11-25|2024-06-08_2024-06-22|2025-04-04_2025-04-18
0.2,2,CPI m/m|Core PPI m/m,Bad|Bad,2,1,1,50.0,50.0,1.0,2020-07-29_2020-08-12|2021-07-09_2021-07-23
0.2,2,CPI m/m|Core PPI m/m,Neutral|Bad,2,1,1,50.0,50.0,1.0,2022-02-04_2022-02-18|2024-05-09_2024-05-23
0.2,2,CPI m/m|Core PPI m/m,Bad|Neutral,1,1,0,100.0,0.0,inf,2022-06-04_2022-06-18
0.3,2,CPI m/m|Core PPI m/m,Neutral|Neutral,29,17,12,58.6,41.4,1.42,2018-08-09_2018-08-23|2018-10-08_2018-10-22|2018-12-07_2018-12-21|2019-02-05_2019-02-19|2019-03-07_2019-03-21|2019-04-06_2019-04-20|2019-05-06_2019-05-20|2019-06-05_2019-06-19|2020-01-01_2020-01-15|2020-04-30_2020-05-14|2020-05-30_2020-06-13|2020-08-28_2020-09-11|2020-10-12_2020-10-26|2022-08-03_2022-08-17|2022-11-01_2022-11-15|2023-02-14_2023-02-28|2023-04-30_2023-05-14|2023-06-29_2023-07-13|2023-07-29_2023-08-12|2023-09-12_2023-09-26|2023-11-11_2023-11-25|2024-01-10_2024-01-24|2024-05-09_2024-05-23|2024-06-08_2024-06-22|2024-07-08_2024-07-22|2024-08-07_2024-08-21|2024-10-06_2024-10-20|2024-12-05_2024-12-19|2025-07-03_2025-07-17
0.3,2,CPI m/m|Core PPI m/m,Neutral|Good,6,3,3,50.0,50.0,1.0,2018-09-08_2018-09-22|2019-08-04_2019-08-18|2019-12-02_2019-12-16|2022-03-06_2022-03-20|2023-03-31_2023-04-14|2025-04-04_2025-04-18
0.3,2,CPI m/m|Core PPI m/m,Neutral|Bad,2,1,1,50.0,50.0,1.0,2020-07-29_2020-08-12|2022-02-04_2022-02-18
0.3,2,CPI m/m|Core PPI m/m,Bad|Bad,1,1,0,100.0,0.0,inf,2021-07-09_2021-07-23
0.3,2,CPI m/m|Core PPI m/m,Bad|Neutral,1,1,0,100.0,0.0,inf,2022-06-04_2022-06-18
0.0,2,CPI m/m|FOMC,Neutral|Neutral,3,2,1,66.7,33.3,2.0,2023-04-30_2023-05-14|2023-09-12_2023-09-26|2024-12-05_2024-12-19
0.0,2,CPI m/m|FOMC,Good|Neutral,1,1,0,100.0,0.0,inf,2024-06-08_2024-06-22
0.1,2,CPI m/m|FOMC,Neutral|Neutral,4,3,1,75.0,25.0,3.0,2023-04-30_2023-05-14|2023-09-12_2023-09-26|2024-06-08_2024-06-22|2024-12-05_2024-12-19
0.2,2,CPI m/m|FOMC,Neutral|Neutral,4,3,1,75.0,25.0,3.0,2023-04-30_2023-05-14|2023-09-12_2023-09-26|2024-06-08_2024-06-22|2024-12-05_2024-12-19
0.3,2,CPI m/m|FOMC,Neutral|Neutral,4,3,1,75.0,25.0,3.0,2023-04-30_2023-05-14|2023-09-12_2023-09-26|2024-06-08_2024-06-22|2024-12-05_2024-12-19
0.0,2,CPI m/m|CPI y/y,Neutral|Neutral,6,5,1,83.3,16.7,5.0,2018-08-09_2018-08-23|2018-12-07_2018-12-21|2020-01-01_2020-01-15|2020-10-12_2020-10-26|2022-03-06_2022-03-20|2024-12-05_2024-12-19
0.0,2,CPI m/m|CPI y/y,Good|Good,13,4,9,30.8,69.2,0.44,2018-09-08_2018-09-22|2018-10-08_2018-10-22|2019-05-06_2019-05-20|2020-04-30_2020-05-14|2020-05-30_2020-06-13|2022-08-03_2022-08-17|2022-11-01_2022-11-15|2023-03-31_2023-04-14|2023-06-29_2023-07-13|2023-11-11_2023-11-25|2024-06-08_2024-06-22|2024-07-08_2024-07-22|2025-04-04_2025-04-18
0.0,2,CPI m/m|CPI y/y,Good|Bad,2,2,0,100.0,0.0,inf,2019-02-05_2019-02-19|2020-01-31_2020-02-14
0.0,2,CPI m/m|CPI y/y,Neutral|Good,5,2,3,40.0,60.0,0.67,2019-03-07_2019-03-21|2019-06-05_2019-06-19|2023-04-30_2023-05-14|2023-07-29_2023-08-12|2024-08-07_2024-08-21
0.0,2,CPI m/m|CPI y/y,Bad|Bad,9,7,2,77.8,22.2,3.5,2019-04-06_2019-04-20|2019-12-02_2019-12-16|2020-07-29_2020-08-12|2020-08-28_2020-09-11|2021-07-09_2021-07-23|2022-02-04_2022-02-18|2022-06-04_2022-06-18|2024-01-10_2024-01-24|2024-10-06_2024-10-20
0.0,2,CPI m/m|CPI y/y,Neutral|Bad,4,4,0,100.0,0.0,inf,2019-08-04_2019-08-18|2023-02-14_2023-02-28|2023-09-12_2023-09-26|2025-07-03_2025-07-17
0.0,2,CPI m/m|CPI y/y,Bad|Neutral,1,1,0,100.0,0.0,inf,2020-07-14_2020-07-28
0.0,2,CPI m/m|CPI y/y,Good|Neutral,1,0,1,0.0,100.0,0.0,2024-05-09_2024-05-23
0.1,2,CPI m/m|CPI y/y,Neutral|Neutral,13,8,5,61.5,38.5,1.6,2018-08-09_2018-08-23|2018-09-08_2018-09-22|2018-12-07_2018-12-21|2019-06-05_2019-06-19|2020-01-01_2020-01-15|2020-07-14_2020-07-28|2020-10-12_2020-10-26|2022-03-06_2022-03-20|2023-03-31_2023-04-14|2023-04-30_2023-05-14|2023-07-29_2023-08-12|2023-11-11_2023-11-25|2024-12-05_2024-12-19
0.1,2,CPI m/m|CPI y/y,Neutral|Good,6,2,4,33.3,66.7,0.5,2018-10-08_2018-10-22|2019-03-07_2019-03-21|2020-05-30_2020-06-13|2023-06-29_2023-07-13|2024-06-08_2024-06-22|2024-08-07_2024-08-21
0.1,2,CPI m/m|CPI y/y,Neutral|Bad,9,8,1,88.9,11.1,8.0,2019-02-05_2019-02-19|2019-08-04_2019-08-18|2019-12-02_2019-12-16|2020-01-31_2020-02-14|2023-02-14_2023-02-28|2023-09-12_2023-09-26|2024-01-10_2024-01-24|2024-10-06_2024-10-20|2025-07-03_2025-07-17
0.1,2,CPI m/m|CPI y/y,Bad|Neutral,1,1,0,100.0,0.0,inf,2019-04-06_2019-04-20
0.1,2,CPI m/m|CPI y/y,Good|Good,6,2,4,33.3,66.7,0.5,2019-05-06_2019-05-20|2020-04-30_2020-05-14|2022-08-03_2022-08-17|2022-11-01_2022-11-15|2024-07-08_2024-07-22|2025-04-04_2025-04-18
0.1,2,CPI m/m|CPI y/y,Bad|Bad,5,4,1,80.0,20.0,4.0,2020-07-29_2020-08-12|2020-08-28_2020-09-11|2021-07-09_2021-07-23|2022-02-04_2022-02-18|2022-06-04_2022-06-18
0.1,2,CPI m/m|CPI y/y,Good|Neutral,1,0,1,0.0,100.0,0.0,2024-05-09_2024-05-23
0.2,2,CPI m/m|CPI y/y,Neutral|Neutral,35,21,14,60.0,40.0,1.5,2018-08-09_2018-08-23|2018-09-08_2018-09-22|2018-10-08_2018-10-22|2018-12-07_2018-12-21|2019-02-05_2019-02-19|2019-03-07_2019-03-21|2019-04-06_2019-04-20|2019-05-06_2019-05-20|2019-06-05_2019-06-19|2019-08-04_2019-08-18|2019-12-02_2019-12-16|2020-01-01_2020-01-15|2020-01-31_2020-02-14|2020-04-30_2020-05-14|2020-05-30_2020-06-13|2020-07-14_2020-07-28|2020-08-28_2020-09-11|2020-10-12_2020-10-26|2022-03-06_2022-03-20|2022-08-03_2022-08-17|2023-03-31_2023-04-14|2023-04-30_2023-05-14|2023-06-29_2023-07-13|2023-07-29_2023-08-12|2023-09-12_2023-09-26|2023-11-11_2023-11-25|2024-01-10_2024-01-24|2024-05-09_2024-05-23|2024-06-08_2024-06-22|2024-07-08_2024-07-22|2024-08-07_2024-08-21|2024-10-06_2024-10-20|2024-12-05_2024-12-19|2025-04-04_2025-04-18|2025-07-03_2025-07-17
0.2,2,CPI m/m|CPI y/y,Bad|Bad,3,2,1,66.7,33.3,2.0,2020-07-29_2020-08-12|2021-07-09_2021-07-23|2022-06-04_2022-06-18
0.2,2,CPI m/m|CPI y/y,Neutral|Bad,2,2,0,100.0,0.0,inf,2022-02-04_2022-02-18|2023-02-14_2023-02-28
0.2,2,CPI m/m|CPI y/y,Neutral|Good,1,0,1,0.0,100.0,0.0,2022-11-01_2022-11-15
0.3,2,CPI m/m|CPI y/y,Neutral|Neutral,38,23,15,60.5,39.5,1.53,2018-08-09_2018-08-23|2018-09-08_2018-09-22|2018-10-08_2018-10-22|2018-12-07_2018-12-21|2019-02-05_2019-02-19|2019-03-07_2019-03-21|2019-04-06_2019-04-20|2019-05-06_2019-05-20|2019-06-05_2019-06-19|2019-08-04_2019-08-18|2019-12-02_2019-12-16|2020-01-01_2020-01-15|2020-01-31_2020-02-14|2020-04-30_2020-05-14|2020-05-30_2020-06-13|2020-07-14_2020-07-28|2020-08-28_2020-09-11|2020-10-12_2020-10-26|2022-02-04_2022-02-18|2022-03-06_2022-03-20|2022-08-03_2022-08-17|2022-11-01_2022-11-15|2023-02-14_2023-02-28|2023-03-31_2023-04-14|2023-04-30_2023-05-14|2023-06-29_2023-07-13|2023-07-29_2023-08-12|2023-09-12_2023-09-26|2023-11-11_2023-11-25|2024-01-10_2024-01-24|2024-05-09_2024-05-23|2024-06-08_2024-06-22|2024-07-08_2024-07-22|2024-08-07_2024-08-21|2024-10-06_2024-10-20|2024-12-05_2024-12-19|2025-04-04_2025-04-18|2025-07-03_2025-07-17
0.3,2,CPI m/m|CPI y/y,Neutral|Bad,1,0,1,0.0,100.0,0.0,2020-07-29_2020-08-12
0.3,2,CPI m/m|CPI y/y,Bad|Bad,1,1,0,100.0,0.0,inf,2021-07-09_2021-07-23
0.3,2,CPI m/m|CPI y/y,Bad|Neutral,1,1,0,100.0,0.0,inf,2022-06-04_2022-06-18
0.0,2,Core CPI m/m|PPI m/m,Neutral|Good,7,4,3,57.1,42.9,1.33,2018-08-09_2018-08-23|2019-02-05_2019-02-19|2019-12-02_2019-12-16|2022-03-06_2022-03-20|2023-03-31_2023-04-14|2024-01-10_2024-01-24|2024-08-07_2024-08-21
0.0,2,Core CPI m/m|PPI m/m,Good|Good,11,5,6,45.5,54.5,0.83,2018-09-08_2018-09-22|2019-03-07_2019-03-21|2020-01-01_2020-01-15|2020-04-30_2020-05-14|2022-08-03_2022-08-17|2022-11-01_2022-11-15|2023-06-29_2023-07-13|2023-11-11_2023-11-25|2024-06-08_2024-06-22|2025-04-04_2025-04-18|2025-07-03_2025-07-17
0.0,2,Core CPI m/m|PPI m/m,Good|Neutral,3,0,3,0.0,100.0,0.0,2018-10-08_2018-10-22|2019-05-06_2019-05-20|2019-06-05_2019-06-19
0.0,2,Core CPI m/m|PPI m/m,Neutral|Bad,6,5,1,83.3,16.7,5.0,2018-12-07_2018-12-21|2020-10-12_2020-10-26|2023-02-14_2023-02-28|2023-07-29_2023-08-12|2024-05-09_2024-05-23|2024-12-05_2024-12-19
0.0,2,Core CPI m/m|PPI m/m,Good|Bad,3,2,1,66.7,33.3,2.0,2019-04-06_2019-04-20|2020-05-30_2020-06-13|2024-07-08_2024-07-22
0.0,2,Core CPI m/m|PPI m/m,Bad|Neutral,2,2,0,100.0,0.0,inf,2019-08-04_2019-08-18|2022-06-04_2022-06-18
0.0,2,Core CPI m/m|PPI m/m,Bad|Bad,5,4,1,80.0,20.0,4.0,2020-07-29_2020-08-12|2020-08-28_2020-09-11|2021-07-09_2021-07-23|2022-02-04_2022-02-18|2023-09-12_2023-09-26
0.0,2,Core CPI m/m|PPI m/m,Bad|Good,2,1,1,50.0,50.0,1.0,2023-04-30_2023-05-14|2024-10-06_2024-10-20
0.1,2,Core CPI m/m|PPI m/m,Neutral|Good,10,6,4,60.0,40.0,1.5,2018-08-09_2018-08-23|2018-09-08_2018-09-22|2019-02-05_2019-02-19|2019-12-02_2019-12-16|2022-03-06_2022-03-20|2023-03-31_2023-04-14|2023-11-11_2023-11-25|2024-01-10_2024-01-24|2024-06-08_2024-06-22|2025-07-03_2025-07-17
0.1,2,Core CPI m/m|PPI m/m,Neutral|Neutral,13,8,5,61.5,38.5,1.6,2018-10-08_2018-10-22|2018-12-07_2018-12-21|2019-03-07_2019-03-21|2019-05-06_2019-05-20|2019-06-05_2019-06-19|2019-08-04_2019-08-18|2020-01-01_2020-01-15|2022-06-04_2022-06-18|2023-06-29_2023-07-13|2023-07-29_2023-08-12|2024-07-08_2024-07-22|2024-08-07_2024-08-21|2024-10-06_2024-10-20
0.1,2,Core CPI m/m|PPI m/m,Neutral|Bad,8,6,2,75.0,25.0,3.0,2019-04-06_2019-04-20|2020-05-30_2020-06-13|2020-10-12_2020-10-26|2022-02-04_2022-02-18|2023-02-14_2023-02-28|2023-09-12_2023-09-26|2024-05-09_2024-05-23|2024-12-05_2024-12-19
0.1,2,Core CPI m/m|PPI m/m,Good|Good,4,1,3,25.0,75.0,0.33,2020-04-30_2020-05-14|2022-08-03_2022-08-17|2022-11-01_2022-11-15|2025-04-04_2025-04-18
0.1,2,Core CPI m/m|PPI m/m,Bad|Bad,2,1,1,50.0,50.0,1.0,2020-07-29_2020-08-12|2021-07-09_2021-07-23
0.1,2,Core CPI m/m|PPI m/m,Bad|Neutral,2,1,1,50.0,50.0,1.0,2020-08-28_2020-09-11|2023-04-30_2023-05-14
0.2,2,Core CPI m/m|PPI m/m,Neutral|Neutral,25,15,10,60.0,40.0,1.5,2018-08-09_2018-08-23|2018-10-08_2018-10-22|2018-12-07_2018-12-21|2019-02-05_2019-02-19|2019-03-07_2019-03-21|2019-05-06_2019-05-20|2019-06-05_2019-06-19|2019-08-04_2019-08-18|2019-12-02_2019-12-16|2020-01-01_2020-01-15|2020-08-28_2020-09-11|2020-10-12_2020-10-26|2022-03-06_2022-03-20|2022-06-04_2022-06-18|2022-11-01_2022-11-15|2023-04-30_2023-05-14|2023-06-29_2023-07-13|2023-07-29_2023-08-12|2024-01-10_2024-01-24|2024-05-09_2024-05-23|2024-07-08_2024-07-22|2024-08-07_2024-08-21|2024-10-06_2024-10-20|2024-12-05_2024-12-19|2025-07-03_2025-07-17
0.2,2,Core CPI m/m|PPI m/m,Neutral|Good,7,3,4,42.9,57.1,0.75,2018-09-08_2018-09-22|2020-04-30_2020-05-14|2022-08-03_2022-08-17|2023-03-31_2023-04-14|2023-11-11_2023-11-25|2024-06-08_2024-06-22|2025-04-04_2025-04-18
0.2,2,Core CPI m/m|PPI m/m,Neutral|Bad,5,4,1,80.0,20.0,4.0,2019-04-06_2019-04-20|2020-05-30_2020-06-13|2022-02-04_2022-02-18|2023-02-14_2023-02-28|2023-09-12_2023-09-26
0.2,2,Core CPI m/m|PPI m/m,Bad|Bad,2,1,1,50.0,50.0,1.0,2020-07-29_2020-08-12|2021-07-09_2021-07-23
0.3,2,Core CPI m/m|PPI m/m,Neutral|Neutral,28,18,10,64.3,35.7,1.8,2018-08-09_2018-08-23|2018-10-08_2018-10-22|2018-12-07_2018-12-21|2019-02-05_2019-02-19|2019-03-07_2019-03-21|2019-04-06_2019-04-20|2019-05-06_2019-05-20|2019-06-05_2019-06-19|2019-08-04_2019-08-18|2019-12-02_2019-12-16|2020-01-01_2020-01-15|2020-08-28_2020-09-11|2020-10-12_2020-10-26|2022-03-06_2022-03-20|2022-06-04_2022-06-18|2022-11-01_2022-11-15|2023-02-14_2023-02-28|2023-04-30_2023-05-14|2023-06-29_2023-07-13|2023-07-29_2023-08-12|2023-09-12_2023-09-26|2024-01-10_2024-01-24|2024-05-09_2024-05-23|2024-07-08_2024-07-22|2024-08-07_2024-08-21|2024-10-06_2024-10-20|2024-12-05_2024-12-19|2025-07-03_2025-07-17
0.3,2,Core CPI m/m|PPI m/m,Neutral|Good,7,3,4,42.9,57.1,0.75,2018-09-08_2018-09-22|2020-04-30_2020-05-14|2022-08-03_2022-08-17|2023-03-31_2023-04-14|2023-11-11_2023-11-25|2024-06-08_2024-06-22|2025-04-04_2025-04-18
0.3,2,Core CPI m/m|PPI m/m,Neutral|Bad,2,1,1,50.0,50.0,1.0,2020-05-30_2020-06-13|2022-02-04_2022-02-18
0.3,2,Core CPI m/m|PPI m/m,Bad|Neutral,1,0,1,0.0,100.0,0.0,2020-07-29_2020-08-12
0.3,2,Core CPI m/m|PPI m/m,Bad|Bad,1,1,0,100.0,0.0,inf,2021-07-09_2021-07-23
0.0,2,Core CPI m/m|Core PPI m/m,Neutral|Good,6,3,3,50.0,50.0,1.0,2018-08-09_2018-08-23|2019-12-02_2019-12-16|2022-03-06_2022-03-20|2023-03-31_2023-04-14|2024-01-10_2024-01-24|2024-08-07_2024-08-21
0.0,2,Core CPI m/m|Core PPI m/m,Good|Good,12,5,7,41.7,58.3,0.71,2018-09-08_2018-09-22|2019-03-07_2019-03-21|2019-05-06_2019-05-20|2020-01-01_2020-01-15|2020-04-30_2020-05-14|2022-08-03_2022-08-17|2022-11-01_2022-11-15|2023-06-29_2023-07-13|2023-11-11_2023-11-25|2024-06-08_2024-06-22|2025-04-04_2025-04-18|2025-07-03_2025-07-17
0.0,2,Core CPI m/m|Core PPI m/m,Good|Neutral,3,0,3,0.0,100.0,0.0,2018-10-08_2018-10-22|2019-06-05_2019-06-19|2020-05-30_2020-06-13
0.0,2,Core CPI m/m|Core PPI m/m,Neutral|Bad,6,5,1,83.3,16.7,5.0,2018-12-07_2018-12-21|2019-02-05_2019-02-19|2020-10-12_2020-10-26|2023-02-14_2023-02-28|2023-07-29_2023-08-12|2024-05-09_2024-05-23
0.0,2,Core CPI m/m|Core PPI m/m,Good|Bad,2,2,0,100.0,0.0,inf,2019-04-06_2019-04-20|2024-07-08_2024-07-22
0.0,2,Core CPI m/m|Core PPI m/m,Bad|Good,2,2,0,100.0,0.0,inf,2019-08-04_2019-08-18|2022-06-04_2022-06-18
0.0,2,Core CPI m/m|Core PPI m/m,Bad|Bad,4,3,1,75.0,25.0,3.0,2020-07-29_2020-08-12|2020-08-28_2020-09-11|2021-07-09_2021-07-23|2022-02-04_2022-02-18
0.0,2,Core CPI m/m|Core PPI m/m,Bad|Neutral,3,2,1,66.7,33.3,2.0,2023-04-30_2023-05-14|2023-09-12_2023-09-26|2024-10-06_2024-10-20
0.0,2,Core CPI m/m|Core PPI m/m,Neutral|Neutral,1,1,0,100.0,0.0,inf,2024-12-05_2024-12-19
0.1,2,Core CPI m/m|Core PPI m/m,Neutral|Neutral,15,9,6,60.0,40.0,1.5,2018-08-09_2018-08-23|2018-10-08_2018-10-22|2019-02-05_2019-02-19|2019-03-07_2019-03-21|2019-04-06_2019-04-20|2019-05-06_2019-05-20|2019-06-05_2019-06-19|2020-01-01_2020-01-15|2020-05-30_2020-06-13|2022-06-04_2022-06-18|2023-06-29_2023-07-13|2023-07-29_2023-08-12|2023-09-12_2023-09-26|2024-10-06_2024-10-20|2024-12-05_2024-12-19
0.1,2,Core CPI m/m|Core PPI m/m,Neutral|Good,10,6,4,60.0,40.0,1.5,2018-09-08_2018-09-22|2019-08-04_2019-08-18|2019-12-02_2019-12-16|2022-03-06_2022-03-20|2023-03-31_2023-04-14|2023-11-11_2023-11-25|2024-01-10_2024-01-24|2024-06-08_2024-06-22|2024-08-07_2024-08-21|2025-07-03_2025-07-17
0.1,2,Core CPI m/m|Core PPI m/m,Neutral|Bad,6,5,1,83.3,16.7,5.0,2018-12-07_2018-12-21|2020-10-12_2020-10-26|2022-02-04_2022-02-18|2023-02-14_2023-02-28|2024-05-09_2024-05-23|2024-07-08_2024-07-22
0.1,2,Core CPI m/m|Core PPI m/m,Good|Good,4,1,3,25.0,75.0,0.33,2020-04-30_2020-05-14|2022-08-03_2022-08-17|2022-11-01_2022-11-15|2025-04-04_2025-04-18
0.1,2,Core CPI m/m|Core PPI m/m,Bad|Bad,3,2,1,66.7,33.3,2.0,2020-07-29_2020-08-12|2020-08-28_2020-09-11|2021-07-09_2021-07-23
0.1,2,Core CPI m/m|Core PPI m/m,Bad|Neutral,1,0,1,0.0,100.0,0.0,2023-04-30_2023-05-14
0.2,2,Core CPI m/m|Core PPI m/m,Neutral|Neutral,26,17,9,65.4,34.6,1.89,2018-08-09_2018-08-23|2018-10-08_2018-10-22|2018-12-07_2018-12-21|2019-02-05_2019-02-19|2019-03-07_2019-03-21|2019-04-06_2019-04-20|2019-05-06_2019-05-20|2019-06-05_2019-06-19|2020-01-01_2020-01-15|2020-04-30_2020-05-14|2020-05-30_2020-06-13|2020-08-28_2020-09-11|2020-10-12_2020-10-26|2022-06-04_2022-06-18|2022-08-03_2022-08-17|2023-02-14_2023-02-28|2023-04-30_2023-05-14|2023-06-29_2023-07-13|2023-07-29_2023-08-12|2023-09-12_2023-09-26|2024-01-10_2024-01-24|2024-07-08_2024-07-22|2024-08-07_2024-08-21|2024-10-06_2024-10-20|2024-12-05_2024-12-19|2025-07-03_2025-07-17
0.2,2,Core CPI m/m|Core PPI m/m,Neutral|Good,9,4,5,44.4,55.6,0.8,2018-09-08_2018-09-22|2019-08-04_2019-08-18|2019-12-02_2019-12-16|2022-03-06_2022-03-20|2022-11-01_2022-11-15|2023-03-31_2023-04-14|2023-11-11_2023-11-25|2024-06-08_2024-06-22|2025-04-04_2025-04-18
0.2,2,Core CPI m/m|Core PPI m/m,Bad|Bad,2,1,1,50.0,50.0,1.0,2020-07-29_2020-08-12|2021-07-09_2021-07-23
0.2,2,Core CPI m/m|Core PPI m/m,Neutral|Bad,2,1,1,50.0,50.0,1.0,2022-02-04_2022-02-18|2024-05-09_2024-05-23
0.3,2,Core CPI m/m|Core PPI m/m,Neutral|Neutral,30,18,12,60.0,40.0,1.5,2018-08-09_2018-08-23|2018-10-08_2018-10-22|2018-12-07_2018-12-21|2019-02-05_2019-02-19|2019-03-07_2019-03-21|2019-04-06_2019-04-20|2019-05-06_2019-05-20|2019-06-05_2019-06-19|2020-01-01_2020-01-15|2020-04-30_2020-05-14|2020-05-30_2020-06-13|2020-08-28_2020-09-11|2020-10-12_2020-10-26|2022-06-04_2022-06-18|2022-08-03_2022-08-17|2022-11-01_2022-11-15|2023-02-14_2023-02-28|2023-04-30_2023-05-14|2023-06-29_2023-07-13|2023-07-29_2023-08-12|2023-09-12_2023-09-26|2023-11-11_2023-11-25|2024-01-10_2024-01-24|2024-05-09_2024-05-23|2024-06-08_2024-06-22|2024-07-08_2024-07-22|2024-08-07_2024-08-21|2024-10-06_2024-10-20|2024-12-05_2024-12-19|2025-07-03_2025-07-17
0.3,2,Core CPI m/m|Core PPI m/m,Neutral|Good,6,3,3,50.0,50.0,1.0,2018-09-08_2018-09-22|2019-08-04_2019-08-18|2019-12-02_2019-12-16|2022-03-06_2022-03-20|2023-03-31_2023-04-14|2025-04-04_2025-04-18
0.3,2,Core CPI m/m|Core PPI m/m,Bad|Bad,2,1,1,50.0,50.0,1.0,2020-07-29_2020-08-12|2021-07-09_2021-07-23
0.3,2,Core CPI m/m|Core PPI m/m,Neutral|Bad,1,1,0,100.0,0.0,inf,2022-02-04_2022-02-18
0.0,2,Core CPI m/m|FOMC,Bad|Neutral,2,1,1,50.0,50.0,1.0,2023-04-30_2023-05-14|2023-09-12_2023-09-26
0.0,2,Core CPI m/m|FOMC,Good|Neutral,1,1,0,100.0,0.0,inf,2024-06-08_2024-06-22
0.0,2,Core CPI m/m|FOMC,Neutral|Neutral,1,1,0,100.0,0.0,inf,2024-12-05_2024-12-19
0.1,2,Core CPI m/m|FOMC,Bad|Neutral,1,0,1,0.0,100.0,0.0,2023-04-30_2023-05-14
0.1,2,Core CPI m/m|FOMC,Neutral|Neutral,3,3,0,100.0,0.0,inf,2023-09-12_2023-09-26|2024-06-08_2024-06-22|2024-12-05_2024-12-19
0.2,2,Core CPI m/m|FOMC,Neutral|Neutral,4,3,1,75.0,25.0,3.0,2023-04-30_2023-05-14|2023-09-12_2023-09-26|2024-06-08_2024-06-22|2024-12-05_2024-12-19
0.3,2,Core CPI m/m|FOMC,Neutral|Neutral,4,3,1,75.0,25.0,3.0,2023-04-30_2023-05-14|2023-09-12_2023-09-26|2024-06-08_2024-06-22|2024-12-05_2024-12-19
0.0,2,Core CPI m/m|CPI y/y,Neutral|Neutral,6,4,2,66.7,33.3,2.0,2018-08-09_2018-08-23|2018-12-07_2018-12-21|2020-10-12_2020-10-26|2022-03-06_2022-03-20|2024-05-09_2024-05-23|2024-12-05_2024-12-19
0.0,2,Core CPI m/m|CPI y/y,Good|Good,14,4,10,28.6,71.4,0.4,2018-09-08_2018-09-22|2018-10-08_2018-10-22|2019-03-07_2019-03-21|2019-05-06_2019-05-20|2019-06-05_2019-06-19|2020-04-30_2020-05-14|2020-05-30_2020-06-13|2022-08-03_2022-08-17|2022-11-01_2022-11-15|2023-06-29_2023-07-13|2023-11-11_2023-11-25|2024-06-08_2024-06-22|2024-07-08_2024-07-22|2025-04-04_2025-04-18
0.0,2,Core CPI m/m|CPI y/y,Neutral|Bad,5,4,1,80.0,20.0,4.0,2019-02-05_2019-02-19|2019-12-02_2019-12-16|2020-01-31_2020-02-14|2023-02-14_2023-02-28|2024-01-10_2024-01-24
0.0,2,Core CPI m/m|CPI y/y,Good|Bad,2,2,0,100.0,0.0,inf,2019-04-06_2019-04-20|2025-07-03_2025-07-17
0.0,2,Core CPI m/m|CPI y/y,Bad|Bad,8,7,1,87.5,12.5,7.0,2019-08-04_2019-08-18|2020-07-29_2020-08-12|2020-08-28_2020-09-11|2021-07-09_2021-07-23|2022-02-04_2022-02-18|2022-06-04_2022-06-18|2023-09-12_2023-09-26|2024-10-06_2024-10-20
0.0,2,Core CPI m/m|CPI y/y,Good|Neutral,1,1,0,100.0,0.0,inf,2020-01-01_2020-01-15
0.0,2,Core CPI m/m|CPI y/y,Bad|Neutral,1,1,0,100.0,0.0,inf,2020-07-14_2020-07-28
0.0,2,Core CPI m/m|CPI y/y,Neutral|Good,3,2,1,66.7,33.3,2.0,2023-03-31_2023-04-14|2023-07-29_2023-08-12|2024-08-07_2024-08-21
0.0,2,Core CPI m/m|CPI y/y,Bad|Good,1,0,1,0.0,100.0,0.0,2023-04-30_2023-05-14
0.1,2,Core CPI m/m|CPI y/y,Neutral|Neutral,14,9,5,64.3,35.7,1.8,2018-08-09_2018-08-23|2018-09-08_2018-09-22|2018-12-07_2018-12-21|2019-04-06_2019-04-20|2019-06-05_2019-06-19|2020-01-01_2020-01-15|2020-07-14_2020-07-28|2020-10-12_2020-10-26|2022-03-06_2022-03-20|2023-03-31_2023-04-14|2023-07-29_2023-08-12|2023-11-11_2023-11-25|2024-05-09_2024-05-23|2024-12-05_2024-12-19
0.1,2,Core CPI m/m|CPI y/y,Neutral|Good,8,3,5,37.5,62.5,0.6,2018-10-08_2018-10-22|2019-03-07_2019-03-21|2019-05-06_2019-05-20|2020-05-30_2020-06-13|2023-06-29_2023-07-13|2024-06-08_2024-06-22|2024-07-08_2024-07-22|2024-08-07_2024-08-21
0.1,2,Core CPI m/m|CPI y/y,Neutral|Bad,11,10,1,90.9,9.1,10.0,2019-02-05_2019-02-19|2019-08-04_2019-08-18|2019-12-02_2019-12-16|2020-01-31_2020-02-14|2022-02-04_2022-02-18|2022-06-04_2022-06-18|2023-02-14_2023-02-28|2023-09-12_2023-09-26|2024-01-10_2024-01-24|2024-10-06_2024-10-20|2025-07-03_2025-07-17
0.1,2,Core CPI m/m|CPI y/y,Good|Good,4,1,3,25.0,75.0,0.33,2020-04-30_2020-05-14|2022-08-03_2022-08-17|2022-11-01_2022-11-15|2025-04-04_2025-04-18
0.1,2,Core CPI m/m|CPI y/y,Bad|Bad,3,2,1,66.7,33.3,2.0,2020-07-29_2020-08-12|2020-08-28_2020-09-11|2021-07-09_2021-07-23
0.1,2,Core CPI m/m|CPI y/y,Bad|Neutral,1,0,1,0.0,100.0,0.0,2023-04-30_2023-05-14
0.2,2,Core CPI m/m|CPI y/y,Neutral|Neutral,35,21,14,60.0,40.0,1.5,2018-08-09_2018-08-23|2018-09-08_2018-09-22|2018-10-08_2018-10-22|2018-12-07_2018-12-21|2019-02-05_2019-02-19|2019-03-07_2019-03-21|2019-04-06_2019-04-20|2019-05-06_2019-05-20|2019-06-05_2019-06-19|2019-08-04_2019-08-18|2019-12-02_2019-12-16|2020-01-01_2020-01-15|2020-01-31_2020-02-14|2020-04-30_2020-05-14|2020-05-30_2020-06-13|2020-07-14_2020-07-28|2020-08-28_2020-09-11|2020-10-12_2020-10-26|2022-03-06_2022-03-20|2022-08-03_2022-08-17|2023-03-31_2023-04-14|2023-04-30_2023-05-14|2023-06-29_2023-07-13|2023-07-29_2023-08-12|2023-09-12_2023-09-26|2023-11-11_2023-11-25|2024-01-10_2024-01-24|2024-05-09_2024-05-23|2024-06-08_2024-06-22|2024-07-08_2024-07-22|2024-08-07_2024-08-21|2024-10-06_2024-10-20|2024-12-05_2024-12-19|2025-04-04_2025-04-18|2025-07-03_2025-07-17
0.2,2,Core CPI m/m|CPI y/y,Bad|Bad,2,1,1,50.0,50.0,1.0,2020-07-29_2020-08-12|2021-07-09_2021-07-23
0.2,2,Core CPI m/m|CPI y/y,Neutral|Bad,3,3,0,100.0,0.0,inf,2022-02-04_2022-02-18|2022-06-04_2022-06-18|2023-02-14_2023-02-28
0.2,2,Core CPI m/m|CPI y/y,Neutral|Good,1,0,1,0.0,100.0,0.0,2022-11-01_2022-11-15
0.3,2,Core CPI m/m|CPI y/y,Neutral|Neutral,39,24,15,61.5,38.5,1.6,2018-08-09_2018-08-23|2018-09-08_2018-09-22|2018-10-08_2018-10-22|2018-12-07_2018-12-21|2019-02-05_2019-02-19|2019-03-07_2019-03-21|2019-04-06_2019-04-20|2019-05-06_2019-05-20|2019-06-05_2019-06-19|2019-08-04_2019-08-18|2019-12-02_2019-12-16|2020-01-01_2020-01-15|2020-01-31_2020-02-14|2020-04-30_2020-05-14|2020-05-30_2020-06-13|2020-07-14_2020-07-28|2020-08-28_2020-09-11|2020-10-12_2020-10-26|2022-02-04_2022-02-18|2022-03-06_2022-03-20|2022-06-04_2022-06-18|2022-08-03_2022-08-17|2022-11-01_2022-11-15|2023-02-14_2023-02-28|2023-03-31_2023-04-14|2023-04-30_2023-05-14|2023-06-29_2023-07-13|2023-07-29_2023-08-12|2023-09-12_2023-09-26|2023-11-11_2023-11-25|2024-01-10_2024-01-24|2024-05-09_2024-05-23|2024-06-08_2024-06-22|2024-07-08_2024-07-22|2024-08-07_2024-08-21|2024-10-06_2024-10-20|2024-12-05_2024-12-19|2025-04-04_2025-04-18|2025-07-03_2025-07-17
0.3,2,Core CPI m/m|CPI y/y,Bad|Bad,2,1,1,50.0,50.0,1.0,2020-07-29_2020-08-12|2021-07-09_2021-07-23
0.0,2,PPI m/m|Core PPI m/m,Good|Good,17,8,9,47.1,52.9,0.89,2018-08-09_2018-08-23|2018-09-08_2018-09-22|2019-03-07_2019-03-21|2019-12-02_2019-12-16|2020-01-01_2020-01-15|2020-04-30_2020-05-14|2022-03-06_2022-03-20|2022-08-03_2022-08-17|2022-11-01_2022-11-15|2023-03-31_2023-04-14|2023-06-29_2023-07-13|2023-11-11_2023-11-25|2024-01-10_2024-01-24|2024-06-08_2024-06-22|2024-08-07_2024-08-21|2025-04-04_2025-04-18|2025-07-03_2025-07-17
0.0,2,PPI m/m|Core PPI m/m,Neutral|Neutral,2,0,2,0.0,100.0,0.0,2018-10-08_2018-10-22|2019-06-05_2019-06-19
0.0,2,PPI m/m|Core PPI m/m,Bad|Bad,13,10,3,76.9,23.1,3.33,2018-12-07_2018-12-21|2019-04-06_2019-04-20|2020-07-29_2020-08-12|2020-08-28_2020-09-11|2020-10-12_2020-10-26|2021-03-26_2021-04-09|2021-07-09_2021-07-23|2022-02-04_2022-02-18|2023-02-14_2023-02-28|2023-07-29_2023-08-12|2023-09-27_2023-10-11|2024-05-09_2024-05-23|2024-07-08_2024-07-22
0.0,2,PPI m/m|Core PPI m/m,Good|Bad,1,1,0,100.0,0.0,inf,2019-02-05_2019-02-19
0.0,2,PPI m/m|Core PPI m/m,Neutral|Good,5,3,2,60.0,40.0,1.5,2019-05-06_2019-05-20|2019-08-04_2019-08-18|2022-06-04_2022-06-18|2025-11-15_2025-11-29|2026-01-14_2026-01-28
0.0,2,PPI m/m|Core PPI m/m,Bad|Neutral,4,3,1,75.0,25.0,3.0,2020-05-30_2020-06-13|2021-03-11_2021-03-25|2023-09-12_2023-09-26|2024-12-05_2024-12-19
0.0,2,PPI m/m|Core PPI m/m,Good|Neutral,4,2,2,50.0,50.0,1.0,2023-01-15_2023-01-29|2023-04-30_2023-05-14|2023-06-14_2023-06-28|2024-10-06_2024-10-20
0.1,2,PPI m/m|Core PPI m/m,Good|Neutral,4,3,1,75.0,25.0,3.0,2018-08-09_2018-08-23|2019-02-05_2019-02-19|2023-01-15_2023-01-29|2023-06-14_2023-06-28
0.1,2,PPI m/m|Core PPI m/m,Good|Good,12,5,7,41.7,58.3,0.71,2018-09-08_2018-09-22|2019-12-02_2019-12-16|2020-04-30_2020-05-14|2022-03-06_2022-03-20|2022-08-03_2022-08-17|2022-11-01_2022-11-15|2023-03-31_2023-04-14|2023-11-11_2023-11-25|2024-01-10_2024-01-24|2024-06-08_2024-06-22|2025-04-04_2025-04-18|2025-07-03_2025-07-17
0.1,2,PPI m/m|Core PPI m/m,Neutral|Neutral,12,5,7,41.7,58.3,0.71,2018-10-08_2018-10-22|2019-03-07_2019-03-21|2019-05-06_2019-05-20|2019-06-05_2019-06-19|2020-01-01_2020-01-15|2021-03-11_2021-03-25|2022-06-04_2022-06-18|2023-04-30_2023-05-14|2023-06-29_2023-07-13|2023-07-29_2023-08-12|2024-10-06_2024-10-20|2025-11-15_2025-11-29
0.1,2,PPI m/m|Core PPI m/m,Neutral|Bad,3,3,0,100.0,0.0,inf,2018-12-07_2018-12-21|2020-08-28_2020-09-11|2024-07-08_2024-07-22
0.1,2,PPI m/m|Core PPI m/m,Bad|Neutral,5,4,1,80.0,20.0,4.0,2019-04-06_2019-04-20|2020-05-30_2020-06-13|2023-09-12_2023-09-26|2023-09-27_2023-10-11|2024-12-05_2024-12-19
0.1,2,PPI m/m|Core PPI m/m,Neutral|Good,3,3,0,100.0,0.0,inf,2019-08-04_2019-08-18|2024-08-07_2024-08-21|2026-01-14_2026-01-28
0.1,2,PPI m/m|Core PPI m/m,Bad|Bad,7,4,3,57.1,42.9,1.33,2020-07-29_2020-08-12|2020-10-12_2020-10-26|2021-03-26_2021-04-09|2021-07-09_2021-07-23|2022-02-04_2022-02-18|2023-02-14_2023-02-28|2024-05-09_2024-05-23
0.2,2,PPI m/m|Core PPI m/m,Neutral|Neutral,25,16,9,64.0,36.0,1.78,2018-08-09_2018-08-23|2018-10-08_2018-10-22|2018-12-07_2018-12-21|2019-02-05_2019-02-19|2019-03-07_2019-03-21|2019-05-06_2019-05-20|2019-06-05_2019-06-19|2020-01-01_2020-01-15|2020-08-28_2020-09-11|2020-10-12_2020-10-26|2021-03-11_2021-03-25|2022-06-04_2022-06-18|2023-04-30_2023-05-14|2023-06-14_2023-06-28|2023-06-29_2023-07-13|2023-07-29_2023-08-12|2023-09-27_2023-10-11|2024-01-10_2024-01-24|2024-07-08_2024-07-22|2024-08-07_2024-08-21|2024-10-06_2024-10-20|2024-12-05_2024-12-19|2025-07-03_2025-07-17|2025-11-15_2025-11-29|2026-01-14_2026-01-28
0.2,2,PPI m/m|Core PPI m/m,Good|Good,5,2,3,40.0,60.0,0.67,2018-09-08_2018-09-22|2023-03-31_2023-04-14|2023-11-11_2023-11-25|2024-06-08_2024-06-22|2025-04-04_2025-04-18
0.2,2,PPI m/m|Core PPI m/m,Bad|Neutral,4,3,1,75.0,25.0,3.0,2019-04-06_2019-04-20|2020-05-30_2020-06-13|2023-02-14_2023-02-28|2023-09-12_2023-09-26
0.2,2,PPI m/m|Core PPI m/m,Neutral|Good,4,2,2,50.0,50.0,1.0,2019-08-04_2019-08-18|2019-12-02_2019-12-16|2022-03-06_2022-03-20|2022-11-01_2022-11-15
0.2,2,PPI m/m|Core PPI m/m,Good|Neutral,3,2,1,66.7,33.3,2.0,2020-04-30_2020-05-14|2022-08-03_2022-08-17|2023-01-15_2023-01-29
0.2,2,PPI m/m|Core PPI m/m,Bad|Bad,4,2,2,50.0,50.0,1.0,2020-07-29_2020-08-12|2021-03-26_2021-04-09|2021-07-09_2021-07-23|2022-02-04_2022-02-18
0.2,2,PPI m/m|Core PPI m/m,Neutral|Bad,1,0,1,0.0,100.0,0.0,2024-05-09_2024-05-23
0.3,2,PPI m/m|Core PPI m/m,Neutral|Neutral,30,19,11,63.3,36.7,1.73,2018-08-09_2018-08-23|2018-10-08_2018-10-22|2018-12-07_2018-12-21|2019-02-05_2019-02-19|2019-03-07_2019-03-21|2019-04-06_2019-04-20|2019-05-06_2019-05-20|2019-06-05_2019-06-19|2020-01-01_2020-01-15|2020-08-28_2020-09-11|2020-10-12_2020-10-26|2021-03-11_2021-03-25|2022-06-04_2022-06-18|2022-11-01_2022-11-15|2023-02-14_2023-02-28|2023-04-30_2023-05-14|2023-06-14_2023-06-28|2023-06-29_2023-07-13|2023-07-29_2023-08-12|2023-09-12_2023-09-26|2023-09-27_2023-10-11|2024-01-10_2024-01-24|2024-05-09_2024-05-23|2024-07-08_2024-07-22|2024-08-07_2024-08-21|2024-10-06_2024-10-20|2024-12-05_2024-12-19|2025-07-03_2025-07-17|2025-11-15_2025-11-29|2026-01-14_2026-01-28
0.3,2,PPI m/m|Core PPI m/m,Good|Good,3,1,2,33.3,66.7,0.5,2018-09-08_2018-09-22|2023-03-31_2023-04-14|2025-04-04_2025-04-18
0.3,2,PPI m/m|Core PPI m/m,Neutral|Good,3,2,1,66.7,33.3,2.0,2019-08-04_2019-08-18|2019-12-02_2019-12-16|2022-03-06_2022-03-20
0.3,2,PPI m/m|Core PPI m/m,Good|Neutral,5,3,2,60.0,40.0,1.5,2020-04-30_2020-05-14|2022-08-03_2022-08-17|2023-01-15_2023-01-29|2023-11-11_2023-11-25|2024-06-08_2024-06-22
0.3,2,PPI m/m|Core PPI m/m,Bad|Neutral,1,0,1,0.0,100.0,0.0,2020-05-30_2020-06-13
0.3,2,PPI m/m|Core PPI m/m,Neutral|Bad,1,0,1,0.0,100.0,0.0,2020-07-29_2020-08-12
0.3,2,PPI m/m|Core PPI m/m,Bad|Bad,3,2,1,66.7,33.3,2.0,2021-03-26_2021-04-09|2021-07-09_2021-07-23|2022-02-04_2022-02-18
0.0,2,PPI m/m|FOMC,Good|Neutral,3,1,2,33.3,66.7,0.5,2023-04-30_2023-05-14|2023-06-14_2023-06-28|2024-06-08_2024-06-22
0.0,2,PPI m/m|FOMC,Bad|Neutral,2,2,0,100.0,0.0,inf,2023-09-12_2023-09-26|2024-12-05_2024-12-19
0.1,2,PPI m/m|FOMC,Neutral|Neutral,1,0,1,0.0,100.0,0.0,2023-04-30_2023-05-14
0.1,2,PPI m/m|FOMC,Good|Neutral,2,1,1,50.0,50.0,1.0,2023-06-14_2023-06-28|2024-06-08_2024-06-22
0.1,2,PPI m/m|FOMC,Bad|Neutral,2,2,0,100.0,0.0,inf,2023-09-12_2023-09-26|2024-12-05_2024-12-19
0.2,2,PPI m/m|FOMC,Neutral|Neutral,3,1,2,33.3,66.7,0.5,2023-04-30_2023-05-14|2023-06-14_2023-06-28|2024-12-05_2024-12-19
0.2,2,PPI m/m|FOMC,Bad|Neutral,1,1,0,100.0,0.0,inf,2023-09-12_2023-09-26
0.2,2,PPI m/m|FOMC,Good|Neutral,1,1,0,100.0,0.0,inf,2024-06-08_2024-06-22
0.3,2,PPI m/m|FOMC,Neutral|Neutral,4,2,2,50.0,50.0,1.0,2023-04-30_2023-05-14|2023-06-14_2023-06-28|2023-09-12_2023-09-26|2024-12-05_2024-12-19
0.3,2,PPI m/m|FOMC,Good|Neutral,1,1,0,100.0,0.0,inf,2024-06-08_2024-06-22
0.0,2,PPI m/m|CPI y/y,Good|Neutral,3,2,1,66.7,33.3,2.0,2018-08-09_2018-08-23|2020-01-01_2020-01-15|2022-03-06_2022-03-20
0.0,2,PPI m/m|CPI y/y,Good|Good,12,4,8,33.3,66.7,0.5,2018-09-08_2018-09-22|2019-03-07_2019-03-21|2020-04-30_2020-05-14|2022-08-03_2022-08-17|2022-11-01_2022-11-15|2023-03-31_2023-04-14|2023-04-30_2023-05-14|2023-06-29_2023-07-13|2023-11-11_2023-11-25|2024-06-08_2024-06-22|2024-08-07_2024-08-21|2025-04-04_2025-04-18
0.0,2,PPI m/m|CPI y/y,Neutral|Good,3,0,3,0.0,100.0,0.0,2018-10-08_2018-10-22|2019-05-06_2019-05-20|2019-06-05_2019-06-19
0.0,2,PPI m/m|CPI y/y,Bad|Neutral,4,3,1,75.0,25.0,3.0,2018-12-07_2018-12-21|2020-10-12_2020-10-26|2024-05-09_2024-05-23|2024-12-05_2024-12-19
0.0,2,PPI m/m|CPI y/y,Good|Bad,5,4,1,80.0,20.0,4.0,2019-02-05_2019-02-19|2019-12-02_2019-12-16|2024-01-10_2024-01-24|2024-10-06_2024-10-20|2025-07-03_2025-07-17
0.0,2,PPI m/m|CPI y/y,Bad|Bad,7,6,1,85.7,14.3,6.0,2019-04-06_2019-04-20|2020-07-29_2020-08-12|2020-08-28_2020-09-11|2021-07-09_2021-07-23|2022-02-04_2022-02-18|2023-02-14_2023-02-28|2023-09-12_2023-09-26
0.0,2,PPI m/m|CPI y/y,Neutral|Bad,2,2,0,100.0,0.0,inf,2019-08-04_2019-08-18|2022-06-04_2022-06-18
0.0,2,PPI m/m|CPI y/y,Bad|Good,3,2,1,66.7,33.3,2.0,2020-05-30_2020-06-13|2023-07-29_2023-08-12|2024-07-08_2024-07-22
0.1,2,PPI m/m|CPI y/y,Good|Neutral,5,2,3,40.0,60.0,0.67,2018-08-09_2018-08-23|2018-09-08_2018-09-22|2022-03-06_2022-03-20|2023-03-31_2023-04-14|2023-11-11_2023-11-25
0.1,2,PPI m/m|CPI y/y,Neutral|Good,6,2,4,33.3,66.7,0.5,2018-10-08_2018-10-22|2019-03-07_2019-03-21|2019-05-06_2019-05-20|2023-06-29_2023-07-13|2024-07-08_2024-07-22|2024-08-07_2024-08-21
0.1,2,PPI m/m|CPI y/y,Neutral|Neutral,5,3,2,60.0,40.0,1.5,2018-12-07_2018-12-21|2019-06-05_2019-06-19|2020-01-01_2020-01-15|2023-04-30_2023-05-14|2023-07-29_2023-08-12
0.1,2,PPI m/m|CPI y/y,Good|Bad,4,3,1,75.0,25.0,3.0,2019-02-05_2019-02-19|2019-12-02_2019-12-16|2024-01-10_2024-01-24|2025-07-03_2025-07-17
0.1,2,PPI m/m|CPI y/y,Bad|Neutral,4,3,1,75.0,25.0,3.0,2019-04-06_2019-04-20|2020-10-12_2020-10-26|2024-05-09_2024-05-23|2024-12-05_2024-12-19
0.1,2,PPI m/m|CPI y/y,Neutral|Bad,4,4,0,100.0,0.0,inf,2019-08-04_2019-08-18|2020-08-28_2020-09-11|2022-06-04_2022-06-18|2024-10-06_2024-10-20
0.1,2,PPI m/m|CPI y/y,Good|Good,5,2,3,40.0,60.0,0.67,2020-04-30_2020-05-14|2022-08-03_2022-08-17|2022-11-01_2022-11-15|2024-06-08_2024-06-22|2025-04-04_2025-04-18
0.1,2,PPI m/m|CPI y/y,Bad|Good,1,0,1,0.0,100.0,0.0,2020-05-30_2020-06-13
0.1,2,PPI m/m|CPI y/y,Bad|Bad,5,4,1,80.0,20.0,4.0,2020-07-29_2020-08-12|2021-07-09_2021-07-23|2022-02-04_2022-02-18|2023-02-14_2023-02-28|2023-09-12_2023-09-26
0.2,2,PPI m/m|CPI y/y,Neutral|Neutral,23,14,9,60.9,39.1,1.56,2018-08-09_2018-08-23|2018-10-08_2018-10-22|2018-12-07_2018-12-21|2019-02-05_2019-02-19|2019-03-07_2019-03-21|2019-05-06_2019-05-20|2019-06-05_2019-06-19|2019-08-04_2019-08-18|2019-12-02_2019-12-16|2020-01-01_2020-01-15|2020-08-28_2020-09-11|2020-10-12_2020-10-26|2022-03-06_2022-03-20|2023-04-30_2023-05-14|2023-06-29_2023-07-13|2023-07-29_2023-08-12|2024-01-10_2024-01-24|2024-05-09_2024-05-23|2024-07-08_2024-07-22|2024-08-07_2024-08-21|2024-10-06_2024-10-20|2024-12-05_2024-12-19|2025-07-03_2025-07-17
0.2,2,PPI m/m|CPI y/y,Good|Neutral,7,3,4,42.9,57.1,0.75,2018-09-08_2018-09-22|2020-04-30_2020-05-14|2022-08-03_2022-08-17|2023-03-31_2023-04-14|2023-11-11_2023-11-25|2024-06-08_2024-06-22|2025-04-04_2025-04-18
0.2,2,PPI m/m|CPI y/y,Bad|Neutral,3,2,1,66.7,33.3,2.0,2019-04-06_2019-04-20|2020-05-30_2020-06-13|2023-09-12_2023-09-26
0.2,2,PPI m/m|CPI y/y,Bad|Bad,4,3,1,75.0,25.0,3.0,2020-07-29_2020-08-12|2021-07-09_2021-07-23|2022-02-04_2022-02-18|2023-02-14_2023-02-28
0.2,2,PPI m/m|CPI y/y,Neutral|Bad,1,1,0,100.0,0.0,inf,2022-06-04_2022-06-18
0.2,2,PPI m/m|CPI y/y,Neutral|Good,1,0,1,0.0,100.0,0.0,2022-11-01_2022-11-15
0.3,2,PPI m/m|CPI y/y,Neutral|Neutral,28,18,10,64.3,35.7,1.8,2018-08-09_2018-08-23|2018-10-08_2018-10-22|2018-12-07_2018-12-21|2019-02-05_2019-02-19|2019-03-07_2019-03-21|2019-04-06_2019-04-20|2019-05-06_2019-05-20|2019-06-05_2019-06-19|2019-08-04_2019-08-18|2019-12-02_2019-12-16|2020-01-01_2020-01-15|2020-08-28_2020-09-11|2020-10-12_2020-10-26|2022-03-06_2022-03-20|2022-06-04_2022-06-18|2022-11-01_2022-11-15|2023-02-14_2023-02-28|2023-04-30_2023-05-14|2023-06-29_2023-07-13|2023-07-29_2023-08-12|2023-09-12_2023-09-26|2024-01-10_2024-01-24|2024-05-09_2024-05-23|2024-07-08_2024-07-22|2024-08-07_2024-08-21|2024-10-06_2024-10-20|2024-12-05_2024-12-19|2025-07-03_2025-07-17
0.3,2,PPI m/m|CPI y/y,Good|Neutral,7,3,4,42.9,57.1,0.75,2018-09-08_2018-09-22|2020-04-30_2020-05-14|2022-08-03_2022-08-17|2023-03-31_2023-04-14|2023-11-11_2023-11-25|2024-06-08_2024-06-22|2025-04-04_2025-04-18
0.3,2,PPI m/m|CPI y/y,Bad|Neutral,2,1,1,50.0,50.0,1.0,2020-05-30_2020-06-13|2022-02-04_2022-02-18
0.3,2,PPI m/m|CPI y/y,Neutral|Bad,1,0,1,0.0,100.0,0.0,2020-07-29_2020-08-12
0.3,2,PPI m/m|CPI y/y,Bad|Bad,1,1,0,100.0,0.0,inf,2021-07-09_2021-07-23
0.0,2,Core PPI m/m|FOMC,Neutral|Neutral,4,2,2,50.0,50.0,1.0,2023-04-30_2023-05-14|2023-06-14_2023-06-28|2023-09-12_2023-09-26|2024-12-05_2024-12-19
0.0,2,Core PPI m/m|FOMC,Good|Neutral,1,1,0,100.0,0.0,inf,2024-06-08_2024-06-22
0.1,2,Core PPI m/m|FOMC,Neutral|Neutral,4,2,2,50.0,50.0,1.0,2023-04-30_2023-05-14|2023-06-14_2023-06-28|2023-09-12_2023-09-26|2024-12-05_2024-12-19
0.1,2,Core PPI m/m|FOMC,Good|Neutral,1,1,0,100.0,0.0,inf,2024-06-08_2024-06-22
0.2,2,Core PPI m/m|FOMC,Neutral|Neutral,4,2,2,50.0,50.0,1.0,2023-04-30_2023-05-14|2023-06-14_2023-06-28|2023-09-12_2023-09-26|2024-12-05_2024-12-19
0.2,2,Core PPI m/m|FOMC,Good|Neutral,1,1,0,100.0,0.0,inf,2024-06-08_2024-06-22
0.3,2,Core PPI m/m|FOMC,Neutral|Neutral,5,3,2,60.0,40.0,1.5,2023-04-30_2023-05-14|2023-06-14_2023-06-28|2023-09-12_2023-09-26|2024-06-08_2024-06-22|2024-12-05_2024-12-19
0.0,2,Core PPI m/m|CPI y/y,Good|Neutral,3,2,1,66.7,33.3,2.0,2018-08-09_2018-08-23|2020-01-01_2020-01-15|2022-03-06_2022-03-20
0.0,2,Core PPI m/m|CPI y/y,Good|Good,12,4,8,33.3,66.7,0.5,2018-09-08_2018-09-22|2019-03-07_2019-03-21|2019-05-06_2019-05-20|2020-04-30_2020-05-14|2022-08-03_2022-08-17|2022-11-01_2022-11-15|2023-03-31_2023-04-14|2023-06-29_2023-07-13|2023-11-11_2023-11-25|2024-06-08_2024-06-22|2024-08-07_2024-08-21|2025-04-04_2025-04-18
0.0,2,Core PPI m/m|CPI y/y,Neutral|Good,4,0,4,0.0,100.0,0.0,2018-10-08_2018-10-22|2019-06-05_2019-06-19|2020-05-30_2020-06-13|2023-04-30_2023-05-14
0.0,2,Core PPI m/m|CPI y/y,Bad|Neutral,3,2,1,66.7,33.3,2.0,2018-12-07_2018-12-21|2020-10-12_2020-10-26|2024-05-09_2024-05-23
0.0,2,Core PPI m/m|CPI y/y,Bad|Bad,7,6,1,85.7,14.3,6.0,2019-02-05_2019-02-19|2019-04-06_2019-04-20|2020-07-29_2020-08-12|2020-08-28_2020-09-11|2021-07-09_2021-07-23|2022-02-04_2022-02-18|2023-02-14_2023-02-28
0.0,2,Core PPI m/m|CPI y/y,Good|Bad,5,4,1,80.0,20.0,4.0,2019-08-04_2019-08-18|2019-12-02_2019-12-16|2022-06-04_2022-06-18|2024-01-10_2024-01-24|2025-07-03_2025-07-17
0.0,2,Core PPI m/m|CPI y/y,Bad|Good,2,2,0,100.0,0.0,inf,2023-07-29_2023-08-12|2024-07-08_2024-07-22
0.0,2,Core PPI m/m|CPI y/y,Neutral|Bad,2,2,0,100.0,0.0,inf,2023-09-12_2023-09-26|2024-10-06_2024-10-20
0.0,2,Core PPI m/m|CPI y/y,Neutral|Neutral,1,1,0,100.0,0.0,inf,2024-12-05_2024-12-19
0.1,2,Core PPI m/m|CPI y/y,Neutral|Neutral,7,5,2,71.4,28.6,2.5,2018-08-09_2018-08-23|2019-04-06_2019-04-20|2019-06-05_2019-06-19|2020-01-01_2020-01-15|2023-04-30_2023-05-14|2023-07-29_2023-08-12|2024-12-05_2024-12-19
0.1,2,Core PPI m/m|CPI y/y,Good|Neutral,4,1,3,25.0,75.0,0.33,2018-09-08_2018-09-22|2022-03-06_2022-03-20|2023-03-31_2023-04-14|2023-11-11_2023-11-25
0.1,2,Core PPI m/m|CPI y/y,Neutral|Good,5,0,5,0.0,100.0,0.0,2018-10-08_2018-10-22|2019-03-07_2019-03-21|2019-05-06_2019-05-20|2020-05-30_2020-06-13|2023-06-29_2023-07-13
0.1,2,Core PPI m/m|CPI y/y,Bad|Neutral,3,2,1,66.7,33.3,2.0,2018-12-07_2018-12-21|2020-10-12_2020-10-26|2024-05-09_2024-05-23
0.1,2,Core PPI m/m|CPI y/y,Neutral|Bad,4,4,0,100.0,0.0,inf,2019-02-05_2019-02-19|2022-06-04_2022-06-18|2023-09-12_2023-09-26|2024-10-06_2024-10-20
0.1,2,Core PPI m/m|CPI y/y,Good|Bad,4,3,1,75.0,25.0,3.0,2019-08-04_2019-08-18|2019-12-02_2019-12-16|2024-01-10_2024-01-24|2025-07-03_2025-07-17
0.1,2,Core PPI m/m|CPI y/y,Good|Good,6,3,3,50.0,50.0,1.0,2020-04-30_2020-05-14|2022-08-03_2022-08-17|2022-11-01_2022-11-15|2024-06-08_2024-06-22|2024-08-07_2024-08-21|2025-04-04_2025-04-18
0.1,2,Core PPI m/m|CPI y/y,Bad|Bad,5,4,1,80.0,20.0,4.0,2020-07-29_2020-08-12|2020-08-28_2020-09-11|2021-07-09_2021-07-23|2022-02-04_2022-02-18|2023-02-14_2023-02-28
0.1,2,Core PPI m/m|CPI y/y,Bad|Good,1,1,0,100.0,0.0,inf,2024-07-08_2024-07-22
0.2,2,Core PPI m/m|CPI y/y,Neutral|Neutral,24,15,9,62.5,37.5,1.67,2018-08-09_2018-08-23|2018-10-08_2018-10-22|2018-12-07_2018-12-21|2019-02-05_2019-02-19|2019-03-07_2019-03-21|2019-04-06_2019-04-20|2019-05-06_2019-05-20|2019-06-05_2019-06-19|2020-01-01_2020-01-15|2020-04-30_2020-05-14|2020-05-30_2020-06-13|2020-08-28_2020-09-11|2020-10-12_2020-10-26|2022-08-03_2022-08-17|2023-04-30_2023-05-14|2023-06-29_2023-07-13|2023-07-29_2023-08-12|2023-09-12_2023-09-26|2024-01-10_2024-01-24|2024-07-08_2024-07-22|2024-08-07_2024-08-21|2024-10-06_2024-10-20|2024-12-05_2024-12-19|2025-07-03_2025-07-17
0.2,2,Core PPI m/m|CPI y/y,Good|Neutral,8,4,4,50.0,50.0,1.0,2018-09-08_2018-09-22|2019-08-04_2019-08-18|2019-12-02_2019-12-16|2022-03-06_2022-03-20|2023-03-31_2023-04-14|2023-11-11_2023-11-25|2024-06-08_2024-06-22|2025-04-04_2025-04-18
0.2,2,Core PPI m/m|CPI y/y,Bad|Bad,3,2,1,66.7,33.3,2.0,2020-07-29_2020-08-12|2021-07-09_2021-07-23|2022-02-04_2022-02-18
0.2,2,Core PPI m/m|CPI y/y,Neutral|Bad,2,2,0,100.0,0.0,inf,2022-06-04_2022-06-18|2023-02-14_2023-02-28
0.2,2,Core PPI m/m|CPI y/y,Good|Good,1,0,1,0.0,100.0,0.0,2022-11-01_2022-11-15
0.2,2,Core PPI m/m|CPI y/y,Bad|Neutral,1,0,1,0.0,100.0,0.0,2024-05-09_2024-05-23
0.3,2,Core PPI m/m|CPI y/y,Neutral|Neutral,30,18,12,60.0,40.0,1.5,2018-08-09_2018-08-23|2018-10-08_2018-10-22|2018-12-07_2018-12-21|2019-02-05_2019-02-19|2019-03-07_2019-03-21|2019-04-06_2019-04-20|2019-05-06_2019-05-20|2019-06-05_2019-06-19|2020-01-01_2020-01-15|2020-04-30_2020-05-14|2020-05-30_2020-06-13|2020-08-28_2020-09-11|2020-10-12_2020-10-26|2022-06-04_2022-06-18|2022-08-03_2022-08-17|2022-11-01_2022-11-15|2023-02-14_2023-02-28|2023-04-30_2023-05-14|2023-06-29_2023-07-13|2023-07-29_2023-08-12|2023-09-12_2023-09-26|2023-11-11_2023-11-25|2024-01-10_2024-01-24|2024-05-09_2024-05-23|2024-06-08_2024-06-22|2024-07-08_2024-07-22|2024-08-07_2024-08-21|2024-10-06_2024-10-20|2024-12-05_2024-12-19|2025-07-03_2025-07-17
0.3,2,Core PPI m/m|CPI y/y,Good|Neutral,6,3,3,50.0,50.0,1.0,2018-09-08_2018-09-22|2019-08-04_2019-08-18|2019-12-02_2019-12-16|2022-03-06_2022-03-20|2023-03-31_2023-04-14|2025-04-04_2025-04-18
0.3,2,Core PPI m/m|CPI y/y,Bad|Bad,2,1,1,50.0,50.0,1.0,2020-07-29_2020-08-12|2021-07-09_2021-07-23
0.3,2,Core PPI m/m|CPI y/y,Bad|Neutral,1,1,0,100.0,0.0,inf,2022-02-04_2022-02-18
0.0,2,FOMC|CPI y/y,Neutral|Good,2,1,1,50.0,50.0,1.0,2023-04-30_2023-05-14|2024-06-08_2024-06-22
0.0,2,FOMC|CPI y/y,Neutral|Bad,1,1,0,100.0,0.0,inf,2023-09-12_2023-09-26
0.0,2,FOMC|CPI y/y,Neutral|Neutral,1,1,0,100.0,0.0,inf,2024-12-05_2024-12-19
0.1,2,FOMC|CPI y/y,Neutral|Neutral,2,1,1,50.0,50.0,1.0,2023-04-30_2023-05-14|2024-12-05_2024-12-19
0.1,2,FOMC|CPI y/y,Neutral|Bad,1,1,0,100.0,0.0,inf,2023-09-12_2023-09-26
0.1,2,FOMC|CPI y/y,Neutral|Good,1,1,0,100.0,0.0,inf,2024-06-08_2024-06-22
0.2,2,FOMC|CPI y/y,Neutral|Neutral,4,3,1,75.0,25.0,3.0,2023-04-30_2023-05-14|2023-09-12_2023-09-26|2024-06-08_2024-06-22|2024-12-05_2024-12-19
0.3,2,FOMC|CPI y/y,Neutral|Neutral,4,3,1,75.0,25.0,3.0,2023-04-30_2023-05-14|2023-09-12_2023-09-26|2024-06-08_2024-06-22|2024-12-05_2024-12-19
0.0,3,CPI m/m|Core CPI m/m|PPI m/m,Neutral|Neutral|Good,3,2,1,66.7,33.3,2.0,2018-08-09_2018-08-23|2022-03-06_2022-03-20|2024-08-07_2024-08-21
0.0,3,CPI m/m|Core CPI m/m|PPI m/m,Good|Good|Good,8,3,5,37.5,62.5,0.6,2018-09-08_2018-09-22|2020-04-30_2020-05-14|2022-08-03_2022-08-17|2022-11-01_2022-11-15|2023-06-29_2023-07-13|2023-11-11_2023-11-25|2024-06-08_2024-06-22|2025-04-04_2025-04-18
0.0,3,CPI m/m|Core CPI m/m|PPI m/m,Good|Good|Neutral,2,0,2,0.0,100.0,0.0,2018-10-08_2018-10-22|2019-05-06_2019-05-20
0.0,3,CPI m/m|Core CPI m/m|PPI m/m,Neutral|Neutral|Bad,5,5,0,100.0,0.0,inf,2018-12-07_2018-12-21|2020-10-12_2020-10-26|2023-02-14_2023-02-28|2023-07-29_2023-08-12|2024-12-05_2024-12-19
0.0,3,CPI m/m|Core CPI m/m|PPI m/m,Good|Neutral|Good,2,1,1,50.0,50.0,1.0,2019-02-05_2019-02-19|2023-03-31_2023-04-14
0.0,3,CPI m/m|Core CPI m/m|PPI m/m,Neutral|Good|Good,3,2,1,66.7,33.3,2.0,2019-03-07_2019-03-21|2020-01-01_2020-01-15|2025-07-03_2025-07-17
0.0,3,CPI m/m|Core CPI m/m|PPI m/m,Bad|Good|Bad,1,1,0,100.0,0.0,inf,2019-04-06_2019-04-20
0.0,3,CPI m/m|Core CPI m/m|PPI m/m,Neutral|Good|Neutral,1,0,1,0.0,100.0,0.0,2019-06-05_2019-06-19
0.0,3,CPI m/m|Core CPI m/m|PPI m/m,Neutral|Bad|Neutral,1,1,0,100.0,0.0,inf,2019-08-04_2019-08-18
0.0,3,CPI m/m|Core CPI m/m|PPI m/m,Bad|Neutral|Good,2,1,1,50.0,50.0,1.0,2019-12-02_2019-12-16|2024-01-10_2024-01-24
0.0,3,CPI m/m|Core CPI m/m|PPI m/m,Good|Good|Bad,2,1,1,50.0,50.0,1.0,2020-05-30_2020-06-13|2024-07-08_2024-07-22
0.0,3,CPI m/m|Core CPI m/m|PPI m/m,Bad|Bad|Bad,4,3,1,75.0,25.0,3.0,2020-07-29_2020-08-12|2020-08-28_2020-09-11|2021-07-09_2021-07-23|2022-02-04_2022-02-18
0.0,3,CPI m/m|Core CPI m/m|PPI m/m,Bad|Bad|Neutral,1,1,0,100.0,0.0,inf,2022-06-04_2022-06-18
0.0,3,CPI m/m|Core CPI m/m|PPI m/m,Neutral|Bad|Good,1,0,1,0.0,100.0,0.0,2023-04-30_2023-05-14
0.0,3,CPI m/m|Core CPI m/m|PPI m/m,Neutral|Bad|Bad,1,1,0,100.0,0.0,inf,2023-09-12_2023-09-26
0.0,3,CPI m/m|Core CPI m/m|PPI m/m,Good|Neutral|Bad,1,0,1,0.0,100.0,0.0,2024-05-09_2024-05-23
0.0,3,CPI m/m|Core CPI m/m|PPI m/m,Bad|Bad|Good,1,1,0,100.0,0.0,inf,2024-10-06_2024-10-20
0.1,3,CPI m/m|Core CPI m/m|PPI m/m,Neutral|Neutral|Good,10,6,4,60.0,40.0,1.5,2018-08-09_2018-08-23|2018-09-08_2018-09-22|2019-02-05_2019-02-19|2019-12-02_2019-12-16|2022-03-06_2022-03-20|2023-03-31_2023-04-14|2023-11-11_2023-11-25|2024-01-10_2024-01-24|2024-06-08_2024-06-22|2025-07-03_2025-07-17
0.1,3,CPI m/m|Core CPI m/m|PPI m/m,Neutral|Neutral|Neutral,10,6,4,60.0,40.0,1.5,2018-10-08_2018-10-22|2018-12-07_2018-12-21|2019-03-07_2019-03-21|2019-06-05_2019-06-19|2019-08-04_2019-08-18|2020-01-01_2020-01-15|2023-06-29_2023-07-13|2023-07-29_2023-08-12|2024-08-07_2024-08-21|2024-10-06_2024-10-20
0.1,3,CPI m/m|Core CPI m/m|PPI m/m,Bad|Neutral|Bad,2,2,0,100.0,0.0,inf,2019-04-06_2019-04-20|2022-02-04_2022-02-18
0.1,3,CPI m/m|Core CPI m/m|PPI m/m,Good|Neutral|Neutral,2,1,1,50.0,50.0,1.0,2019-05-06_2019-05-20|2024-07-08_2024-07-22
0.1,3,CPI m/m|Core CPI m/m|PPI m/m,Good|Good|Good,4,1,3,25.0,75.0,0.33,2020-04-30_2020-05-14|2022-08-03_2022-08-17|2022-11-01_2022-11-15|2025-04-04_2025-04-18
0.1,3,CPI m/m|Core CPI m/m|PPI m/m,Neutral|Neutral|Bad,5,4,1,80.0,20.0,4.0,2020-05-30_2020-06-13|2020-10-12_2020-10-26|2023-02-14_2023-02-28|2023-09-12_2023-09-26|2024-12-05_2024-12-19
0.1,3,CPI m/m|Core CPI m/m|PPI m/m,Bad|Bad|Bad,2,1,1,50.0,50.0,1.0,2020-07-29_2020-08-12|2021-07-09_2021-07-23
0.1,3,CPI m/m|Core CPI m/m|PPI m/m,Bad|Bad|Neutral,1,1,0,100.0,0.0,inf,2020-08-28_2020-09-11
0.1,3,CPI m/m|Core CPI m/m|PPI m/m,Bad|Neutral|Neutral,1,1,0,100.0,0.0,inf,2022-06-04_2022-06-18
0.1,3,CPI m/m|Core CPI m/m|PPI m/m,Neutral|Bad|Neutral,1,0,1,0.0,100.0,0.0,2023-04-30_2023-05-14
0.1,3,CPI m/m|Core CPI m/m|PPI m/m,Good|Neutral|Bad,1,0,1,0.0,100.0,0.0,2024-05-09_2024-05-23
0.2,3,CPI m/m|Core CPI m/m|PPI m/m,Neutral|Neutral|Neutral,24,14,10,58.3,41.7,1.4,2018-08-09_2018-08-23|2018-10-08_2018-10-22|2018-12-07_2018-12-21|2019-02-05_2019-02-19|2019-03-07_2019-03-21|2019-05-06_2019-05-20|2019-06-05_2019-06-19|2019-08-04_2019-08-18|2019-12-02_2019-12-16|2020-01-01_2020-01-15|2020-08-28_2020-09-11|2020-10-12_2020-10-26|2022-03-06_2022-03-20|2022-11-01_2022-11-15|2023-04-30_2023-05-14|2023-06-29_2023-07-13|2023-07-29_2023-08-12|2024-01-10_2024-01-24|2024-05-09_2024-05-23|2024-07-08_2024-07-22|2024-08-07_2024-08-21|2024-10-06_2024-10-20|2024-12-05_2024-12-19|2025-07-03_2025-07-17
0.2,3,CPI m/m|Core CPI m/m|PPI m/m,Neutral|Neutral|Good,7,3,4,42.9,57.1,0.75,2018-09-08_2018-09-22|2020-04-30_2020-05-14|2022-08-03_2022-08-17|2023-03-31_2023-04-14|2023-11-11_2023-11-25|2024-06-08_2024-06-22|2025-04-04_2025-04-18
0.2,3,CPI m/m|Core CPI m/m|PPI m/m,Neutral|Neutral|Bad,5,4,1,80.0,20.0,4.0,2019-04-06_2019-04-20|2020-05-30_2020-06-13|2022-02-04_2022-02-18|2023-02-14_2023-02-28|2023-09-12_2023-09-26
0.2,3,CPI m/m|Core CPI m/m|PPI m/m,Bad|Bad|Bad,2,1,1,50.0,50.0,1.0,2020-07-29_2020-08-12|2021-07-09_2021-07-23
0.2,3,CPI m/m|Core CPI m/m|PPI m/m,Bad|Neutral|Neutral,1,1,0,100.0,0.0,inf,2022-06-04_2022-06-18
0.3,3,CPI m/m|Core CPI m/m|PPI m/m,Neutral|Neutral|Neutral,27,17,10,63.0,37.0,1.7,2018-08-09_2018-08-23|2018-10-08_2018-10-22|2018-12-07_2018-12-21|2019-02-05_2019-02-19|2019-03-07_2019-03-21|2019-04-06_2019-04-20|2019-05-06_2019-05-20|2019-06-05_2019-06-19|2019-08-04_2019-08-18|2019-12-02_2019-12-16|2020-01-01_2020-01-15|2020-08-28_2020-09-11|2020-10-12_2020-10-26|2022-03-06_2022-03-20|2022-11-01_2022-11-15|2023-02-14_2023-02-28|2023-04-30_2023-05-14|2023-06-29_2023-07-13|2023-07-29_2023-08-12|2023-09-12_2023-09-26|2024-01-10_2024-01-24|2024-05-09_2024-05-23|2024-07-08_2024-07-22|2024-08-07_2024-08-21|2024-10-06_2024-10-20|2024-12-05_2024-12-19|2025-07-03_2025-07-17
0.3,3,CPI m/m|Core CPI m/m|PPI m/m,Neutral|Neutral|Good,7,3,4,42.9,57.1,0.75,2018-09-08_2018-09-22|2020-04-30_2020-05-14|2022-08-03_2022-08-17|2023-03-31_2023-04-14|2023-11-11_2023-11-25|2024-06-08_2024-06-22|2025-04-04_2025-04-18
0.3,3,CPI m/m|Core CPI m/m|PPI m/m,Neutral|Neutral|Bad,2,1,1,50.0,50.0,1.0,2020-05-30_2020-06-13|2022-02-04_2022-02-18
0.3,3,CPI m/m|Core CPI m/m|PPI m/m,Neutral|Bad|Neutral,1,0,1,0.0,100.0,0.0,2020-07-29_2020-08-12
0.3,3,CPI m/m|Core CPI m/m|PPI m/m,Bad|Bad|Bad,1,1,0,100.0,0.0,inf,2021-07-09_2021-07-23
0.3,3,CPI m/m|Core CPI m/m|PPI m/m,Bad|Neutral|Neutral,1,1,0,100.0,0.0,inf,2022-06-04_2022-06-18
0.0,3,CPI m/m|Core CPI m/m|Core PPI m/m,Neutral|Neutral|Good,3,2,1,66.7,33.3,2.0,2018-08-09_2018-08-23|2022-03-06_2022-03-20|2024-08-07_2024-08-21
0.0,3,CPI m/m|Core CPI m/m|Core PPI m/m,Good|Good|Good,9,3,6,33.3,66.7,0.5,2018-09-08_2018-09-22|2019-05-06_2019-05-20|2020-04-30_2020-05-14|2022-08-03_2022-08-17|2022-11-01_2022-11-15|2023-06-29_2023-07-13|2023-11-11_2023-11-25|2024-06-08_2024-06-22|2025-04-04_2025-04-18
0.0,3,CPI m/m|Core CPI m/m|Core PPI m/m,Good|Good|Neutral,2,0,2,0.0,100.0,0.0,2018-10-08_2018-10-22|2020-05-30_2020-06-13
0.0,3,CPI m/m|Core CPI m/m|Core PPI m/m,Neutral|Neutral|Bad,4,4,0,100.0,0.0,inf,2018-12-07_2018-12-21|2020-10-12_2020-10-26|2023-02-14_2023-02-28|2023-07-29_2023-08-12
0.0,3,CPI m/m|Core CPI m/m|Core PPI m/m,Good|Neutral|Bad,2,1,1,50.0,50.0,1.0,2019-02-05_2019-02-19|2024-05-09_2024-05-23
0.0,3,CPI m/m|Core CPI m/m|Core PPI m/m,Neutral|Good|Good,3,2,1,66.7,33.3,2.0,2019-03-07_2019-03-21|2020-01-01_2020-01-15|2025-07-03_2025-07-17
0.0,3,CPI m/m|Core CPI m/m|Core PPI m/m,Bad|Good|Bad,1,1,0,100.0,0.0,inf,2019-04-06_2019-04-20
0.0,3,CPI m/m|Core CPI m/m|Core PPI m/m,Neutral|Good|Neutral,1,0,1,0.0,100.0,0.0,2019-06-05_2019-06-19
0.0,3,CPI m/m|Core CPI m/m|Core PPI m/m,Neutral|Bad|Good,1,1,0,100.0,0.0,inf,2019-08-04_2019-08-18
0.0,3,CPI m/m|Core CPI m/m|Core PPI m/m,Bad|Neutral|Good,2,1,1,50.0,50.0,1.0,2019-12-02_2019-12-16|2024-01-10_2024-01-24
0.0,3,CPI m/m|Core CPI m/m|Core PPI m/m,Bad|Bad|Bad,4,3,1,75.0,25.0,3.0,2020-07-29_2020-08-12|2020-08-28_2020-09-11|2021-07-09_2021-07-23|2022-02-04_2022-02-18
0.0,3,CPI m/m|Core CPI m/m|Core PPI m/m,Bad|Bad|Good,1,1,0,100.0,0.0,inf,2022-06-04_2022-06-18
0.0,3,CPI m/m|Core CPI m/m|Core PPI m/m,Good|Neutral|Good,1,0,1,0.0,100.0,0.0,2023-03-31_2023-04-14
0.0,3,CPI m/m|Core CPI m/m|Core PPI m/m,Neutral|Bad|Neutral,2,1,1,50.0,50.0,1.0,2023-04-30_2023-05-14|2023-09-12_2023-09-26
0.0,3,CPI m/m|Core CPI m/m|Core PPI m/m,Good|Good|Bad,1,1,0,100.0,0.0,inf,2024-07-08_2024-07-22
0.0,3,CPI m/m|Core CPI m/m|Core PPI m/m,Bad|Bad|Neutral,1,1,0,100.0,0.0,inf,2024-10-06_2024-10-20
0.0,3,CPI m/m|Core CPI m/m|Core PPI m/m,Neutral|Neutral|Neutral,1,1,0,100.0,0.0,inf,2024-12-05_2024-12-19
0.1,3,CPI m/m|Core CPI m/m|Core PPI m/m,Neutral|Neutral|Neutral,12,7,5,58.3,41.7,1.4,2018-08-09_2018-08-23|2018-10-08_2018-10-22|2019-02-05_2019-02-19|2019-03-07_2019-03-21|2019-06-05_2019-06-19|2020-01-01_2020-01-15|2020-05-30_2020-06-13|2023-06-29_2023-07-13|2023-07-29_2023-08-12|2023-09-12_2023-09-26|2024-10-06_2024-10-20|2024-12-05_2024-12-19
0.1,3,CPI m/m|Core CPI m/m|Core PPI m/m,Neutral|Neutral|Good,10,6,4,60.0,40.0,1.5,2018-09-08_2018-09-22|2019-08-04_2019-08-18|2019-12-02_2019-12-16|2022-03-06_2022-03-20|2023-03-31_2023-04-14|2023-11-11_2023-11-25|2024-01-10_2024-01-24|2024-06-08_2024-06-22|2024-08-07_2024-08-21|2025-07-03_2025-07-17
0.1,3,CPI m/m|Core CPI m/m|Core PPI m/m,Neutral|Neutral|Bad,3,3,0,100.0,0.0,inf,2018-12-07_2018-12-21|2020-10-12_2020-10-26|2023-02-14_2023-02-28
0.1,3,CPI m/m|Core CPI m/m|Core PPI m/m,Bad|Neutral|Neutral,2,2,0,100.0,0.0,inf,2019-04-06_2019-04-20|2022-06-04_2022-06-18
0.1,3,CPI m/m|Core CPI m/m|Core PPI m/m,Good|Neutral|Neutral,1,0,1,0.0,100.0,0.0,2019-05-06_2019-05-20
0.1,3,CPI m/m|Core CPI m/m|Core PPI m/m,Good|Good|Good,4,1,3,25.0,75.0,0.33,2020-04-30_2020-05-14|2022-08-03_2022-08-17|2022-11-01_2022-11-15|2025-04-04_2025-04-18
0.1,3,CPI m/m|Core CPI m/m|Core PPI m/m,Bad|Bad|Bad,3,2,1,66.7,33.3,2.0,2020-07-29_2020-08-12|2020-08-28_2020-09-11|2021-07-09_2021-07-23
0.1,3,CPI m/m|Core CPI m/m|Core PPI m/m,Bad|Neutral|Bad,1,1,0,100.0,0.0,inf,2022-02-04_2022-02-18
0.1,3,CPI m/m|Core CPI m/m|Core PPI m/m,Neutral|Bad|Neutral,1,0,1,0.0,100.0,0.0,2023-04-30_2023-05-14
0.1,3,CPI m/m|Core CPI m/m|Core PPI m/m,Good|Neutral|Bad,2,1,1,50.0,50.0,1.0,2024-05-09_2024-05-23|2024-07-08_2024-07-22
0.2,3,CPI m/m|Core CPI m/m|Core PPI m/m,Neutral|Neutral|Neutral,25,16,9,64.0,36.0,1.78,2018-08-09_2018-08-23|2018-10-08_2018-10-22|2018-12-07_2018-12-21|2019-02-05_2019-02-19|2019-03-07_2019-03-21|2019-04-06_2019-04-20|2019-05-06_2019-05-20|2019-06-05_2019-06-19|2020-01-01_2020-01-15|2020-04-30_2020-05-14|2020-05-30_2020-06-13|2020-08-28_2020-09-11|2020-10-12_2020-10-26|2022-08-03_2022-08-17|2023-02-14_2023-02-28|2023-04-30_2023-05-14|2023-06-29_2023-07-13|2023-07-29_2023-08-12|2023-09-12_2023-09-26|2024-01-10_2024-01-24|2024-07-08_2024-07-22|2024-08-07_2024-08-21|2024-10-06_2024-10-20|2024-12-05_2024-12-19|2025-07-03_2025-07-17
0.2,3,CPI m/m|Core CPI m/m|Core PPI m/m,Neutral|Neutral|Good,9,4,5,44.4,55.6,0.8,2018-09-08_2018-09-22|2019-08-04_2019-08-18|2019-12-02_2019-12-16|2022-03-06_2022-03-20|2022-11-01_2022-11-15|2023-03-31_2023-04-14|2023-11-11_2023-11-25|2024-06-08_2024-06-22|2025-04-04_2025-04-18
0.2,3,CPI m/m|Core CPI m/m|Core PPI m/m,Bad|Bad|Bad,2,1,1,50.0,50.0,1.0,2020-07-29_2020-08-12|2021-07-09_2021-07-23
0.2,3,CPI m/m|Core CPI m/m|Core PPI m/m,Neutral|Neutral|Bad,2,1,1,50.0,50.0,1.0,2022-02-04_2022-02-18|2024-05-09_2024-05-23
0.2,3,CPI m/m|Core CPI m/m|Core PPI m/m,Bad|Neutral|Neutral,1,1,0,100.0,0.0,inf,2022-06-04_2022-06-18
0.3,3,CPI m/m|Core CPI m/m|Core PPI m/m,Neutral|Neutral|Neutral,29,17,12,58.6,41.4,1.42,2018-08-09_2018-08-23|2018-10-08_2018-10-22|2018-12-07_2018-12-21|2019-02-05_2019-02-19|2019-03-07_2019-03-21|2019-04-06_2019-04-20|2019-05-06_2019-05-20|2019-06-05_2019-06-19|2020-01-01_2020-01-15|2020-04-30_2020-05-14|2020-05-30_2020-06-13|2020-08-28_2020-09-11|2020-10-12_2020-10-26|2022-08-03_2022-08-17|2022-11-01_2022-11-15|2023-02-14_2023-02-28|2023-04-30_2023-05-14|2023-06-29_2023-07-13|2023-07-29_2023-08-12|2023-09-12_2023-09-26|2023-11-11_2023-11-25|2024-01-10_2024-01-24|2024-05-09_2024-05-23|2024-06-08_2024-06-22|2024-07-08_2024-07-22|2024-08-07_2024-08-21|2024-10-06_2024-10-20|2024-12-05_2024-12-19|2025-07-03_2025-07-17
0.3,3,CPI m/m|Core CPI m/m|Core PPI m/m,Neutral|Neutral|Good,6,3,3,50.0,50.0,1.0,2018-09-08_2018-09-22|2019-08-04_2019-08-18|2019-12-02_2019-12-16|2022-03-06_2022-03-20|2023-03-31_2023-04-14|2025-04-04_2025-04-18
0.3,3,CPI m/m|Core CPI m/m|Core PPI m/m,Neutral|Bad|Bad,1,0,1,0.0,100.0,0.0,2020-07-29_2020-08-12
0.3,3,CPI m/m|Core CPI m/m|Core PPI m/m,Bad|Bad|Bad,1,1,0,100.0,0.0,inf,2021-07-09_2021-07-23
0.3,3,CPI m/m|Core CPI m/m|Core PPI m/m,Neutral|Neutral|Bad,1,1,0,100.0,0.0,inf,2022-02-04_2022-02-18
0.3,3,CPI m/m|Core CPI m/m|Core PPI m/m,Bad|Neutral|Neutral,1,1,0,100.0,0.0,inf,2022-06-04_2022-06-18
0.0,3,CPI m/m|Core CPI m/m|FOMC,Neutral|Bad|Neutral,2,1,1,50.0,50.0,1.0,2023-04-30_2023-05-14|2023-09-12_2023-09-26
0.0,3,CPI m/m|Core CPI m/m|FOMC,Good|Good|Neutral,1,1,0,100.0,0.0,inf,2024-06-08_2024-06-22
0.0,3,CPI m/m|Core CPI m/m|FOMC,Neutral|Neutral|Neutral,1,1,0,100.0,0.0,inf,2024-12-05_2024-12-19
0.1,3,CPI m/m|Core CPI m/m|FOMC,Neutral|Bad|Neutral,1,0,1,0.0,100.0,0.0,2023-04-30_2023-05-14
0.1,3,CPI m/m|Core CPI m/m|FOMC,Neutral|Neutral|Neutral,3,3,0,100.0,0.0,inf,2023-09-12_2023-09-26|2024-06-08_2024-06-22|2024-12-05_2024-12-19
0.2,3,CPI m/m|Core CPI m/m|FOMC,Neutral|Neutral|Neutral,4,3,1,75.0,25.0,3.0,2023-04-30_2023-05-14|2023-09-12_2023-09-26|2024-06-08_2024-06-22|2024-12-05_2024-12-19
0.3,3,CPI m/m|Core CPI m/m|FOMC,Neutral|Neutral|Neutral,4,3,1,75.0,25.0,3.0,2023-04-30_2023-05-14|2023-09-12_2023-09-26|2024-06-08_2024-06-22|2024-12-05_2024-12-19
0.0,3,CPI m/m|Core CPI m/m|CPI y/y,Neutral|Neutral|Neutral,5,4,1,80.0,20.0,4.0,2018-08-09_2018-08-23|2018-12-07_2018-12-21|2020-10-12_2020-10-26|2022-03-06_2022-03-20|2024-12-05_2024-12-19
0.0,3,CPI m/m|Core CPI m/m|CPI y/y,Good|Good|Good,12,4,8,33.3,66.7,0.5,2018-09-08_2018-09-22|2018-10-08_2018-10-22|2019-05-06_2019-05-20|2020-04-30_2020-05-14|2020-05-30_2020-06-13|2022-08-03_2022-08-17|2022-11-01_2022-11-15|2023-06-29_2023-07-13|2023-11-11_2023-11-25|2024-06-08_2024-06-22|2024-07-08_2024-07-22|2025-04-04_2025-04-18
0.0,3,CPI m/m|Core CPI m/m|CPI y/y,Good|Neutral|Bad,2,2,0,100.0,0.0,inf,2019-02-05_2019-02-19|2020-01-31_2020-02-14
0.0,3,CPI m/m|Core CPI m/m|CPI y/y,Neutral|Good|Good,2,0,2,0.0,100.0,0.0,2019-03-07_2019-03-21|2019-06-05_2019-06-19
0.0,3,CPI m/m|Core CPI m/m|CPI y/y,Bad|Good|Bad,1,1,0,100.0,0.0,inf,2019-04-06_2019-04-20
0.0,3,CPI m/m|Core CPI m/m|CPI y/y,Neutral|Bad|Bad,2,2,0,100.0,0.0,inf,2019-08-04_2019-08-18|2023-09-12_2023-09-26
0.0,3,CPI m/m|Core CPI m/m|CPI y/y,Bad|Neutral|Bad,2,1,1,50.0,50.0,1.0,2019-12-02_2019-12-16|2024-01-10_2024-01-24
0.0,3,CPI m/m|Core CPI m/m|CPI y/y,Neutral|Good|Neutral,1,1,0,100.0,0.0,inf,2020-01-01_2020-01-15
0.0,3,CPI m/m|Core CPI m/m|CPI y/y,Bad|Bad|Neutral,1,1,0,100.0,0.0,inf,2020-07-14_2020-07-28
0.0,3,CPI m/m|Core CPI m/m|CPI y/y,Bad|Bad|Bad,6,5,1,83.3,16.7,5.0,2020-07-29_2020-08-12|2020-08-28_2020-09-11|2021-07-09_2021-07-23|2022-02-04_2022-02-18|2022-06-04_2022-06-18|2024-10-06_2024-10-20
0.0,3,CPI m/m|Core CPI m/m|CPI y/y,Neutral|Neutral|Bad,1,1,0,100.0,0.0,inf,2023-02-14_2023-02-28
0.0,3,CPI m/m|Core CPI m/m|CPI y/y,Good|Neutral|Good,1,0,1,0.0,100.0,0.0,2023-03-31_2023-04-14
0.0,3,CPI m/m|Core CPI m/m|CPI y/y,Neutral|Bad|Good,1,0,1,0.0,100.0,0.0,2023-04-30_2023-05-14
0.0,3,CPI m/m|Core CPI m/m|CPI y/y,Neutral|Neutral|Good,2,2,0,100.0,0.0,inf,2023-07-29_2023-08-12|2024-08-07_2024-08-21
0.0,3,CPI m/m|Core CPI m/m|CPI y/y,Good|Neutral|Neutral,1,0,1,0.0,100.0,0.0,2024-05-09_2024-05-23
0.0,3,CPI m/m|Core CPI m/m|CPI y/y,Neutral|Good|Bad,1,1,0,100.0,0.0,inf,2025-07-03_2025-07-17
0.1,3,CPI m/m|Core CPI m/m|CPI y/y,Neutral|Neutral|Neutral,12,8,4,66.7,33.3,2.0,2018-08-09_2018-08-23|2018-09-08_2018-09-22|2018-12-07_2018-12-21|2019-06-05_2019-06-19|2020-01-01_2020-01-15|2020-07-14_2020-07-28|2020-10-12_2020-10-26|2022-03-06_2022-03-20|2023-03-31_2023-04-14|2023-07-29_2023-08-12|2023-11-11_2023-11-25|2024-12-05_2024-12-19
0.1,3,CPI m/m|Core CPI m/m|CPI y/y,Neutral|Neutral|Good,6,2,4,33.3,66.7,0.5,2018-10-08_2018-10-22|2019-03-07_2019-03-21|2020-05-30_2020-06-13|2023-06-29_2023-07-13|2024-06-08_2024-06-22|2024-08-07_2024-08-21
0.1,3,CPI m/m|Core CPI m/m|CPI y/y,Neutral|Neutral|Bad,9,8,1,88.9,11.1,8.0,2019-02-05_2019-02-19|2019-08-04_2019-08-18|2019-12-02_2019-12-16|2020-01-31_2020-02-14|2023-02-14_2023-02-28|2023-09-12_2023-09-26|2024-01-10_2024-01-24|2024-10-06_2024-10-20|2025-07-03_2025-07-17
0.1,3,CPI m/m|Core CPI m/m|CPI y/y,Bad|Neutral|Neutral,1,1,0,100.0,0.0,inf,2019-04-06_2019-04-20
0.1,3,CPI m/m|Core CPI m/m|CPI y/y,Good|Neutral|Good,2,1,1,50.0,50.0,1.0,2019-05-06_2019-05-20|2024-07-08_2024-07-22
0.1,3,CPI m/m|Core CPI m/m|CPI y/y,Good|Good|Good,4,1,3,25.0,75.0,0.33,2020-04-30_2020-05-14|2022-08-03_2022-08-17|2022-11-01_2022-11-15|2025-04-04_2025-04-18
0.1,3,CPI m/m|Core CPI m/m|CPI y/y,Bad|Bad|Bad,3,2,1,66.7,33.3,2.0,2020-07-29_2020-08-12|2020-08-28_2020-09-11|2021-07-09_2021-07-23
0.1,3,CPI m/m|Core CPI m/m|CPI y/y,Bad|Neutral|Bad,2,2,0,100.0,0.0,inf,2022-02-04_2022-02-18|2022-06-04_2022-06-18
0.1,3,CPI m/m|Core CPI m/m|CPI y/y,Neutral|Bad|Neutral,1,0,1,0.0,100.0,0.0,2023-04-30_2023-05-14
0.1,3,CPI m/m|Core CPI m/m|CPI y/y,Good|Neutral|Neutral,1,0,1,0.0,100.0,0.0,2024-05-09_2024-05-23
0.2,3,CPI m/m|Core CPI m/m|CPI y/y,Neutral|Neutral|Neutral,35,21,14,60.0,40.0,1.5,2018-08-09_2018-08-23|2018-09-08_2018-09-22|2018-10-08_2018-10-22|2018-12-07_2018-12-21|2019-02-05_2019-02-19|2019-03-07_2019-03-21|2019-04-06_2019-04-20|2019-05-06_2019-05-20|2019-06-05_2019-06-19|2019-08-04_2019-08-18|2019-12-02_2019-12-16|2020-01-01_2020-01-15|2020-01-31_2020-02-14|2020-04-30_2020-05-14|2020-05-30_2020-06-13|2020-07-14_2020-07-28|2020-08-28_2020-09-11|2020-10-12_2020-10-26|2022-03-06_2022-03-20|2022-08-03_2022-08-17|2023-03-31_2023-04-14|2023-04-30_2023-05-14|2023-06-29_2023-07-13|2023-07-29_2023-08-12|2023-09-12_2023-09-26|2023-11-11_2023-11-25|2024-01-10_2024-01-24|2024-05-09_2024-05-23|2024-06-08_2024-06-22|2024-07-08_2024-07-22|2024-08-07_2024-08-21|2024-10-06_2024-10-20|2024-12-05_2024-12-19|2025-04-04_2025-04-18|2025-07-03_2025-07-17
0.2,3,CPI m/m|Core CPI m/m|CPI y/y,Bad|Bad|Bad,2,1,1,50.0,50.0,1.0,2020-07-29_2020-08-12|2021-07-09_2021-07-23
0.2,3,CPI m/m|Core CPI m/m|CPI y/y,Neutral|Neutral|Bad,2,2,0,100.0,0.0,inf,2022-02-04_2022-02-18|2023-02-14_2023-02-28
0.2,3,CPI m/m|Core CPI m/m|CPI y/y,Bad|Neutral|Bad,1,1,0,100.0,0.0,inf,2022-06-04_2022-06-18
0.2,3,CPI m/m|Core CPI m/m|CPI y/y,Neutral|Neutral|Good,1,0,1,0.0,100.0,0.0,2022-11-01_2022-11-15
0.3,3,CPI m/m|Core CPI m/m|CPI y/y,Neutral|Neutral|Neutral,38,23,15,60.5,39.5,1.53,2018-08-09_2018-08-23|2018-09-08_2018-09-22|2018-10-08_2018-10-22|2018-12-07_2018-12-21|2019-02-05_2019-02-19|2019-03-07_2019-03-21|2019-04-06_2019-04-20|2019-05-06_2019-05-20|2019-06-05_2019-06-19|2019-08-04_2019-08-18|2019-12-02_2019-12-16|2020-01-01_2020-01-15|2020-01-31_2020-02-14|2020-04-30_2020-05-14|2020-05-30_2020-06-13|2020-07-14_2020-07-28|2020-08-28_2020-09-11|2020-10-12_2020-10-26|2022-02-04_2022-02-18|2022-03-06_2022-03-20|2022-08-03_2022-08-17|2022-11-01_2022-11-15|2023-02-14_2023-02-28|2023-03-31_2023-04-14|2023-04-30_2023-05-14|2023-06-29_2023-07-13|2023-07-29_2023-08-12|2023-09-12_2023-09-26|2023-11-11_2023-11-25|2024-01-10_2024-01-24|2024-05-09_2024-05-23|2024-06-08_2024-06-22|2024-07-08_2024-07-22|2024-08-07_2024-08-21|2024-10-06_2024-10-20|2024-12-05_2024-12-19|2025-04-04_2025-04-18|2025-07-03_2025-07-17
0.3,3,CPI m/m|Core CPI m/m|CPI y/y,Neutral|Bad|Bad,1,0,1,0.0,100.0,0.0,2020-07-29_2020-08-12
0.3,3,CPI m/m|Core CPI m/m|CPI y/y,Bad|Bad|Bad,1,1,0,100.0,0.0,inf,2021-07-09_2021-07-23
0.3,3,CPI m/m|Core CPI m/m|CPI y/y,Bad|Neutral|Neutral,1,1,0,100.0,0.0,inf,2022-06-04_2022-06-18
0.0,3,CPI m/m|PPI m/m|Core PPI m/m,Neutral|Good|Good,6,4,2,66.7,33.3,2.0,2018-08-09_2018-08-23|2019-03-07_2019-03-21|2020-01-01_2020-01-15|2022-03-06_2022-03-20|2024-08-07_2024-08-21|2025-07-03_2025-07-17
0.0,3,CPI m/m|PPI m/m|Core PPI m/m,Good|Good|Good,9,3,6,33.3,66.7,0.5,2018-09-08_2018-09-22|2020-04-30_2020-05-14|2022-08-03_2022-08-17|2022-11-01_2022-11-15|2023-03-31_2023-04-14|2023-06-29_2023-07-13|2023-11-11_2023-11-25|2024-06-08_2024-06-22|2025-04-04_2025-04-18
0.0,3,CPI m/m|PPI m/m|Core PPI m/m,Good|Neutral|Neutral,1,0,1,0.0,100.0,0.0,2018-10-08_2018-10-22
0.0,3,CPI m/m|PPI m/m|Core PPI m/m,Neutral|Bad|Bad,4,4,0,100.0,0.0,inf,2018-12-07_2018-12-21|2020-10-12_2020-10-26|2023-02-14_2023-02-28|2023-07-29_2023-08-12
0.0,3,CPI m/m|PPI m/m|Core PPI m/m,Good|Good|Bad,1,1,0,100.0,0.0,inf,2019-02-05_2019-02-19
0.0,3,CPI m/m|PPI m/m|Core PPI m/m,Bad|Bad|Bad,5,4,1,80.0,20.0,4.0,2019-04-06_2019-04-20|2020-07-29_2020-08-12|2020-08-28_2020-09-11|2021-07-09_2021-07-23|2022-02-04_2022-02-18
0.0,3,CPI m/m|PPI m/m|Core PPI m/m,Good|Neutral|Good,1,0,1,0.0,100.0,0.0,2019-05-06_2019-05-20
0.0,3,CPI m/m|PPI m/m|Core PPI m/m,Neutral|Neutral|Neutral,1,0,1,0.0,100.0,0.0,2019-06-05_2019-06-19
0.0,3,CPI m/m|PPI m/m|Core PPI m/m,Neutral|Neutral|Good,1,1,0,100.0,0.0,inf,2019-08-04_2019-08-18
0.0,3,CPI m/m|PPI m/m|Core PPI m/m,Bad|Good|Good,2,1,1,50.0,50.0,1.0,2019-12-02_2019-12-16|2024-01-10_2024-01-24
0.0,3,CPI m/m|PPI m/m|Core PPI m/m,Good|Bad|Neutral,1,0,1,0.0,100.0,0.0,2020-05-30_2020-06-13
0.0,3,CPI m/m|PPI m/m|Core PPI m/m,Bad|Neutral|Good,1,1,0,100.0,0.0,inf,2022-06-04_2022-06-18
0.0,3,CPI m/m|PPI m/m|Core PPI m/m,Neutral|Good|Neutral,1,0,1,0.0,100.0,0.0,2023-04-30_2023-05-14
0.0,3,CPI m/m|PPI m/m|Core PPI m/m,Neutral|Bad|Neutral,2,2,0,100.0,0.0,inf,2023-09-12_2023-09-26|2024-12-05_2024-12-19
0.0,3,CPI m/m|PPI m/m|Core PPI m/m,Good|Bad|Bad,2,1,1,50.0,50.0,1.0,2024-05-09_2024-05-23|2024-07-08_2024-07-22
0.0,3,CPI m/m|PPI m/m|Core PPI m/m,Bad|Good|Neutral,1,1,0,100.0,0.0,inf,2024-10-06_2024-10-20
0.1,3,CPI m/m|PPI m/m|Core PPI m/m,Neutral|Good|Neutral,2,2,0,100.0,0.0,inf,2018-08-09_2018-08-23|2019-02-05_2019-02-19
0.1,3,CPI m/m|PPI m/m|Core PPI m/m,Neutral|Good|Good,8,4,4,50.0,50.0,1.0,2018-09-08_2018-09-22|2019-12-02_2019-12-16|2022-03-06_2022-03-20|2023-03-31_2023-04-14|2023-11-11_2023-11-25|2024-01-10_2024-01-24|2024-06-08_2024-06-22|2025-07-03_2025-07-17
0.1,3,CPI m/m|PPI m/m|Core PPI m/m,Neutral|Neutral|Neutral,8,3,5,37.5,62.5,0.6,2018-10-08_2018-10-22|2019-03-07_2019-03-21|2019-06-05_2019-06-19|2020-01-01_2020-01-15|2023-04-30_2023-05-14|2023-06-29_2023-07-13|2023-07-29_2023-08-12|2024-10-06_2024-10-20
0.1,3,CPI m/m|PPI m/m|Core PPI m/m,Neutral|Neutral|Bad,1,1,0,100.0,0.0,inf,2018-12-07_2018-12-21
0.1,3,CPI m/m|PPI m/m|Core PPI m/m,Bad|Bad|Neutral,1,1,0,100.0,0.0,inf,2019-04-06_2019-04-20
0.1,3,CPI m/m|PPI m/m|Core PPI m/m,Good|Neutral|Neutral,1,0,1,0.0,100.0,0.0,2019-05-06_2019-05-20
0.1,3,CPI m/m|PPI m/m|Core PPI m/m,Neutral|Neutral|Good,2,2,0,100.0,0.0,inf,2019-08-04_2019-08-18|2024-08-07_2024-08-21
0.1,3,CPI m/m|PPI m/m|Core PPI m/m,Good|Good|Good,4,1,3,25.0,75.0,0.33,2020-04-30_2020-05-14|2022-08-03_2022-08-17|2022-11-01_2022-11-15|2025-04-04_2025-04-18
0.1,3,CPI m/m|PPI m/m|Core PPI m/m,Neutral|Bad|Neutral,3,2,1,66.7,33.3,2.0,2020-05-30_2020-06-13|2023-09-12_2023-09-26|2024-12-05_2024-12-19
0.1,3,CPI m/m|PPI m/m|Core PPI m/m,Bad|Bad|Bad,3,2,1,66.7,33.3,2.0,2020-07-29_2020-08-12|2021-07-09_2021-07-23|2022-02-04_2022-02-18
0.1,3,CPI m/m|PPI m/m|Core PPI m/m,Bad|Neutral|Bad,1,1,0,100.0,0.0,inf,2020-08-28_2020-09-11
0.1,3,CPI m/m|PPI m/m|Core PPI m/m,Neutral|Bad|Bad,2,2,0,100.0,0.0,inf,2020-10-12_2020-10-26|2023-02-14_2023-02-28
0.1,3,CPI m/m|PPI m/m|Core PPI m/m,Bad|Neutral|Neutral,1,1,0,100.0,0.0,inf,2022-06-04_2022-06-18
0.1,3,CPI m/m|PPI m/m|Core PPI m/m,Good|Bad|Bad,1,0,1,0.0,100.0,0.0,2024-05-09_2024-05-23
0.1,3,CPI m/m|PPI m/m|Core PPI m/m,Good|Neutral|Bad,1,1,0,100.0,0.0,inf,2024-07-08_2024-07-22
0.2,3,CPI m/m|PPI m/m|Core PPI m/m,Neutral|Neutral|Neutral,19,12,7,63.2,36.8,1.71,2018-08-09_2018-08-23|2018-10-08_2018-10-22|2018-12-07_2018-12-21|2019-02-05_2019-02-19|2019-03-07_2019-03-21|2019-05-06_2019-05-20|2019-06-05_2019-06-19|2020-01-01_2020-01-15|2020-08-28_2020-09-11|2020-10-12_2020-10-26|2023-04-30_2023-05-14|2023-06-29_2023-07-13|2023-07-29_2023-08-12|2024-01-10_2024-01-24|2024-07-08_2024-07-22|2024-08-07_2024-08-21|2024-10-06_2024-10-20|2024-12-05_2024-12-19|2025-07-03_2025-07-17
0.2,3,CPI m/m|PPI m/m|Core PPI m/m,Neutral|Good|Good,5,2,3,40.0,60.0,0.67,2018-09-08_2018-09-22|2023-03-31_2023-04-14|2023-11-11_2023-11-25|2024-06-08_2024-06-22|2025-04-04_2025-04-18
0.2,3,CPI m/m|PPI m/m|Core PPI m/m,Neutral|Bad|Neutral,4,3,1,75.0,25.0,3.0,2019-04-06_2019-04-20|2020-05-30_2020-06-13|2023-02-14_2023-02-28|2023-09-12_2023-09-26
0.2,3,CPI m/m|PPI m/m|Core PPI m/m,Neutral|Neutral|Good,4,2,2,50.0,50.0,1.0,2019-08-04_2019-08-18|2019-12-02_2019-12-16|2022-03-06_2022-03-20|2022-11-01_2022-11-15
0.2,3,CPI m/m|PPI m/m|Core PPI m/m,Neutral|Good|Neutral,2,1,1,50.0,50.0,1.0,2020-04-30_2020-05-14|2022-08-03_2022-08-17
0.2,3,CPI m/m|PPI m/m|Core PPI m/m,Bad|Bad|Bad,2,1,1,50.0,50.0,1.0,2020-07-29_2020-08-12|2021-07-09_2021-07-23
0.2,3,CPI m/m|PPI m/m|Core PPI m/m,Neutral|Bad|Bad,1,1,0,100.0,0.0,inf,2022-02-04_2022-02-18
0.2,3,CPI m/m|PPI m/m|Core PPI m/m,Bad|Neutral|Neutral,1,1,0,100.0,0.0,inf,2022-06-04_2022-06-18
0.2,3,CPI m/m|PPI m/m|Core PPI m/m,Neutral|Neutral|Bad,1,0,1,0.0,100.0,0.0,2024-05-09_2024-05-23
0.3,3,CPI m/m|PPI m/m|Core PPI m/m,Neutral|Neutral|Neutral,24,15,9,62.5,37.5,1.67,2018-08-09_2018-08-23|2018-10-08_2018-10-22|2018-12-07_2018-12-21|2019-02-05_2019-02-19|2019-03-07_2019-03-21|2019-04-06_2019-04-20|2019-05-06_2019-05-20|2019-06-05_2019-06-19|2020-01-01_2020-01-15|2020-08-28_2020-09-11|2020-10-12_2020-10-26|2022-11-01_2022-11-15|2023-02-14_2023-02-28|2023-04-30_2023-05-14|2023-06-29_2023-07-13|2023-07-29_2023-08-12|2023-09-12_2023-09-26|2024-01-10_2024-01-24|2024-05-09_2024-05-23|2024-07-08_2024-07-22|2024-08-07_2024-08-21|2024-10-06_2024-10-20|2024-12-05_2024-12-19|2025-07-03_2025-07-17
0.3,3,CPI m/m|PPI m/m|Core PPI m/m,Neutral|Good|Good,3,1,2,33.3,66.7,0.5,2018-09-08_2018-09-22|2023-03-31_2023-04-14|2025-04-04_2025-04-18
0.3,3,CPI m/m|PPI m/m|Core PPI m/m,Neutral|Neutral|Good,3,2,1,66.7,33.3,2.0,2019-08-04_2019-08-18|2019-12-02_2019-12-16|2022-03-06_2022-03-20
0.3,3,CPI m/m|PPI m/m|Core PPI m/m,Neutral|Good|Neutral,4,2,2,50.0,50.0,1.0,2020-04-30_2020-05-14|2022-08-03_2022-08-17|2023-11-11_2023-11-25|2024-06-08_2024-06-22
0.3,3,CPI m/m|PPI m/m|Core PPI m/m,Neutral|Bad|Neutral,1,0,1,0.0,100.0,0.0,2020-05-30_2020-06-13
0.3,3,CPI m/m|PPI m/m|Core PPI m/m,Neutral|Neutral|Bad,1,0,1,0.0,100.0,0.0,2020-07-29_2020-08-12
0.3,3,CPI m/m|PPI m/m|Core PPI m/m,Bad|Bad|Bad,1,1,0,100.0,0.0,inf,2021-07-09_2021-07-23
0.3,3,CPI m/m|PPI m/m|Core PPI m/m,Neutral|Bad|Bad,1,1,0,100.0,0.0,inf,2022-02-04_2022-02-18
0.3,3,CPI m/m|PPI m/m|Core PPI m/m,Bad|Neutral|Neutral,1,1,0,100.0,0.0,inf,2022-06-04_2022-06-18
0.0,3,CPI m/m|PPI m/m|FOMC,Neutral|Good|Neutral,1,0,1,0.0,100.0,0.0,2023-04-30_2023-05-14
0.0,3,CPI m/m|PPI m/m|FOMC,Neutral|Bad|Neutral,2,2,0,100.0,0.0,inf,2023-09-12_2023-09-26|2024-12-05_2024-12-19
0.0,3,CPI m/m|PPI m/m|FOMC,Good|Good|Neutral,1,1,0,100.0,0.0,inf,2024-06-08_2024-06-22
0.1,3,CPI m/m|PPI m/m|FOMC,Neutral|Neutral|Neutral,1,0,1,0.0,100.0,0.0,2023-04-30_2023-05-14
0.1,3,CPI m/m|PPI m/m|FOMC,Neutral|Bad|Neutral,2,2,0,100.0,0.0,inf,2023-09-12_2023-09-26|2024-12-05_2024-12-19
0.1,3,CPI m/m|PPI m/m|FOMC,Neutral|Good|Neutral,1,1,0,100.0,0.0,inf,2024-06-08_2024-06-22
0.2,3,CPI m/m|PPI m/m|FOMC,Neutral|Neutral|Neutral,2,1,1,50.0,50.0,1.0,2023-04-30_2023-05-14|2024-12-05_2024-12-19
0.2,3,CPI m/m|PPI m/m|FOMC,Neutral|Bad|Neutral,1,1,0,100.0,0.0,inf,2023-09-12_2023-09-26
0.2,3,CPI m/m|PPI m/m|FOMC,Neutral|Good|Neutral,1,1,0,100.0,0.0,inf,2024-06-08_2024-06-22
0.3,3,CPI m/m|PPI m/m|FOMC,Neutral|Neutral|Neutral,3,2,1,66.7,33.3,2.0,2023-04-30_2023-05-14|2023-09-12_2023-09-26|2024-12-05_2024-12-19
0.3,3,CPI m/m|PPI m/m|FOMC,Neutral|Good|Neutral,1,1,0,100.0,0.0,inf,2024-06-08_2024-06-22
0.0,3,CPI m/m|PPI m/m|CPI y/y,Neutral|Good|Neutral,3,2,1,66.7,33.3,2.0,2018-08-09_2018-08-23|2020-01-01_2020-01-15|2022-03-06_2022-03-20
0.0,3,CPI m/m|PPI m/m|CPI y/y,Good|Good|Good,9,3,6,33.3,66.7,0.5,2018-09-08_2018-09-22|2020-04-30_2020-05-14|2022-08-03_2022-08-17|2022-11-01_2022-11-15|2023-03-31_2023-04-14|2023-06-29_2023-07-13|2023-11-11_2023-11-25|2024-06-08_2024-06-22|2025-04-04_2025-04-18
0.0,3,CPI m/m|PPI m/m|CPI y/y,Good|Neutral|Good,2,0,2,0.0,100.0,0.0,2018-10-08_2018-10-22|2019-05-06_2019-05-20
0.0,3,CPI m/m|PPI m/m|CPI y/y,Neutral|Bad|Neutral,3,3,0,100.0,0.0,inf,2018-12-07_2018-12-21|2020-10-12_2020-10-26|2024-12-05_2024-12-19
0.0,3,CPI m/m|PPI m/m|CPI y/y,Good|Good|Bad,1,1,0,100.0,0.0,inf,2019-02-05_2019-02-19
0.0,3,CPI m/m|PPI m/m|CPI y/y,Neutral|Good|Good,3,1,2,33.3,66.7,0.5,2019-03-07_2019-03-21|2023-04-30_2023-05-14|2024-08-07_2024-08-21
0.0,3,CPI m/m|PPI m/m|CPI y/y,Bad|Bad|Bad,5,4,1,80.0,20.0,4.0,2019-04-06_2019-04-20|2020-07-29_2020-08-12|2020-08-28_2020-09-11|2021-07-09_2021-07-23|2022-02-04_2022-02-18
0.0,3,CPI m/m|PPI m/m|CPI y/y,Neutral|Neutral|Good,1,0,1,0.0,100.0,0.0,2019-06-05_2019-06-19
0.0,3,CPI m/m|PPI m/m|CPI y/y,Neutral|Neutral|Bad,1,1,0,100.0,0.0,inf,2019-08-04_2019-08-18
0.0,3,CPI m/m|PPI m/m|CPI y/y,Bad|Good|Bad,3,2,1,66.7,33.3,2.0,2019-12-02_2019-12-16|2024-01-10_2024-01-24|2024-10-06_2024-10-20
0.0,3,CPI m/m|PPI m/m|CPI y/y,Good|Bad|Good,2,1,1,50.0,50.0,1.0,2020-05-30_2020-06-13|2024-07-08_2024-07-22
0.0,3,CPI m/m|PPI m/m|CPI y/y,Bad|Neutral|Bad,1,1,0,100.0,0.0,inf,2022-06-04_2022-06-18
0.0,3,CPI m/m|PPI m/m|CPI y/y,Neutral|Bad|Bad,2,2,0,100.0,0.0,inf,2023-02-14_2023-02-28|2023-09-12_2023-09-26
0.0,3,CPI m/m|PPI m/m|CPI y/y,Neutral|Bad|Good,1,1,0,100.0,0.0,inf,2023-07-29_2023-08-12
0.0,3,CPI m/m|PPI m/m|CPI y/y,Good|Bad|Neutral,1,0,1,0.0,100.0,0.0,2024-05-09_2024-05-23
0.0,3,CPI m/m|PPI m/m|CPI y/y,Neutral|Good|Bad,1,1,0,100.0,0.0,inf,2025-07-03_2025-07-17
0.1,3,CPI m/m|PPI m/m|CPI y/y,Neutral|Good|Neutral,5,2,3,40.0,60.0,0.67,2018-08-09_2018-08-23|2018-09-08_2018-09-22|2022-03-06_2022-03-20|2023-03-31_2023-04-14|2023-11-11_2023-11-25
0.1,3,CPI m/m|PPI m/m|CPI y/y,Neutral|Neutral|Good,4,1,3,25.0,75.0,0.33,2018-10-08_2018-10-22|2019-03-07_2019-03-21|2023-06-29_2023-07-13|2024-08-07_2024-08-21
0.1,3,CPI m/m|PPI m/m|CPI y/y,Neutral|Neutral|Neutral,5,3,2,60.0,40.0,1.5,2018-12-07_2018-12-21|2019-06-05_2019-06-19|2020-01-01_2020-01-15|2023-04-30_2023-05-14|2023-07-29_2023-08-12
0.1,3,CPI m/m|PPI m/m|CPI y/y,Neutral|Good|Bad,4,3,1,75.0,25.0,3.0,2019-02-05_2019-02-19|2019-12-02_2019-12-16|2024-01-10_2024-01-24|2025-07-03_2025-07-17
0.1,3,CPI m/m|PPI m/m|CPI y/y,Bad|Bad|Neutral,1,1,0,100.0,0.0,inf,2019-04-06_2019-04-20
0.1,3,CPI m/m|PPI m/m|CPI y/y,Good|Neutral|Good,2,1,1,50.0,50.0,1.0,2019-05-06_2019-05-20|2024-07-08_2024-07-22
0.1,3,CPI m/m|PPI m/m|CPI y/y,Neutral|Neutral|Bad,2,2,0,100.0,0.0,inf,2019-08-04_2019-08-18|2024-10-06_2024-10-20
0.1,3,CPI m/m|PPI m/m|CPI y/y,Good|Good|Good,4,1,3,25.0,75.0,0.33,2020-04-30_2020-05-14|2022-08-03_2022-08-17|2022-11-01_2022-11-15|2025-04-04_2025-04-18
0.1,3,CPI m/m|PPI m/m|CPI y/y,Neutral|Bad|Good,1,0,1,0.0,100.0,0.0,2020-05-30_2020-06-13
0.1,3,CPI m/m|PPI m/m|CPI y/y,Bad|Bad|Bad,3,2,1,66.7,33.3,2.0,2020-07-29_2020-08-12|2021-07-09_2021-07-23|2022-02-04_2022-02-18
0.1,3,CPI m/m|PPI m/m|CPI y/y,Bad|Neutral|Bad,2,2,0,100.0,0.0,inf,2020-08-28_2020-09-11|2022-06-04_2022-06-18
0.1,3,CPI m/m|PPI m/m|CPI y/y,Neutral|Bad|Neutral,2,2,0,100.0,0.0,inf,2020-10-12_2020-10-26|2024-12-05_2024-12-19
0.1,3,CPI m/m|PPI m/m|CPI y/y,Neutral|Bad|Bad,2,2,0,100.0,0.0,inf,2023-02-14_2023-02-28|2023-09-12_2023-09-26
0.1,3,CPI m/m|PPI m/m|CPI y/y,Good|Bad|Neutral,1,0,1,0.0,100.0,0.0,2024-05-09_2024-05-23
0.1,3,CPI m/m|PPI m/m|CPI y/y,Neutral|Good|Good,1,1,0,100.0,0.0,inf,2024-06-08_2024-06-22
0.2,3,CPI m/m|PPI m/m|CPI y/y,Neutral|Neutral|Neutral,23,14,9,60.9,39.1,1.56,2018-08-09_2018-08-23|2018-10-08_2018-10-22|2018-12-07_2018-12-21|2019-02-05_2019-02-19|2019-03-07_2019-03-21|2019-05-06_2019-05-20|2019-06-05_2019-06-19|2019-08-04_2019-08-18|2019-12-02_2019-12-16|2020-01-01_2020-01-15|2020-08-28_2020-09-11|2020-10-12_2020-10-26|2022-03-06_2022-03-20|2023-04-30_2023-05-14|2023-06-29_2023-07-13|2023-07-29_2023-08-12|2024-01-10_2024-01-24|2024-05-09_2024-05-23|2024-07-08_2024-07-22|2024-08-07_2024-08-21|2024-10-06_2024-10-20|2024-12-05_2024-12-19|2025-07-03_2025-07-17
0.2,3,CPI m/m|PPI m/m|CPI y/y,Neutral|Good|Neutral,7,3,4,42.9,57.1,0.75,2018-09-08_2018-09-22|2020-04-30_2020-05-14|2022-08-03_2022-08-17|2023-03-31_2023-04-14|2023-11-11_2023-11-25|2024-06-08_2024-06-22|2025-04-04_2025-04-18
0.2,3,CPI m/m|PPI m/m|CPI y/y,Neutral|Bad|Neutral,3,2,1,66.7,33.3,2.0,2019-04-06_2019-04-20|2020-05-30_2020-06-13|2023-09-12_2023-09-26
0.2,3,CPI m/m|PPI m/m|CPI y/y,Bad|Bad|Bad,2,1,1,50.0,50.0,1.0,2020-07-29_2020-08-12|2021-07-09_2021-07-23
0.2,3,CPI m/m|PPI m/m|CPI y/y,Neutral|Bad|Bad,2,2,0,100.0,0.0,inf,2022-02-04_2022-02-18|2023-02-14_2023-02-28
0.2,3,CPI m/m|PPI m/m|CPI y/y,Bad|Neutral|Bad,1,1,0,100.0,0.0,inf,2022-06-04_2022-06-18
0.2,3,CPI m/m|PPI m/m|CPI y/y,Neutral|Neutral|Good,1,0,1,0.0,100.0,0.0,2022-11-01_2022-11-15
0.3,3,CPI m/m|PPI m/m|CPI y/y,Neutral|Neutral|Neutral,27,17,10,63.0,37.0,1.7,2018-08-09_2018-08-23|2018-10-08_2018-10-22|2018-12-07_2018-12-21|2019-02-05_2019-02-19|2019-03-07_2019-03-21|2019-04-06_2019-04-20|2019-05-06_2019-05-20|2019-06-05_2019-06-19|2019-08-04_2019-08-18|2019-12-02_2019-12-16|2020-01-01_2020-01-15|2020-08-28_2020-09-11|2020-10-12_2020-10-26|2022-03-06_2022-03-20|2022-11-01_2022-11-15|2023-02-14_2023-02-28|2023-04-30_2023-05-14|2023-06-29_2023-07-13|2023-07-29_2023-08-12|2023-09-12_2023-09-26|2024-01-10_2024-01-24|2024-05-09_2024-05-23|2024-07-08_2024-07-22|2024-08-07_2024-08-21|2024-10-06_2024-10-20|2024-12-05_2024-12-19|2025-07-03_2025-07-17
0.3,3,CPI m/m|PPI m/m|CPI y/y,Neutral|Good|Neutral,7,3,4,42.9,57.1,0.75,2018-09-08_2018-09-22|2020-04-30_2020-05-14|2022-08-03_2022-08-17|2023-03-31_2023-04-14|2023-11-11_2023-11-25|2024-06-08_2024-06-22|2025-04-04_2025-04-18
0.3,3,CPI m/m|PPI m/m|CPI y/y,Neutral|Bad|Neutral,2,1,1,50.0,50.0,1.0,2020-05-30_2020-06-13|2022-02-04_2022-02-18
0.3,3,CPI m/m|PPI m/m|CPI y/y,Neutral|Neutral|Bad,1,0,1,0.0,100.0,0.0,2020-07-29_2020-08-12
0.3,3,CPI m/m|PPI m/m|CPI y/y,Bad|Bad|Bad,1,1,0,100.0,0.0,inf,2021-07-09_2021-07-23
0.3,3,CPI m/m|PPI m/m|CPI y/y,Bad|Neutral|Neutral,1,1,0,100.0,0.0,inf,2022-06-04_2022-06-18
0.0,3,CPI m/m|Core PPI m/m|FOMC,Neutral|Neutral|Neutral,3,2,1,66.7,33.3,2.0,2023-04-30_2023-05-14|2023-09-12_2023-09-26|2024-12-05_2024-12-19
0.0,3,CPI m/m|Core PPI m/m|FOMC,Good|Good|Neutral,1,1,0,100.0,0.0,inf,2024-06-08_2024-06-22
0.1,3,CPI m/m|Core PPI m/m|FOMC,Neutral|Neutral|Neutral,3,2,1,66.7,33.3,2.0,2023-04-30_2023-05-14|2023-09-12_2023-09-26|2024-12-05_2024-12-19
0.1,3,CPI m/m|Core PPI m/m|FOMC,Neutral|Good|Neutral,1,1,0,100.0,0.0,inf,2024-06-08_2024-06-22
0.2,3,CPI m/m|Core PPI m/m|FOMC,Neutral|Neutral|Neutral,3,2,1,66.7,33.3,2.0,2023-04-30_2023-05-14|2023-09-12_2023-09-26|2024-12-05_2024-12-19
0.2,3,CPI m/m|Core PPI m/m|FOMC,Neutral|Good|Neutral,1,1,0,100.0,0.0,inf,2024-06-08_2024-06-22
0.3,3,CPI m/m|Core PPI m/m|FOMC,Neutral|Neutral|Neutral,4,3,1,75.0,25.0,3.0,2023-04-30_2023-05-14|2023-09-12_2023-09-26|2024-06-08_2024-06-22|2024-12-05_2024-12-19
0.0,3,CPI m/m|Core PPI m/m|CPI y/y,Neutral|Good|Neutral,3,2,1,66.7,33.3,2.0,2018-08-09_2018-08-23|2020-01-01_2020-01-15|2022-03-06_2022-03-20
0.0,3,CPI m/m|Core PPI m/m|CPI y/y,Good|Good|Good,10,3,7,30.0,70.0,0.43,2018-09-08_2018-09-22|2019-05-06_2019-05-20|2020-04-30_2020-05-14|2022-08-03_2022-08-17|2022-11-01_2022-11-15|2023-03-31_2023-04-14|2023-06-29_2023-07-13|2023-11-11_2023-11-25|2024-06-08_2024-06-22|2025-04-04_2025-04-18
0.0,3,CPI m/m|Core PPI m/m|CPI y/y,Good|Neutral|Good,2,0,2,0.0,100.0,0.0,2018-10-08_2018-10-22|2020-05-30_2020-06-13
0.0,3,CPI m/m|Core PPI m/m|CPI y/y,Neutral|Bad|Neutral,2,2,0,100.0,0.0,inf,2018-12-07_2018-12-21|2020-10-12_2020-10-26
0.0,3,CPI m/m|Core PPI m/m|CPI y/y,Good|Bad|Bad,1,1,0,100.0,0.0,inf,2019-02-05_2019-02-19
0.0,3,CPI m/m|Core PPI m/m|CPI y/y,Neutral|Good|Good,2,1,1,50.0,50.0,1.0,2019-03-07_2019-03-21|2024-08-07_2024-08-21
0.0,3,CPI m/m|Core PPI m/m|CPI y/y,Bad|Bad|Bad,5,4,1,80.0,20.0,4.0,2019-04-06_2019-04-20|2020-07-29_2020-08-12|2020-08-28_2020-09-11|2021-07-09_2021-07-23|2022-02-04_2022-02-18
0.0,3,CPI m/m|Core PPI m/m|CPI y/y,Neutral|Neutral|Good,2,0,2,0.0,100.0,0.0,2019-06-05_2019-06-19|2023-04-30_2023-05-14
0.0,3,CPI m/m|Core PPI m/m|CPI y/y,Neutral|Good|Bad,2,2,0,100.0,0.0,inf,2019-08-04_2019-08-18|2025-07-03_2025-07-17
0.0,3,CPI m/m|Core PPI m/m|CPI y/y,Bad|Good|Bad,3,2,1,66.7,33.3,2.0,2019-12-02_2019-12-16|2022-06-04_2022-06-18|2024-01-10_2024-01-24
0.0,3,CPI m/m|Core PPI m/m|CPI y/y,Neutral|Bad|Bad,1,1,0,100.0,0.0,inf,2023-02-14_2023-02-28
0.0,3,CPI m/m|Core PPI m/m|CPI y/y,Neutral|Bad|Good,1,1,0,100.0,0.0,inf,2023-07-29_2023-08-12
0.0,3,CPI m/m|Core PPI m/m|CPI y/y,Neutral|Neutral|Bad,1,1,0,100.0,0.0,inf,2023-09-12_2023-09-26
0.0,3,CPI m/m|Core PPI m/m|CPI y/y,Good|Bad|Neutral,1,0,1,0.0,100.0,0.0,2024-05-09_2024-05-23
0.0,3,CPI m/m|Core PPI m/m|CPI y/y,Good|Bad|Good,1,1,0,100.0,0.0,inf,2024-07-08_2024-07-22
0.0,3,CPI m/m|Core PPI m/m|CPI y/y,Bad|Neutral|Bad,1,1,0,100.0,0.0,inf,2024-10-06_2024-10-20
0.0,3,CPI m/m|Core PPI m/m|CPI y/y,Neutral|Neutral|Neutral,1,1,0,100.0,0.0,inf,2024-12-05_2024-12-19
0.1,3,CPI m/m|Core PPI m/m|CPI y/y,Neutral|Neutral|Neutral,6,4,2,66.7,33.3,2.0,2018-08-09_2018-08-23|2019-06-05_2019-06-19|2020-01-01_2020-01-15|2023-04-30_2023-05-14|2023-07-29_2023-08-12|2024-12-05_2024-12-19
0.1,3,CPI m/m|Core PPI m/m|CPI y/y,Neutral|Good|Neutral,4,1,3,25.0,75.0,0.33,2018-09-08_2018-09-22|2022-03-06_2022-03-20|2023-03-31_2023-04-14|2023-11-11_2023-11-25
0.1,3,CPI m/m|Core PPI m/m|CPI y/y,Neutral|Neutral|Good,4,0,4,0.0,100.0,0.0,2018-10-08_2018-10-22|2019-03-07_2019-03-21|2020-05-30_2020-06-13|2023-06-29_2023-07-13
0.1,3,CPI m/m|Core PPI m/m|CPI y/y,Neutral|Bad|Neutral,2,2,0,100.0,0.0,inf,2018-12-07_2018-12-21|2020-10-12_2020-10-26
0.1,3,CPI m/m|Core PPI m/m|CPI y/y,Neutral|Neutral|Bad,3,3,0,100.0,0.0,inf,2019-02-05_2019-02-19|2023-09-12_2023-09-26|2024-10-06_2024-10-20
0.1,3,CPI m/m|Core PPI m/m|CPI y/y,Bad|Neutral|Neutral,1,1,0,100.0,0.0,inf,2019-04-06_2019-04-20
0.1,3,CPI m/m|Core PPI m/m|CPI y/y,Good|Neutral|Good,1,0,1,0.0,100.0,0.0,2019-05-06_2019-05-20
0.1,3,CPI m/m|Core PPI m/m|CPI y/y,Neutral|Good|Bad,4,3,1,75.0,25.0,3.0,2019-08-04_2019-08-18|2019-12-02_2019-12-16|2024-01-10_2024-01-24|2025-07-03_2025-07-17
0.1,3,CPI m/m|Core PPI m/m|CPI y/y,Good|Good|Good,4,1,3,25.0,75.0,0.33,2020-04-30_2020-05-14|2022-08-03_2022-08-17|2022-11-01_2022-11-15|2025-04-04_2025-04-18
0.1,3,CPI m/m|Core PPI m/m|CPI y/y,Bad|Bad|Bad,4,3,1,75.0,25.0,3.0,2020-07-29_2020-08-12|2020-08-28_2020-09-11|2021-07-09_2021-07-23|2022-02-04_2022-02-18
0.1,3,CPI m/m|Core PPI m/m|CPI y/y,Bad|Neutral|Bad,1,1,0,100.0,0.0,inf,2022-06-04_2022-06-18
0.1,3,CPI m/m|Core PPI m/m|CPI y/y,Neutral|Bad|Bad,1,1,0,100.0,0.0,inf,2023-02-14_2023-02-28
0.1,3,CPI m/m|Core PPI m/m|CPI y/y,Good|Bad|Neutral,1,0,1,0.0,100.0,0.0,2024-05-09_2024-05-23
0.1,3,CPI m/m|Core PPI m/m|CPI y/y,Neutral|Good|Good,2,2,0,100.0,0.0,inf,2024-06-08_2024-06-22|2024-08-07_2024-08-21
0.1,3,CPI m/m|Core PPI m/m|CPI y/y,Good|Bad|Good,1,1,0,100.0,0.0,inf,2024-07-08_2024-07-22
0.2,3,CPI m/m|Core PPI m/m|CPI y/y,Neutral|Neutral|Neutral,24,15,9,62.5,37.5,1.67,2018-08-09_2018-08-23|2018-10-08_2018-10-22|2018-12-07_2018-12-21|2019-02-05_2019-02-19|2019-03-07_2019-03-21|2019-04-06_2019-04-20|2019-05-06_2019-05-20|2019-06-05_2019-06-19|2020-01-01_2020-01-15|2020-04-30_2020-05-14|2020-05-30_2020-06-13|2020-08-28_2020-09-11|2020-10-12_2020-10-26|2022-08-03_2022-08-17|2023-04-30_2023-05-14|2023-06-29_2023-07-13|2023-07-29_2023-08-12|2023-09-12_2023-09-26|2024-01-10_2024-01-24|2024-07-08_2024-07-22|2024-08-07_2024-08-21|2024-10-06_2024-10-20|2024-12-05_2024-12-19|2025-07-03_2025-07-17
0.2,3,CPI m/m|Core PPI m/m|CPI y/y,Neutral|Good|Neutral,8,4,4,50.0,50.0,1.0,2018-09-08_2018-09-22|2019-08-04_2019-08-18|2019-12-02_2019-12-16|2022-03-06_2022-03-20|2023-03-31_2023-04-14|2023-11-11_2023-11-25|2024-06-08_2024-06-22|2025-04-04_2025-04-18
0.2,3,CPI m/m|Core PPI m/m|CPI y/y,Bad|Bad|Bad,2,1,1,50.0,50.0,1.0,2020-07-29_2020-08-12|2021-07-09_2021-07-23
0.2,3,CPI m/m|Core PPI m/m|CPI y/y,Neutral|Bad|Bad,1,1,0,100.0,0.0,inf,2022-02-04_2022-02-18
0.2,3,CPI m/m|Core PPI m/m|CPI y/y,Bad|Neutral|Bad,1,1,0,100.0,0.0,inf,2022-06-04_2022-06-18
0.2,3,CPI m/m|Core PPI m/m|CPI y/y,Neutral|Good|Good,1,0,1,0.0,100.0,0.0,2022-11-01_2022-11-15
0.2,3,CPI m/m|Core PPI m/m|CPI y/y,Neutral|Neutral|Bad,1,1,0,100.0,0.0,inf,2023-02-14_2023-02-28
0.2,3,CPI m/m|Core PPI m/m|CPI y/y,Neutral|Bad|Neutral,1,0,1,0.0,100.0,0.0,2024-05-09_2024-05-23
0.3,3,CPI m/m|Core PPI m/m|CPI y/y,Neutral|Neutral|Neutral,29,17,12,58.6,41.4,1.42,2018-08-09_2018-08-23|2018-10-08_2018-10-22|2018-12-07_2018-12-21|2019-02-05_2019-02-19|2019-03-07_2019-03-21|2019-04-06_2019-04-20|2019-05-06_2019-05-20|2019-06-05_2019-06-19|2020-01-01_2020-01-15|2020-04-30_2020-05-14|2020-05-30_2020-06-13|2020-08-28_2020-09-11|2020-10-12_2020-10-26|2022-08-03_2022-08-17|2022-11-01_2022-11-15|2023-02-14_2023-02-28|2023-04-30_2023-05-14|2023-06-29_2023-07-13|2023-07-29_2023-08-12|2023-09-12_2023-09-26|2023-11-11_2023-11-25|2024-01-10_2024-01-24|2024-05-09_2024-05-23|2024-06-08_2024-06-22|2024-07-08_2024-07-22|2024-08-07_2024-08-21|2024-10-06_2024-10-20|2024-12-05_2024-12-19|2025-07-03_2025-07-17
0.3,3,CPI m/m|Core PPI m/m|CPI y/y,Neutral|Good|Neutral,6,3,3,50.0,50.0,1.0,2018-09-08_2018-09-22|2019-08-04_2019-08-18|2019-12-02_2019-12-16|2022-03-06_2022-03-20|2023-03-31_2023-04-14|2025-04-04_2025-04-18
0.3,3,CPI m/m|Core PPI m/m|CPI y/y,Neutral|Bad|Bad,1,0,1,0.0,100.0,0.0,2020-07-29_2020-08-12
0.3,3,CPI m/m|Core PPI m/m|CPI y/y,Bad|Bad|Bad,1,1,0,100.0,0.0,inf,2021-07-09_2021-07-23
0.3,3,CPI m/m|Core PPI m/m|CPI y/y,Neutral|Bad|Neutral,1,1,0,100.0,0.0,inf,2022-02-04_2022-02-18
0.3,3,CPI m/m|Core PPI m/m|CPI y/y,Bad|Neutral|Neutral,1,1,0,100.0,0.0,inf,2022-06-04_2022-06-18
0.0,3,CPI m/m|FOMC|CPI y/y,Neutral|Neutral|Good,1,0,1,0.0,100.0,0.0,2023-04-30_2023-05-14
0.0,3,CPI m/m|FOMC|CPI y/y,Neutral|Neutral|Bad,1,1,0,100.0,0.0,inf,2023-09-12_2023-09-26
0.0,3,CPI m/m|FOMC|CPI y/y,Good|Neutral|Good,1,1,0,100.0,0.0,inf,2024-06-08_2024-06-22
0.0,3,CPI m/m|FOMC|CPI y/y,Neutral|Neutral|Neutral,1,1,0,100.0,0.0,inf,2024-12-05_2024-12-19
0.1,3,CPI m/m|FOMC|CPI y/y,Neutral|Neutral|Neutral,2,1,1,50.0,50.0,1.0,2023-04-30_2023-05-14|2024-12-05_2024-12-19
0.1,3,CPI m/m|FOMC|CPI y/y,Neutral|Neutral|Bad,1,1,0,100.0,0.0,inf,2023-09-12_2023-09-26
0.1,3,CPI m/m|FOMC|CPI y/y,Neutral|Neutral|Good,1,1,0,100.0,0.0,inf,2024-06-08_2024-06-22
0.2,3,CPI m/m|FOMC|CPI y/y,Neutral|Neutral|Neutral,4,3,1,75.0,25.0,3.0,2023-04-30_2023-05-14|2023-09-12_2023-09-26|2024-06-08_2024-06-22|2024-12-05_2024-12-19
0.3,3,CPI m/m|FOMC|CPI y/y,Neutral|Neutral|Neutral,4,3,1,75.0,25.0,3.0,2023-04-30_2023-05-14|2023-09-12_2023-09-26|2024-06-08_2024-06-22|2024-12-05_2024-12-19
0.0,3,Core CPI m/m|PPI m/m|Core PPI m/m,Neutral|Good|Good,6,3,3,50.0,50.0,1.0,2018-08-09_2018-08-23|2019-12-02_2019-12-16|2022-03-06_2022-03-20|2023-03-31_2023-04-14|2024-01-10_2024-01-24|2024-08-07_2024-08-21
0.0,3,Core CPI m/m|PPI m/m|Core PPI m/m,Good|Good|Good,11,5,6,45.5,54.5,0.83,2018-09-08_2018-09-22|2019-03-07_2019-03-21|2020-01-01_2020-01-15|2020-04-30_2020-05-14|2022-08-03_2022-08-17|2022-11-01_2022-11-15|2023-06-29_2023-07-13|2023-11-11_2023-11-25|2024-06-08_2024-06-22|2025-04-04_2025-04-18|2025-07-03_2025-07-17
0.0,3,Core CPI m/m|PPI m/m|Core PPI m/m,Good|Neutral|Neutral,2,0,2,0.0,100.0,0.0,2018-10-08_2018-10-22|2019-06-05_2019-06-19
0.0,3,Core CPI m/m|PPI m/m|Core PPI m/m,Neutral|Bad|Bad,5,4,1,80.0,20.0,4.0,2018-12-07_2018-12-21|2020-10-12_2020-10-26|2023-02-14_2023-02-28|2023-07-29_2023-08-12|2024-05-09_2024-05-23
0.0,3,Core CPI m/m|PPI m/m|Core PPI m/m,Neutral|Good|Bad,1,1,0,100.0,0.0,inf,2019-02-05_2019-02-19
0.0,3,Core CPI m/m|PPI m/m|Core PPI m/m,Good|Bad|Bad,2,2,0,100.0,0.0,inf,2019-04-06_2019-04-20|2024-07-08_2024-07-22
0.0,3,Core CPI m/m|PPI m/m|Core PPI m/m,Good|Neutral|Good,1,0,1,0.0,100.0,0.0,2019-05-06_2019-05-20
0.0,3,Core CPI m/m|PPI m/m|Core PPI m/m,Bad|Neutral|Good,2,2,0,100.0,0.0,inf,2019-08-04_2019-08-18|2022-06-04_2022-06-18
0.0,3,Core CPI m/m|PPI m/m|Core PPI m/m,Good|Bad|Neutral,1,0,1,0.0,100.0,0.0,2020-05-30_2020-06-13
0.0,3,Core CPI m/m|PPI m/m|Core PPI m/m,Bad|Bad|Bad,4,3,1,75.0,25.0,3.0,2020-07-29_2020-08-12|2020-08-28_2020-09-11|2021-07-09_2021-07-23|2022-02-04_2022-02-18
0.0,3,Core CPI m/m|PPI m/m|Core PPI m/m,Bad|Good|Neutral,2,1,1,50.0,50.0,1.0,2023-04-30_2023-05-14|2024-10-06_2024-10-20
0.0,3,Core CPI m/m|PPI m/m|Core PPI m/m,Bad|Bad|Neutral,1,1,0,100.0,0.0,inf,2023-09-12_2023-09-26
0.0,3,Core CPI m/m|PPI m/m|Core PPI m/m,Neutral|Bad|Neutral,1,1,0,100.0,0.0,inf,2024-12-05_2024-12-19
0.1,3,Core CPI m/m|PPI m/m|Core PPI m/m,Neutral|Good|Neutral,2,2,0,100.0,0.0,inf,2018-08-09_2018-08-23|2019-02-05_2019-02-19
0.1,3,Core CPI m/m|PPI m/m|Core PPI m/m,Neutral|Good|Good,8,4,4,50.0,50.0,1.0,2018-09-08_2018-09-22|2019-12-02_2019-12-16|2022-03-06_2022-03-20|2023-03-31_2023-04-14|2023-11-11_2023-11-25|2024-01-10_2024-01-24|2024-06-08_2024-06-22|2025-07-03_2025-07-17
0.1,3,Core CPI m/m|PPI m/m|Core PPI m/m,Neutral|Neutral|Neutral,9,4,5,44.4,55.6,0.8,2018-10-08_2018-10-22|2019-03-07_2019-03-21|2019-05-06_2019-05-20|2019-06-05_2019-06-19|2020-01-01_2020-01-15|2022-06-04_2022-06-18|2023-06-29_2023-07-13|2023-07-29_2023-08-12|2024-10-06_2024-10-20
0.1,3,Core CPI m/m|PPI m/m|Core PPI m/m,Neutral|Neutral|Bad,2,2,0,100.0,0.0,inf,2018-12-07_2018-12-21|2024-07-08_2024-07-22
0.1,3,Core CPI m/m|PPI m/m|Core PPI m/m,Neutral|Bad|Neutral,4,3,1,75.0,25.0,3.0,2019-04-06_2019-04-20|2020-05-30_2020-06-13|2023-09-12_2023-09-26|2024-12-05_2024-12-19
0.1,3,Core CPI m/m|PPI m/m|Core PPI m/m,Neutral|Neutral|Good,2,2,0,100.0,0.0,inf,2019-08-04_2019-08-18|2024-08-07_2024-08-21
0.1,3,Core CPI m/m|PPI m/m|Core PPI m/m,Good|Good|Good,4,1,3,25.0,75.0,0.33,2020-04-30_2020-05-14|2022-08-03_2022-08-17|2022-11-01_2022-11-15|2025-04-04_2025-04-18
0.1,3,Core CPI m/m|PPI m/m|Core PPI m/m,Bad|Bad|Bad,2,1,1,50.0,50.0,1.0,2020-07-29_2020-08-12|2021-07-09_2021-07-23
0.1,3,Core CPI m/m|PPI m/m|Core PPI m/m,Bad|Neutral|Bad,1,1,0,100.0,0.0,inf,2020-08-28_2020-09-11
0.1,3,Core CPI m/m|PPI m/m|Core PPI m/m,Neutral|Bad|Bad,4,3,1,75.0,25.0,3.0,2020-10-12_2020-10-26|2022-02-04_2022-02-18|2023-02-14_2023-02-28|2024-05-09_2024-05-23
0.1,3,Core CPI m/m|PPI m/m|Core PPI m/m,Bad|Neutral|Neutral,1,0,1,0.0,100.0,0.0,2023-04-30_2023-05-14
0.2,3,Core CPI m/m|PPI m/m|Core PPI m/m,Neutral|Neutral|Neutral,20,13,7,65.0,35.0,1.86,2018-08-09_2018-08-23|2018-10-08_2018-10-22|2018-12-07_2018-12-21|2019-02-05_2019-02-19|2019-03-07_2019-03-21|2019-05-06_2019-05-20|2019-06-05_2019-06-19|2020-01-01_2020-01-15|2020-08-28_2020-09-11|2020-10-12_2020-10-26|2022-06-04_2022-06-18|2023-04-30_2023-05-14|2023-06-29_2023-07-13|2023-07-29_2023-08-12|2024-01-10_2024-01-24|2024-07-08_2024-07-22|2024-08-07_2024-08-21|2024-10-06_2024-10-20|2024-12-05_2024-12-19|2025-07-03_2025-07-17
0.2,3,Core CPI m/m|PPI m/m|Core PPI m/m,Neutral|Good|Good,5,2,3,40.0,60.0,0.67,2018-09-08_2018-09-22|2023-03-31_2023-04-14|2023-11-11_2023-11-25|2024-06-08_2024-06-22|2025-04-04_2025-04-18
0.2,3,Core CPI m/m|PPI m/m|Core PPI m/m,Neutral|Bad|Neutral,4,3,1,75.0,25.0,3.0,2019-04-06_2019-04-20|2020-05-30_2020-06-13|2023-02-14_2023-02-28|2023-09-12_2023-09-26
0.2,3,Core CPI m/m|PPI m/m|Core PPI m/m,Neutral|Neutral|Good,4,2,2,50.0,50.0,1.0,2019-08-04_2019-08-18|2019-12-02_2019-12-16|2022-03-06_2022-03-20|2022-11-01_2022-11-15
0.2,3,Core CPI m/m|PPI m/m|Core PPI m/m,Neutral|Good|Neutral,2,1,1,50.0,50.0,1.0,2020-04-30_2020-05-14|2022-08-03_2022-08-17
0.2,3,Core CPI m/m|PPI m/m|Core PPI m/m,Bad|Bad|Bad,2,1,1,50.0,50.0,1.0,2020-07-29_2020-08-12|2021-07-09_2021-07-23
0.2,3,Core CPI m/m|PPI m/m|Core PPI m/m,Neutral|Bad|Bad,1,1,0,100.0,0.0,inf,2022-02-04_2022-02-18
0.2,3,Core CPI m/m|PPI m/m|Core PPI m/m,Neutral|Neutral|Bad,1,0,1,0.0,100.0,0.0,2024-05-09_2024-05-23
0.3,3,Core CPI m/m|PPI m/m|Core PPI m/m,Neutral|Neutral|Neutral,25,16,9,64.0,36.0,1.78,2018-08-09_2018-08-23|2018-10-08_2018-10-22|2018-12-07_2018-12-21|2019-02-05_2019-02-19|2019-03-07_2019-03-21|2019-04-06_2019-04-20|2019-05-06_2019-05-20|2019-06-05_2019-06-19|2020-01-01_2020-01-15|2020-08-28_2020-09-11|2020-10-12_2020-10-26|2022-06-04_2022-06-18|2022-11-01_2022-11-15|2023-02-14_2023-02-28|2023-04-30_2023-05-14|2023-06-29_2023-07-13|2023-07-29_2023-08-12|2023-09-12_2023-09-26|2024-01-10_2024-01-24|2024-05-09_2024-05-23|2024-07-08_2024-07-22|2024-08-07_2024-08-21|2024-10-06_2024-10-20|2024-12-05_2024-12-19|2025-07-03_2025-07-17
0.3,3,Core CPI m/m|PPI m/m|Core PPI m/m,Neutral|Good|Good,3,1,2,33.3,66.7,0.5,2018-09-08_2018-09-22|2023-03-31_2023-04-14|2025-04-04_2025-04-18
0.3,3,Core CPI m/m|PPI m/m|Core PPI m/m,Neutral|Neutral|Good,3,2,1,66.7,33.3,2.0,2019-08-04_2019-08-18|2019-12-02_2019-12-16|2022-03-06_2022-03-20
0.3,3,Core CPI m/m|PPI m/m|Core PPI m/m,Neutral|Good|Neutral,4,2,2,50.0,50.0,1.0,2020-04-30_2020-05-14|2022-08-03_2022-08-17|2023-11-11_2023-11-25|2024-06-08_2024-06-22
0.3,3,Core CPI m/m|PPI m/m|Core PPI m/m,Neutral|Bad|Neutral,1,0,1,0.0,100.0,0.0,2020-05-30_2020-06-13
0.3,3,Core CPI m/m|PPI m/m|Core PPI m/m,Bad|Neutral|Bad,1,0,1,0.0,100.0,0.0,2020-07-29_2020-08-12
0.3,3,Core CPI m/m|PPI m/m|Core PPI m/m,Bad|Bad|Bad,1,1,0,100.0,0.0,inf,2021-07-09_2021-07-23
0.3,3,Core CPI m/m|PPI m/m|Core PPI m/m,Neutral|Bad|Bad,1,1,0,100.0,0.0,inf,2022-02-04_2022-02-18
0.0,3,Core CPI m/m|PPI m/m|FOMC,Bad|Good|Neutral,1,0,1,0.0,100.0,0.0,2023-04-30_2023-05-14
0.0,3,Core CPI m/m|PPI m/m|FOMC,Bad|Bad|Neutral,1,1,0,100.0,0.0,inf,2023-09-12_2023-09-26
0.0,3,Core CPI m/m|PPI m/m|FOMC,Good|Good|Neutral,1,1,0,100.0,0.0,inf,2024-06-08_2024-06-22
0.0,3,Core CPI m/m|PPI m/m|FOMC,Neutral|Bad|Neutral,1,1,0,100.0,0.0,inf,2024-12-05_2024-12-19
0.1,3,Core CPI m/m|PPI m/m|FOMC,Bad|Neutral|Neutral,1,0,1,0.0,100.0,0.0,2023-04-30_2023-05-14
0.1,3,Core CPI m/m|PPI m/m|FOMC,Neutral|Bad|Neutral,2,2,0,100.0,0.0,inf,2023-09-12_2023-09-26|2024-12-05_2024-12-19
0.1,3,Core CPI m/m|PPI m/m|FOMC,Neutral|Good|Neutral,1,1,0,100.0,0.0,inf,2024-06-08_2024-06-22
0.2,3,Core CPI m/m|PPI m/m|FOMC,Neutral|Neutral|Neutral,2,1,1,50.0,50.0,1.0,2023-04-30_2023-05-14|2024-12-05_2024-12-19
0.2,3,Core CPI m/m|PPI m/m|FOMC,Neutral|Bad|Neutral,1,1,0,100.0,0.0,inf,2023-09-12_2023-09-26
0.2,3,Core CPI m/m|PPI m/m|FOMC,Neutral|Good|Neutral,1,1,0,100.0,0.0,inf,2024-06-08_2024-06-22
0.3,3,Core CPI m/m|PPI m/m|FOMC,Neutral|Neutral|Neutral,3,2,1,66.7,33.3,2.0,2023-04-30_2023-05-14|2023-09-12_2023-09-26|2024-12-05_2024-12-19
0.3,3,Core CPI m/m|PPI m/m|FOMC,Neutral|Good|Neutral,1,1,0,100.0,0.0,inf,2024-06-08_2024-06-22
0.0,3,Core CPI m/m|PPI m/m|CPI y/y,Neutral|Good|Neutral,2,1,1,50.0,50.0,1.0,2018-08-09_2018-08-23|2022-03-06_2022-03-20
0.0,3,Core CPI m/m|PPI m/m|CPI y/y,Good|Good|Good,9,3,6,33.3,66.7,0.5,2018-09-08_2018-09-22|2019-03-07_2019-03-21|2020-04-30_2020-05-14|2022-08-03_2022-08-17|2022-11-01_2022-11-15|2023-06-29_2023-07-13|2023-11-11_2023-11-25|2024-06-08_2024-06-22|2025-04-04_2025-04-18
0.0,3,Core CPI m/m|PPI m/m|CPI y/y,Good|Neutral|Good,3,0,3,0.0,100.0,0.0,2018-10-08_2018-10-22|2019-05-06_2019-05-20|2019-06-05_2019-06-19
0.0,3,Core CPI m/m|PPI m/m|CPI y/y,Neutral|Bad|Neutral,4,3,1,75.0,25.0,3.0,2018-12-07_2018-12-21|2020-10-12_2020-10-26|2024-05-09_2024-05-23|2024-12-05_2024-12-19
0.0,3,Core CPI m/m|PPI m/m|CPI y/y,Neutral|Good|Bad,3,2,1,66.7,33.3,2.0,2019-02-05_2019-02-19|2019-12-02_2019-12-16|2024-01-10_2024-01-24
0.0,3,Core CPI m/m|PPI m/m|CPI y/y,Good|Bad|Bad,1,1,0,100.0,0.0,inf,2019-04-06_2019-04-20
0.0,3,Core CPI m/m|PPI m/m|CPI y/y,Bad|Neutral|Bad,2,2,0,100.0,0.0,inf,2019-08-04_2019-08-18|2022-06-04_2022-06-18
0.0,3,Core CPI m/m|PPI m/m|CPI y/y,Good|Good|Neutral,1,1,0,100.0,0.0,inf,2020-01-01_2020-01-15
0.0,3,Core CPI m/m|PPI m/m|CPI y/y,Good|Bad|Good,2,1,1,50.0,50.0,1.0,2020-05-30_2020-06-13|2024-07-08_2024-07-22
0.0,3,Core CPI m/m|PPI m/m|CPI y/y,Bad|Bad|Bad,5,4,1,80.0,20.0,4.0,2020-07-29_2020-08-12|2020-08-28_2020-09-11|2021-07-09_2021-07-23|2022-02-04_2022-02-18|2023-09-12_2023-09-26
0.0,3,Core CPI m/m|PPI m/m|CPI y/y,Neutral|Bad|Bad,1,1,0,100.0,0.0,inf,2023-02-14_2023-02-28
0.0,3,Core CPI m/m|PPI m/m|CPI y/y,Neutral|Good|Good,2,1,1,50.0,50.0,1.0,2023-03-31_2023-04-14|2024-08-07_2024-08-21
0.0,3,Core CPI m/m|PPI m/m|CPI y/y,Bad|Good|Good,1,0,1,0.0,100.0,0.0,2023-04-30_2023-05-14
0.0,3,Core CPI m/m|PPI m/m|CPI y/y,Neutral|Bad|Good,1,1,0,100.0,0.0,inf,2023-07-29_2023-08-12
0.0,3,Core CPI m/m|PPI m/m|CPI y/y,Bad|Good|Bad,1,1,0,100.0,0.0,inf,2024-10-06_2024-10-20
0.0,3,Core CPI m/m|PPI m/m|CPI y/y,Good|Good|Bad,1,1,0,100.0,0.0,inf,2025-07-03_2025-07-17
0.1,3,Core CPI m/m|PPI m/m|CPI y/y,Neutral|Good|Neutral,5,2,3,40.0,60.0,0.67,2018-08-09_2018-08-23|2018-09-08_2018-09-22|2022-03-06_2022-03-20|2023-03-31_2023-04-14|2023-11-11_2023-11-25
0.1,3,Core CPI m/m|PPI m/m|CPI y/y,Neutral|Neutral|Good,6,2,4,33.3,66.7,0.5,2018-10-08_2018-10-22|2019-03-07_2019-03-21|2019-05-06_2019-05-20|2023-06-29_2023-07-13|2024-07-08_2024-07-22|2024-08-07_2024-08-21
0.1,3,Core CPI m/m|PPI m/m|CPI y/y,Neutral|Neutral|Neutral,4,3,1,75.0,25.0,3.0,2018-12-07_2018-12-21|2019-06-05_2019-06-19|2020-01-01_2020-01-15|2023-07-29_2023-08-12
0.1,3,Core CPI m/m|PPI m/m|CPI y/y,Neutral|Good|Bad,4,3,1,75.0,25.0,3.0,2019-02-05_2019-02-19|2019-12-02_2019-12-16|2024-01-10_2024-01-24|2025-07-03_2025-07-17
0.1,3,Core CPI m/m|PPI m/m|CPI y/y,Neutral|Bad|Neutral,4,3,1,75.0,25.0,3.0,2019-04-06_2019-04-20|2020-10-12_2020-10-26|2024-05-09_2024-05-23|2024-12-05_2024-12-19
0.1,3,Core CPI m/m|PPI m/m|CPI y/y,Neutral|Neutral|Bad,3,3,0,100.0,0.0,inf,2019-08-04_2019-08-18|2022-06-04_2022-06-18|2024-10-06_2024-10-20
0.1,3,Core CPI m/m|PPI m/m|CPI y/y,Good|Good|Good,4,1,3,25.0,75.0,0.33,2020-04-30_2020-05-14|2022-08-03_2022-08-17|2022-11-01_2022-11-15|2025-04-04_2025-04-18
0.1,3,Core CPI m/m|PPI m/m|CPI y/y,Neutral|Bad|Good,1,0,1,0.0,100.0,0.0,2020-05-30_2020-06-13
0.1,3,Core CPI m/m|PPI m/m|CPI y/y,Bad|Bad|Bad,2,1,1,50.0,50.0,1.0,2020-07-29_2020-08-12|2021-07-09_2021-07-23
0.1,3,Core CPI m/m|PPI m/m|CPI y/y,Bad|Neutral|Bad,1,1,0,100.0,0.0,inf,2020-08-28_2020-09-11
0.1,3,Core CPI m/m|PPI m/m|CPI y/y,Neutral|Bad|Bad,3,3,0,100.0,0.0,inf,2022-02-04_2022-02-18|2023-02-14_2023-02-28|2023-09-12_2023-09-26
0.1,3,Core CPI m/m|PPI m/m|CPI y/y,Bad|Neutral|Neutral,1,0,1,0.0,100.0,0.0,2023-04-30_2023-05-14
0.1,3,Core CPI m/m|PPI m/m|CPI y/y,Neutral|Good|Good,1,1,0,100.0,0.0,inf,2024-06-08_2024-06-22
0.2,3,Core CPI m/m|PPI m/m|CPI y/y,Neutral|Neutral|Neutral,23,14,9,60.9,39.1,1.56,2018-08-09_2018-08-23|2018-10-08_2018-10-22|2018-12-07_2018-12-21|2019-02-05_2019-02-19|2019-03-07_2019-03-21|2019-05-06_2019-05-20|2019-06-05_2019-06-19|2019-08-04_2019-08-18|2019-12-02_2019-12-16|2020-01-01_2020-01-15|2020-08-28_2020-09-11|2020-10-12_2020-10-26|2022-03-06_2022-03-20|2023-04-30_2023-05-14|2023-06-29_2023-07-13|2023-07-29_2023-08-12|2024-01-10_2024-01-24|2024-05-09_2024-05-23|2024-07-08_2024-07-22|2024-08-07_2024-08-21|2024-10-06_2024-10-20|2024-12-05_2024-12-19|2025-07-03_2025-07-17
0.2,3,Core CPI m/m|PPI m/m|CPI y/y,Neutral|Good|Neutral,7,3,4,42.9,57.1,0.75,2018-09-08_2018-09-22|2020-04-30_2020-05-14|2022-08-03_2022-08-17|2023-03-31_2023-04-14|2023-11-11_2023-11-25|2024-06-08_2024-06-22|2025-04-04_2025-04-18
0.2,3,Core CPI m/m|PPI m/m|CPI y/y,Neutral|Bad|Neutral,3,2,1,66.7,33.3,2.0,2019-04-06_2019-04-20|2020-05-30_2020-06-13|2023-09-12_2023-09-26
0.2,3,Core CPI m/m|PPI m/m|CPI y/y,Bad|Bad|Bad,2,1,1,50.0,50.0,1.0,2020-07-29_2020-08-12|2021-07-09_2021-07-23
0.2,3,Core CPI m/m|PPI m/m|CPI y/y,Neutral|Bad|Bad,2,2,0,100.0,0.0,inf,2022-02-04_2022-02-18|2023-02-14_2023-02-28
0.2,3,Core CPI m/m|PPI m/m|CPI y/y,Neutral|Neutral|Bad,1,1,0,100.0,0.0,inf,2022-06-04_2022-06-18
0.2,3,Core CPI m/m|PPI m/m|CPI y/y,Neutral|Neutral|Good,1,0,1,0.0,100.0,0.0,2022-11-01_2022-11-15
0.3,3,Core CPI m/m|PPI m/m|CPI y/y,Neutral|Neutral|Neutral,28,18,10,64.3,35.7,1.8,2018-08-09_2018-08-23|2018-10-08_2018-10-22|2018-12-07_2018-12-21|2019-02-05_2019-02-19|2019-03-07_2019-03-21|2019-04-06_2019-04-20|2019-05-06_2019-05-20|2019-06-05_2019-06-19|2019-08-04_2019-08-18|2019-12-02_2019-12-16|2020-01-01_2020-01-15|2020-08-28_2020-09-11|2020-10-12_2020-10-26|2022-03-06_2022-03-20|2022-06-04_2022-06-18|2022-11-01_2022-11-15|2023-02-14_2023-02-28|2023-04-30_2023-05-14|2023-06-29_2023-07-13|2023-07-29_2023-08-12|2023-09-12_2023-09-26|2024-01-10_2024-01-24|2024-05-09_2024-05-23|2024-07-08_2024-07-22|2024-08-07_2024-08-21|2024-10-06_2024-10-20|2024-12-05_2024-12-19|2025-07-03_2025-07-17
0.3,3,Core CPI m/m|PPI m/m|CPI y/y,Neutral|Good|Neutral,7,3,4,42.9,57.1,0.75,2018-09-08_2018-09-22|2020-04-30_2020-05-14|2022-08-03_2022-08-17|2023-03-31_2023-04-14|2023-11-11_2023-11-25|2024-06-08_2024-06-22|2025-04-04_2025-04-18
0.3,3,Core CPI m/m|PPI m/m|CPI y/y,Neutral|Bad|Neutral,2,1,1,50.0,50.0,1.0,2020-05-30_2020-06-13|2022-02-04_2022-02-18
0.3,3,Core CPI m/m|PPI m/m|CPI y/y,Bad|Neutral|Bad,1,0,1,0.0,100.0,0.0,2020-07-29_2020-08-12
0.3,3,Core CPI m/m|PPI m/m|CPI y/y,Bad|Bad|Bad,1,1,0,100.0,0.0,inf,2021-07-09_2021-07-23
0.0,3,Core CPI m/m|Core PPI m/m|FOMC,Bad|Neutral|Neutral,2,1,1,50.0,50.0,1.0,2023-04-30_2023-05-14|2023-09-12_2023-09-26
0.0,3,Core CPI m/m|Core PPI m/m|FOMC,Good|Good|Neutral,1,1,0,100.0,0.0,inf,2024-06-08_2024-06-22
0.0,3,Core CPI m/m|Core PPI m/m|FOMC,Neutral|Neutral|Neutral,1,1,0,100.0,0.0,inf,2024-12-05_2024-12-19
0.1,3,Core CPI m/m|Core PPI m/m|FOMC,Bad|Neutral|Neutral,1,0,1,0.0,100.0,0.0,2023-04-30_2023-05-14
0.1,3,Core CPI m/m|Core PPI m/m|FOMC,Neutral|Neutral|Neutral,2,2,0,100.0,0.0,inf,2023-09-12_2023-09-26|2024-12-05_2024-12-19
0.1,3,Core CPI m/m|Core PPI m/m|FOMC,Neutral|Good|Neutral,1,1,0,100.0,0.0,inf,2024-06-08_2024-06-22
0.2,3,Core CPI m/m|Core PPI m/m|FOMC,Neutral|Neutral|Neutral,3,2,1,66.7,33.3,2.0,2023-04-30_2023-05-14|2023-09-12_2023-09-26|2024-12-05_2024-12-19
0.2,3,Core CPI m/m|Core PPI m/m|FOMC,Neutral|Good|Neutral,1,1,0,100.0,0.0,inf,2024-06-08_2024-06-22
0.3,3,Core CPI m/m|Core PPI m/m|FOMC,Neutral|Neutral|Neutral,4,3,1,75.0,25.0,3.0,2023-04-30_2023-05-14|2023-09-12_2023-09-26|2024-06-08_2024-06-22|2024-12-05_2024-12-19
0.0,3,Core CPI m/m|Core PPI m/m|CPI y/y,Neutral|Good|Neutral,2,1,1,50.0,50.0,1.0,2018-08-09_2018-08-23|2022-03-06_2022-03-20
0.0,3,Core CPI m/m|Core PPI m/m|CPI y/y,Good|Good|Good,10,3,7,30.0,70.0,0.43,2018-09-08_2018-09-22|2019-03-07_2019-03-21|2019-05-06_2019-05-20|2020-04-30_2020-05-14|2022-08-03_2022-08-17|2022-11-01_2022-11-15|2023-06-29_2023-07-13|2023-11-11_2023-11-25|2024-06-08_2024-06-22|2025-04-04_2025-04-18
0.0,3,Core CPI m/m|Core PPI m/m|CPI y/y,Good|Neutral|Good,3,0,3,0.0,100.0,0.0,2018-10-08_2018-10-22|2019-06-05_2019-06-19|2020-05-30_2020-06-13
0.0,3,Core CPI m/m|Core PPI m/m|CPI y/y,Neutral|Bad|Neutral,3,2,1,66.7,33.3,2.0,2018-12-07_2018-12-21|2020-10-12_2020-10-26|2024-05-09_2024-05-23
0.0,3,Core CPI m/m|Core PPI m/m|CPI y/y,Neutral|Bad|Bad,2,2,0,100.0,0.0,inf,2019-02-05_2019-02-19|2023-02-14_2023-02-28
0.0,3,Core CPI m/m|Core PPI m/m|CPI y/y,Good|Bad|Bad,1,1,0,100.0,0.0,inf,2019-04-06_2019-04-20
0.0,3,Core CPI m/m|Core PPI m/m|CPI y/y,Bad|Good|Bad,2,2,0,100.0,0.0,inf,2019-08-04_2019-08-18|2022-06-04_2022-06-18
0.0,3,Core CPI m/m|Core PPI m/m|CPI y/y,Neutral|Good|Bad,2,1,1,50.0,50.0,1.0,2019-12-02_2019-12-16|2024-01-10_2024-01-24
0.0,3,Core CPI m/m|Core PPI m/m|CPI y/y,Good|Good|Neutral,1,1,0,100.0,0.0,inf,2020-01-01_2020-01-15
0.0,3,Core CPI m/m|Core PPI m/m|CPI y/y,Bad|Bad|Bad,4,3,1,75.0,25.0,3.0,2020-07-29_2020-08-12|2020-08-28_2020-09-11|2021-07-09_2021-07-23|2022-02-04_2022-02-18
0.0,3,Core CPI m/m|Core PPI m/m|CPI y/y,Neutral|Good|Good,2,1,1,50.0,50.0,1.0,2023-03-31_2023-04-14|2024-08-07_2024-08-21
0.0,3,Core CPI m/m|Core PPI m/m|CPI y/y,Bad|Neutral|Good,1,0,1,0.0,100.0,0.0,2023-04-30_2023-05-14
0.0,3,Core CPI m/m|Core PPI m/m|CPI y/y,Neutral|Bad|Good,1,1,0,100.0,0.0,inf,2023-07-29_2023-08-12
0.0,3,Core CPI m/m|Core PPI m/m|CPI y/y,Bad|Neutral|Bad,2,2,0,100.0,0.0,inf,2023-09-12_2023-09-26|2024-10-06_2024-10-20
0.0,3,Core CPI m/m|Core PPI m/m|CPI y/y,Good|Bad|Good,1,1,0,100.0,0.0,inf,2024-07-08_2024-07-22
0.0,3,Core CPI m/m|Core PPI m/m|CPI y/y,Neutral|Neutral|Neutral,1,1,0,100.0,0.0,inf,2024-12-05_2024-12-19
0.0,3,Core CPI m/m|Core PPI m/m|CPI y/y,Good|Good|Bad,1,1,0,100.0,0.0,inf,2025-07-03_2025-07-17
0.1,3,Core CPI m/m|Core PPI m/m|CPI y/y,Neutral|Neutral|Neutral,6,5,1,83.3,16.7,5.0,2018-08-09_2018-08-23|2019-04-06_2019-04-20|2019-06-05_2019-06-19|2020-01-01_2020-01-15|2023-07-29_2023-08-12|2024-12-05_2024-12-19
0.1,3,Core CPI m/m|Core PPI m/m|CPI y/y,Neutral|Good|Neutral,4,1,3,25.0,75.0,0.33,2018-09-08_2018-09-22|2022-03-06_2022-03-20|2023-03-31_2023-04-14|2023-11-11_2023-11-25
0.1,3,Core CPI m/m|Core PPI m/m|CPI y/y,Neutral|Neutral|Good,5,0,5,0.0,100.0,0.0,2018-10-08_2018-10-22|2019-03-07_2019-03-21|2019-05-06_2019-05-20|2020-05-30_2020-06-13|2023-06-29_2023-07-13
0.1,3,Core CPI m/m|Core PPI m/m|CPI y/y,Neutral|Bad|Neutral,3,2,1,66.7,33.3,2.0,2018-12-07_2018-12-21|2020-10-12_2020-10-26|2024-05-09_2024-05-23
0.1,3,Core CPI m/m|Core PPI m/m|CPI y/y,Neutral|Neutral|Bad,4,4,0,100.0,0.0,inf,2019-02-05_2019-02-19|2022-06-04_2022-06-18|2023-09-12_2023-09-26|2024-10-06_2024-10-20
0.1,3,Core CPI m/m|Core PPI m/m|CPI y/y,Neutral|Good|Bad,4,3,1,75.0,25.0,3.0,2019-08-04_2019-08-18|2019-12-02_2019-12-16|2024-01-10_2024-01-24|2025-07-03_2025-07-17
0.1,3,Core CPI m/m|Core PPI m/m|CPI y/y,Good|Good|Good,4,1,3,25.0,75.0,0.33,2020-04-30_2020-05-14|2022-08-03_2022-08-17|2022-11-01_2022-11-15|2025-04-04_2025-04-18
0.1,3,Core CPI m/m|Core PPI m/m|CPI y/y,Bad|Bad|Bad,3,2,1,66.7,33.3,2.0,2020-07-29_2020-08-12|2020-08-28_2020-09-11|2021-07-09_2021-07-23
0.1,3,Core CPI m/m|Core PPI m/m|CPI y/y,Neutral|Bad|Bad,2,2,0,100.0,0.0,inf,2022-02-04_2022-02-18|2023-02-14_2023-02-28
0.1,3,Core CPI m/m|Core PPI m/m|CPI y/y,Bad|Neutral|Neutral,1,0,1,0.0,100.0,0.0,2023-04-30_2023-05-14
0.1,3,Core CPI m/m|Core PPI m/m|CPI y/y,Neutral|Good|Good,2,2,0,100.0,0.0,inf,2024-06-08_2024-06-22|2024-08-07_2024-08-21
0.1,3,Core CPI m/m|Core PPI m/m|CPI y/y,Neutral|Bad|Good,1,1,0,100.0,0.0,inf,2024-07-08_2024-07-22
0.2,3,Core CPI m/m|Core PPI m/m|CPI y/y,Neutral|Neutral|Neutral,24,15,9,62.5,37.5,1.67,2018-08-09_2018-08-23|2018-10-08_2018-10-22|2018-12-07_2018-12-21|2019-02-05_2019-02-19|2019-03-07_2019-03-21|2019-04-06_2019-04-20|2019-05-06_2019-05-20|2019-06-05_2019-06-19|2020-01-01_2020-01-15|2020-04-30_2020-05-14|2020-05-30_2020-06-13|2020-08-28_2020-09-11|2020-10-12_2020-10-26|2022-08-03_2022-08-17|2023-04-30_2023-05-14|2023-06-29_2023-07-13|2023-07-29_2023-08-12|2023-09-12_2023-09-26|2024-01-10_2024-01-24|2024-07-08_2024-07-22|2024-08-07_2024-08-21|2024-10-06_2024-10-20|2024-12-05_2024-12-19|2025-07-03_2025-07-17
0.2,3,Core CPI m/m|Core PPI m/m|CPI y/y,Neutral|Good|Neutral,8,4,4,50.0,50.0,1.0,2018-09-08_2018-09-22|2019-08-04_2019-08-18|2019-12-02_2019-12-16|2022-03-06_2022-03-20|2023-03-31_2023-04-14|2023-11-11_2023-11-25|2024-06-08_2024-06-22|2025-04-04_2025-04-18
0.2,3,Core CPI m/m|Core PPI m/m|CPI y/y,Bad|Bad|Bad,2,1,1,50.0,50.0,1.0,2020-07-29_2020-08-12|2021-07-09_2021-07-23
0.2,3,Core CPI m/m|Core PPI m/m|CPI y/y,Neutral|Bad|Bad,1,1,0,100.0,0.0,inf,2022-02-04_2022-02-18
0.2,3,Core CPI m/m|Core PPI m/m|CPI y/y,Neutral|Neutral|Bad,2,2,0,100.0,0.0,inf,2022-06-04_2022-06-18|2023-02-14_2023-02-28
0.2,3,Core CPI m/m|Core PPI m/m|CPI y/y,Neutral|Good|Good,1,0,1,0.0,100.0,0.0,2022-11-01_2022-11-15
0.2,3,Core CPI m/m|Core PPI m/m|CPI y/y,Neutral|Bad|Neutral,1,0,1,0.0,100.0,0.0,2024-05-09_2024-05-23
0.3,3,Core CPI m/m|Core PPI m/m|CPI y/y,Neutral|Neutral|Neutral,30,18,12,60.0,40.0,1.5,2018-08-09_2018-08-23|2018-10-08_2018-10-22|2018-12-07_2018-12-21|2019-02-05_2019-02-19|2019-03-07_2019-03-21|2019-04-06_2019-04-20|2019-05-06_2019-05-20|2019-06-05_2019-06-19|2020-01-01_2020-01-15|2020-04-30_2020-05-14|2020-05-30_2020-06-13|2020-08-28_2020-09-11|2020-10-12_2020-10-26|2022-06-04_2022-06-18|2022-08-03_2022-08-17|2022-11-01_2022-11-15|2023-02-14_2023-02-28|2023-04-30_2023-05-14|2023-06-29_2023-07-13|2023-07-29_2023-08-12|2023-09-12_2023-09-26|2023-11-11_2023-11-25|2024-01-10_2024-01-24|2024-05-09_2024-05-23|2024-06-08_2024-06-22|2024-07-08_2024-07-22|2024-08-07_2024-08-21|2024-10-06_2024-10-20|2024-12-05_2024-12-19|2025-07-03_2025-07-17
0.3,3,Core CPI m/m|Core PPI m/m|CPI y/y,Neutral|Good|Neutral,6,3,3,50.0,50.0,1.0,2018-09-08_2018-09-22|2019-08-04_2019-08-18|2019-12-02_2019-12-16|2022-03-06_2022-03-20|2023-03-31_2023-04-14|2025-04-04_2025-04-18
0.3,3,Core CPI m/m|Core PPI m/m|CPI y/y,Bad|Bad|Bad,2,1,1,50.0,50.0,1.0,2020-07-29_2020-08-12|2021-07-09_2021-07-23
0.3,3,Core CPI m/m|Core PPI m/m|CPI y/y,Neutral|Bad|Neutral,1,1,0,100.0,0.0,inf,2022-02-04_2022-02-18
0.0,3,Core CPI m/m|FOMC|CPI y/y,Bad|Neutral|Good,1,0,1,0.0,100.0,0.0,2023-04-30_2023-05-14
0.0,3,Core CPI m/m|FOMC|CPI y/y,Bad|Neutral|Bad,1,1,0,100.0,0.0,inf,2023-09-12_2023-09-26
0.0,3,Core CPI m/m|FOMC|CPI y/y,Good|Neutral|Good,1,1,0,100.0,0.0,inf,2024-06-08_2024-06-22
0.0,3,Core CPI m/m|FOMC|CPI y/y,Neutral|Neutral|Neutral,1,1,0,100.0,0.0,inf,2024-12-05_2024-12-19
0.1,3,Core CPI m/m|FOMC|CPI y/y,Bad|Neutral|Neutral,1,0,1,0.0,100.0,0.0,2023-04-30_2023-05-14
0.1,3,Core CPI m/m|FOMC|CPI y/y,Neutral|Neutral|Bad,1,1,0,100.0,0.0,inf,2023-09-12_2023-09-26
0.1,3,Core CPI m/m|FOMC|CPI y/y,Neutral|Neutral|Good,1,1,0,100.0,0.0,inf,2024-06-08_2024-06-22
0.1,3,Core CPI m/m|FOMC|CPI y/y,Neutral|Neutral|Neutral,1,1,0,100.0,0.0,inf,2024-12-05_2024-12-19
0.2,3,Core CPI m/m|FOMC|CPI y/y,Neutral|Neutral|Neutral,4,3,1,75.0,25.0,3.0,2023-04-30_2023-05-14|2023-09-12_2023-09-26|2024-06-08_2024-06-22|2024-12-05_2024-12-19
0.3,3,Core CPI m/m|FOMC|CPI y/y,Neutral|Neutral|Neutral,4,3,1,75.0,25.0,3.0,2023-04-30_2023-05-14|2023-09-12_2023-09-26|2024-06-08_2024-06-22|2024-12-05_2024-12-19
0.0,3,PPI m/m|Core PPI m/m|FOMC,Good|Neutral|Neutral,2,0,2,0.0,100.0,0.0,2023-04-30_2023-05-14|2023-06-14_2023-06-28
0.0,3,PPI m/m|Core PPI m/m|FOMC,Bad|Neutral|Neutral,2,2,0,100.0,0.0,inf,2023-09-12_2023-09-26|2024-12-05_2024-12-19
0.0,3,PPI m/m|Core PPI m/m|FOMC,Good|Good|Neutral,1,1,0,100.0,0.0,inf,2024-06-08_2024-06-22
0.1,3,PPI m/m|Core PPI m/m|FOMC,Neutral|Neutral|Neutral,1,0,1,0.0,100.0,0.0,2023-04-30_2023-05-14
0.1,3,PPI m/m|Core PPI m/m|FOMC,Good|Neutral|Neutral,1,0,1,0.0,100.0,0.0,2023-06-14_2023-06-28
0.1,3,PPI m/m|Core PPI m/m|FOMC,Bad|Neutral|Neutral,2,2,0,100.0,0.0,inf,2023-09-12_2023-09-26|2024-12-05_2024-12-19
0.1,3,PPI m/m|Core PPI m/m|FOMC,Good|Good|Neutral,1,1,0,100.0,0.0,inf,2024-06-08_2024-06-22
0.2,3,PPI m/m|Core PPI m/m|FOMC,Neutral|Neutral|Neutral,3,1,2,33.3,66.7,0.5,2023-04-30_2023-05-14|2023-06-14_2023-06-28|2024-12-05_2024-12-19
0.2,3,PPI m/m|Core PPI m/m|FOMC,Bad|Neutral|Neutral,1,1,0,100.0,0.0,inf,2023-09-12_2023-09-26
0.2,3,PPI m/m|Core PPI m/m|FOMC,Good|Good|Neutral,1,1,0,100.0,0.0,inf,2024-06-08_2024-06-22
0.3,3,PPI m/m|Core PPI m/m|FOMC,Neutral|Neutral|Neutral,4,2,2,50.0,50.0,1.0,2023-04-30_2023-05-14|2023-06-14_2023-06-28|2023-09-12_2023-09-26|2024-12-05_2024-12-19
0.3,3,PPI m/m|Core PPI m/m|FOMC,Good|Neutral|Neutral,1,1,0,100.0,0.0,inf,2024-06-08_2024-06-22
0.0,3,PPI m/m|Core PPI m/m|CPI y/y,Good|Good|Neutral,3,2,1,66.7,33.3,2.0,2018-08-09_2018-08-23|2020-01-01_2020-01-15|2022-03-06_2022-03-20
0.0,3,PPI m/m|Core PPI m/m|CPI y/y,Good|Good|Good,11,4,7,36.4,63.6,0.57,2018-09-08_2018-09-22|2019-03-07_2019-03-21|2020-04-30_2020-05-14|2022-08-03_2022-08-17|2022-11-01_2022-11-15|2023-03-31_2023-04-14|2023-06-29_2023-07-13|2023-11-11_2023-11-25|2024-06-08_2024-06-22|2024-08-07_2024-08-21|2025-04-04_2025-04-18
0.0,3,PPI m/m|Core PPI m/m|CPI y/y,Neutral|Neutral|Good,2,0,2,0.0,100.0,0.0,2018-10-08_2018-10-22|2019-06-05_2019-06-19
0.0,3,PPI m/m|Core PPI m/m|CPI y/y,Bad|Bad|Neutral,3,2,1,66.7,33.3,2.0,2018-12-07_2018-12-21|2020-10-12_2020-10-26|2024-05-09_2024-05-23
0.0,3,PPI m/m|Core PPI m/m|CPI y/y,Good|Bad|Bad,1,1,0,100.0,0.0,inf,2019-02-05_2019-02-19
0.0,3,PPI m/m|Core PPI m/m|CPI y/y,Bad|Bad|Bad,6,5,1,83.3,16.7,5.0,2019-04-06_2019-04-20|2020-07-29_2020-08-12|2020-08-28_2020-09-11|2021-07-09_2021-07-23|2022-02-04_2022-02-18|2023-02-14_2023-02-28
0.0,3,PPI m/m|Core PPI m/m|CPI y/y,Neutral|Good|Good,1,0,1,0.0,100.0,0.0,2019-05-06_2019-05-20
0.0,3,PPI m/m|Core PPI m/m|CPI y/y,Neutral|Good|Bad,2,2,0,100.0,0.0,inf,2019-08-04_2019-08-18|2022-06-04_2022-06-18
0.0,3,PPI m/m|Core PPI m/m|CPI y/y,Good|Good|Bad,3,2,1,66.7,33.3,2.0,2019-12-02_2019-12-16|2024-01-10_2024-01-24|2025-07-03_2025-07-17
0.0,3,PPI m/m|Core PPI m/m|CPI y/y,Bad|Neutral|Good,1,0,1,0.0,100.0,0.0,2020-05-30_2020-06-13
0.0,3,PPI m/m|Core PPI m/m|CPI y/y,Good|Neutral|Good,1,0,1,0.0,100.0,0.0,2023-04-30_2023-05-14
0.0,3,PPI m/m|Core PPI m/m|CPI y/y,Bad|Bad|Good,2,2,0,100.0,0.0,inf,2023-07-29_2023-08-12|2024-07-08_2024-07-22
0.0,3,PPI m/m|Core PPI m/m|CPI y/y,Bad|Neutral|Bad,1,1,0,100.0,0.0,inf,2023-09-12_2023-09-26
0.0,3,PPI m/m|Core PPI m/m|CPI y/y,Good|Neutral|Bad,1,1,0,100.0,0.0,inf,2024-10-06_2024-10-20
0.0,3,PPI m/m|Core PPI m/m|CPI y/y,Bad|Neutral|Neutral,1,1,0,100.0,0.0,inf,2024-12-05_2024-12-19
0.1,3,PPI m/m|Core PPI m/m|CPI y/y,Good|Neutral|Neutral,1,1,0,100.0,0.0,inf,2018-08-09_2018-08-23
0.1,3,PPI m/m|Core PPI m/m|CPI y/y,Good|Good|Neutral,4,1,3,25.0,75.0,0.33,2018-09-08_2018-09-22|2022-03-06_2022-03-20|2023-03-31_2023-04-14|2023-11-11_2023-11-25
0.1,3,PPI m/m|Core PPI m/m|CPI y/y,Neutral|Neutral|Good,4,0,4,0.0,100.0,0.0,2018-10-08_2018-10-22|2019-03-07_2019-03-21|2019-05-06_2019-05-20|2023-06-29_2023-07-13
0.1,3,PPI m/m|Core PPI m/m|CPI y/y,Neutral|Bad|Neutral,1,1,0,100.0,0.0,inf,2018-12-07_2018-12-21
0.1,3,PPI m/m|Core PPI m/m|CPI y/y,Good|Neutral|Bad,1,1,0,100.0,0.0,inf,2019-02-05_2019-02-19
0.1,3,PPI m/m|Core PPI m/m|CPI y/y,Bad|Neutral|Neutral,2,2,0,100.0,0.0,inf,2019-04-06_2019-04-20|2024-12-05_2024-12-19
0.1,3,PPI m/m|Core PPI m/m|CPI y/y,Neutral|Neutral|Neutral,4,2,2,50.0,50.0,1.0,2019-06-05_2019-06-19|2020-01-01_2020-01-15|2023-04-30_2023-05-14|2023-07-29_2023-08-12
0.1,3,PPI m/m|Core PPI m/m|CPI y/y,Neutral|Good|Bad,1,1,0,100.0,0.0,inf,2019-08-04_2019-08-18
0.1,3,PPI m/m|Core PPI m/m|CPI y/y,Good|Good|Bad,3,2,1,66.7,33.3,2.0,2019-12-02_2019-12-16|2024-01-10_2024-01-24|2025-07-03_2025-07-17
0.1,3,PPI m/m|Core PPI m/m|CPI y/y,Good|Good|Good,5,2,3,40.0,60.0,0.67,2020-04-30_2020-05-14|2022-08-03_2022-08-17|2022-11-01_2022-11-15|2024-06-08_2024-06-22|2025-04-04_2025-04-18
0.1,3,PPI m/m|Core PPI m/m|CPI y/y,Bad|Neutral|Good,1,0,1,0.0,100.0,0.0,2020-05-30_2020-06-13
0.1,3,PPI m/m|Core PPI m/m|CPI y/y,Bad|Bad|Bad,4,3,1,75.0,25.0,3.0,2020-07-29_2020-08-12|2021-07-09_2021-07-23|2022-02-04_2022-02-18|2023-02-14_2023-02-28
0.1,3,PPI m/m|Core PPI m/m|CPI y/y,Neutral|Bad|Bad,1,1,0,100.0,0.0,inf,2020-08-28_2020-09-11
0.1,3,PPI m/m|Core PPI m/m|CPI y/y,Bad|Bad|Neutral,2,1,1,50.0,50.0,1.0,2020-10-12_2020-10-26|2024-05-09_2024-05-23
0.1,3,PPI m/m|Core PPI m/m|CPI y/y,Neutral|Neutral|Bad,2,2,0,100.0,0.0,inf,2022-06-04_2022-06-18|2024-10-06_2024-10-20
0.1,3,PPI m/m|Core PPI m/m|CPI y/y,Bad|Neutral|Bad,1,1,0,100.0,0.0,inf,2023-09-12_2023-09-26
0.1,3,PPI m/m|Core PPI m/m|CPI y/y,Neutral|Bad|Good,1,1,0,100.0,0.0,inf,2024-07-08_2024-07-22
0.1,3,PPI m/m|Core PPI m/m|CPI y/y,Neutral|Good|Good,1,1,0,100.0,0.0,inf,2024-08-07_2024-08-21
0.2,3,PPI m/m|Core PPI m/m|CPI y/y,Neutral|Neutral|Neutral,19,12,7,63.2,36.8,1.71,2018-08-09_2018-08-23|2018-10-08_2018-10-22|2018-12-07_2018-12-21|2019-02-05_2019-02-19|2019-03-07_2019-03-21|2019-05-06_2019-05-20|2019-06-05_2019-06-19|2020-01-01_2020-01-15|2020-08-28_2020-09-11|2020-10-12_2020-10-26|2023-04-30_2023-05-14|2023-06-29_2023-07-13|2023-07-29_2023-08-12|2024-01-10_2024-01-24|2024-07-08_2024-07-22|2024-08-07_2024-08-21|2024-10-06_2024-10-20|2024-12-05_2024-12-19|2025-07-03_2025-07-17
0.2,3,PPI m/m|Core PPI m/m|CPI y/y,Good|Good|Neutral,5,2,3,40.0,60.0,0.67,2018-09-08_2018-09-22|2023-03-31_2023-04-14|2023-11-11_2023-11-25|2024-06-08_2024-06-22|2025-04-04_2025-04-18
0.2,3,PPI m/m|Core PPI m/m|CPI y/y,Bad|Neutral|Neutral,3,2,1,66.7,33.3,2.0,2019-04-06_2019-04-20|2020-05-30_2020-06-13|2023-09-12_2023-09-26
0.2,3,PPI m/m|Core PPI m/m|CPI y/y,Neutral|Good|Neutral,3,2,1,66.7,33.3,2.0,2019-08-04_2019-08-18|2019-12-02_2019-12-16|2022-03-06_2022-03-20
0.2,3,PPI m/m|Core PPI m/m|CPI y/y,Good|Neutral|Neutral,2,1,1,50.0,50.0,1.0,2020-04-30_2020-05-14|2022-08-03_2022-08-17
0.2,3,PPI m/m|Core PPI m/m|CPI y/y,Bad|Bad|Bad,3,2,1,66.7,33.3,2.0,2020-07-29_2020-08-12|2021-07-09_2021-07-23|2022-02-04_2022-02-18
0.2,3,PPI m/m|Core PPI m/m|CPI y/y,Neutral|Neutral|Bad,1,1,0,100.0,0.0,inf,2022-06-04_2022-06-18
0.2,3,PPI m/m|Core PPI m/m|CPI y/y,Neutral|Good|Good,1,0,1,0.0,100.0,0.0,2022-11-01_2022-11-15
0.2,3,PPI m/m|Core PPI m/m|CPI y/y,Bad|Neutral|Bad,1,1,0,100.0,0.0,inf,2023-02-14_2023-02-28
0.2,3,PPI m/m|Core PPI m/m|CPI y/y,Neutral|Bad|Neutral,1,0,1,0.0,100.0,0.0,2024-05-09_2024-05-23
0.3,3,PPI m/m|Core PPI m/m|CPI y/y,Neutral|Neutral|Neutral,25,16,9,64.0,36.0,1.78,2018-08-09_2018-08-23|2018-10-08_2018-10-22|2018-12-07_2018-12-21|2019-02-05_2019-02-19|2019-03-07_2019-03-21|2019-04-06_2019-04-20|2019-05-06_2019-05-20|2019-06-05_2019-06-19|2020-01-01_2020-01-15|2020-08-28_2020-09-11|2020-10-12_2020-10-26|2022-06-04_2022-06-18|2022-11-01_2022-11-15|2023-02-14_2023-02-28|2023-04-30_2023-05-14|2023-06-29_2023-07-13|2023-07-29_2023-08-12|2023-09-12_2023-09-26|2024-01-10_2024-01-24|2024-05-09_2024-05-23|2024-07-08_2024-07-22|2024-08-07_2024-08-21|2024-10-06_2024-10-20|2024-12-05_2024-12-19|2025-07-03_2025-07-17
0.3,3,PPI m/m|Core PPI m/m|CPI y/y,Good|Good|Neutral,3,1,2,33.3,66.7,0.5,2018-09-08_2018-09-22|2023-03-31_2023-04-14|2025-04-04_2025-04-18
0.3,3,PPI m/m|Core PPI m/m|CPI y/y,Neutral|Good|Neutral,3,2,1,66.7,33.3,2.0,2019-08-04_2019-08-18|2019-12-02_2019-12-16|2022-03-06_2022-03-20
0.3,3,PPI m/m|Core PPI m/m|CPI y/y,Good|Neutral|Neutral,4,2,2,50.0,50.0,1.0,2020-04-30_2020-05-14|2022-08-03_2022-08-17|2023-11-11_2023-11-25|2024-06-08_2024-06-22
0.3,3,PPI m/m|Core PPI m/m|CPI y/y,Bad|Neutral|Neutral,1,0,1,0.0,100.0,0.0,2020-05-30_2020-06-13
0.3,3,PPI m/m|Core PPI m/m|CPI y/y,Neutral|Bad|Bad,1,0,1,0.0,100.0,0.0,2020-07-29_2020-08-12
0.3,3,PPI m/m|Core PPI m/m|CPI y/y,Bad|Bad|Bad,1,1,0,100.0,0.0,inf,2021-07-09_2021-07-23
0.3,3,PPI m/m|Core PPI m/m|CPI y/y,Bad|Bad|Neutral,1,1,0,100.0,0.0,inf,2022-02-04_2022-02-18
0.0,3,PPI m/m|FOMC|CPI y/y,Good|Neutral|Good,2,1,1,50.0,50.0,1.0,2023-04-30_2023-05-14|2024-06-08_2024-06-22
0.0,3,PPI m/m|FOMC|CPI y/y,Bad|Neutral|Bad,1,1,0,100.0,0.0,inf,2023-09-12_2023-09-26
0.0,3,PPI m/m|FOMC|CPI y/y,Bad|Neutral|Neutral,1,1,0,100.0,0.0,inf,2024-12-05_2024-12-19
0.1,3,PPI m/m|FOMC|CPI y/y,Neutral|Neutral|Neutral,1,0,1,0.0,100.0,0.0,2023-04-30_2023-05-14
0.1,3,PPI m/m|FOMC|CPI y/y,Bad|Neutral|Bad,1,1,0,100.0,0.0,inf,2023-09-12_2023-09-26
0.1,3,PPI m/m|FOMC|CPI y/y,Good|Neutral|Good,1,1,0,100.0,0.0,inf,2024-06-08_2024-06-22
0.1,3,PPI m/m|FOMC|CPI y/y,Bad|Neutral|Neutral,1,1,0,100.0,0.0,inf,2024-12-05_2024-12-19
0.2,3,PPI m/m|FOMC|CPI y/y,Neutral|Neutral|Neutral,2,1,1,50.0,50.0,1.0,2023-04-30_2023-05-14|2024-12-05_2024-12-19
0.2,3,PPI m/m|FOMC|CPI y/y,Bad|Neutral|Neutral,1,1,0,100.0,0.0,inf,2023-09-12_2023-09-26
0.2,3,PPI m/m|FOMC|CPI y/y,Good|Neutral|Neutral,1,1,0,100.0,0.0,inf,2024-06-08_2024-06-22
0.3,3,PPI m/m|FOMC|CPI y/y,Neutral|Neutral|Neutral,3,2,1,66.7,33.3,2.0,2023-04-30_2023-05-14|2023-09-12_2023-09-26|2024-12-05_2024-12-19
0.3,3,PPI m/m|FOMC|CPI y/y,Good|Neutral|Neutral,1,1,0,100.0,0.0,inf,2024-06-08_2024-06-22
0.0,3,Core PPI m/m|FOMC|CPI y/y,Neutral|Neutral|Good,1,0,1,0.0,100.0,0.0,2023-04-30_2023-05-14
0.0,3,Core PPI m/m|FOMC|CPI y/y,Neutral|Neutral|Bad,1,1,0,100.0,0.0,inf,2023-09-12_2023-09-26
0.0,3,Core PPI m/m|FOMC|CPI y/y,Good|Neutral|Good,1,1,0,100.0,0.0,inf,2024-06-08_2024-06-22
0.0,3,Core PPI m/m|FOMC|CPI y/y,Neutral|Neutral|Neutral,1,1,0,100.0,0.0,inf,2024-12-05_2024-12-19
0.1,3,Core PPI m/m|FOMC|CPI y/y,Neutral|Neutral|Neutral,2,1,1,50.0,50.0,1.0,2023-04-30_2023-05-14|2024-12-05_2024-12-19
0.1,3,Core PPI m/m|FOMC|CPI y/y,Neutral|Neutral|Bad,1,1,0,100.0,0.0,inf,2023-09-12_2023-09-26
0.1,3,Core PPI m/m|FOMC|CPI y/y,Good|Neutral|Good,1,1,0,100.0,0.0,inf,2024-06-08_2024-06-22
0.2,3,Core PPI m/m|FOMC|CPI y/y,Neutral|Neutral|Neutral,3,2,1,66.7,33.3,2.0,2023-04-30_2023-05-14|2023-09-12_2023-09-26|2024-12-05_2024-12-19
0.2,3,Core PPI m/m|FOMC|CPI y/y,Good|Neutral|Neutral,1,1,0,100.0,0.0,inf,2024-06-08_2024-06-22
0.3,3,Core PPI m/m|FOMC|CPI y/y,Neutral|Neutral|Neutral,4,3,1,75.0,25.0,3.0,2023-04-30_2023-05-14|2023-09-12_2023-09-26|2024-06-08_2024-06-22|2024-12-05_2024-12-19
0.0,4,CPI m/m|Core CPI m/m|PPI m/m|Core PPI m/m,Neutral|Neutral|Good|Good,3,2,1,66.7,33.3,2.0,2018-08-09_2018-08-23|2022-03-06_2022-03-20|2024-08-07_2024-08-21
0.0,4,CPI m/m|Core CPI m/m|PPI m/m|Core PPI m/m,Good|Good|Good|Good,8,3,5,37.5,62.5,0.6,2018-09-08_2018-09-22|2020-04-30_2020-05-14|2022-08-03_2022-08-17|2022-11-01_2022-11-15|2023-06-29_2023-07-13|2023-11-11_2023-11-25|2024-06-08_2024-06-22|2025-04-04_2025-04-18
0.0,4,CPI m/m|Core CPI m/m|PPI m/m|Core PPI m/m,Good|Good|Neutral|Neutral,1,0,1,0.0,100.0,0.0,2018-10-08_2018-10-22
0.0,4,CPI m/m|Core CPI m/m|PPI m/m|Core PPI m/m,Neutral|Neutral|Bad|Bad,4,4,0,100.0,0.0,inf,2018-12-07_2018-12-21|2020-10-12_2020-10-26|2023-02-14_2023-02-28|2023-07-29_2023-08-12
0.0,4,CPI m/m|Core CPI m/m|PPI m/m|Core PPI m/m,Good|Neutral|Good|Bad,1,1,0,100.0,0.0,inf,2019-02-05_2019-02-19
0.0,4,CPI m/m|Core CPI m/m|PPI m/m|Core PPI m/m,Neutral|Good|Good|Good,3,2,1,66.7,33.3,2.0,2019-03-07_2019-03-21|2020-01-01_2020-01-15|2025-07-03_2025-07-17
0.0,4,CPI m/m|Core CPI m/m|PPI m/m|Core PPI m/m,Bad|Good|Bad|Bad,1,1,0,100.0,0.0,inf,2019-04-06_2019-04-20
0.0,4,CPI m/m|Core CPI m/m|PPI m/m|Core PPI m/m,Good|Good|Neutral|Good,1,0,1,0.0,100.0,0.0,2019-05-06_2019-05-20
0.0,4,CPI m/m|Core CPI m/m|PPI m/m|Core PPI m/m,Neutral|Good|Neutral|Neutral,1,0,1,0.0,100.0,0.0,2019-06-05_2019-06-19
0.0,4,CPI m/m|Core CPI m/m|PPI m/m|Core PPI m/m,Neutral|Bad|Neutral|Good,1,1,0,100.0,0.0,inf,2019-08-04_2019-08-18
0.0,4,CPI m/m|Core CPI m/m|PPI m/m|Core PPI m/m,Bad|Neutral|Good|Good,2,1,1,50.0,50.0,1.0,2019-12-02_2019-12-16|2024-01-10_2024-01-24
0.0,4,CPI m/m|Core CPI m/m|PPI m/m|Core PPI m/m,Good|Good|Bad|Neutral,1,0,1,0.0,100.0,0.0,2020-05-30_2020-06-13
0.0,4,CPI m/m|Core CPI m/m|PPI m/m|Core PPI m/m,Bad|Bad|Bad|Bad,4,3,1,75.0,25.0,3.0,2020-07-29_2020-08-12|2020-08-28_2020-09-11|2021-07-09_2021-07-23|2022-02-04_2022-02-18
0.0,4,CPI m/m|Core CPI m/m|PPI m/m|Core PPI m/m,Bad|Bad|Neutral|Good,1,1,0,100.0,0.0,inf,2022-06-04_2022-06-18
0.0,4,CPI m/m|Core CPI m/m|PPI m/m|Core PPI m/m,Good|Neutral|Good|Good,1,0,1,0.0,100.0,0.0,2023-03-31_2023-04-14
0.0,4,CPI m/m|Core CPI m/m|PPI m/m|Core PPI m/m,Neutral|Bad|Good|Neutral,1,0,1,0.0,100.0,0.0,2023-04-30_2023-05-14
0.0,4,CPI m/m|Core CPI m/m|PPI m/m|Core PPI m/m,Neutral|Bad|Bad|Neutral,1,1,0,100.0,0.0,inf,2023-09-12_2023-09-26
0.0,4,CPI m/m|Core CPI m/m|PPI m/m|Core PPI m/m,Good|Neutral|Bad|Bad,1,0,1,0.0,100.0,0.0,2024-05-09_2024-05-23
0.0,4,CPI m/m|Core CPI m/m|PPI m/m|Core PPI m/m,Good|Good|Bad|Bad,1,1,0,100.0,0.0,inf,2024-07-08_2024-07-22
0.0,4,CPI m/m|Core CPI m/m|PPI m/m|Core PPI m/m,Bad|Bad|Good|Neutral,1,1,0,100.0,0.0,inf,2024-10-06_2024-10-20
0.0,4,CPI m/m|Core CPI m/m|PPI m/m|Core PPI m/m,Neutral|Neutral|Bad|Neutral,1,1,0,100.0,0.0,inf,2024-12-05_2024-12-19
0.1,4,CPI m/m|Core CPI m/m|PPI m/m|Core PPI m/m,Neutral|Neutral|Good|Neutral,2,2,0,100.0,0.0,inf,2018-08-09_2018-08-23|2019-02-05_2019-02-19
0.1,4,CPI m/m|Core CPI m/m|PPI m/m|Core PPI m/m,Neutral|Neutral|Good|Good,8,4,4,50.0,50.0,1.0,2018-09-08_2018-09-22|2019-12-02_2019-12-16|2022-03-06_2022-03-20|2023-03-31_2023-04-14|2023-11-11_2023-11-25|2024-01-10_2024-01-24|2024-06-08_2024-06-22|2025-07-03_2025-07-17
0.1,4,CPI m/m|Core CPI m/m|PPI m/m|Core PPI m/m,Neutral|Neutral|Neutral|Neutral,7,3,4,42.9,57.1,0.75,2018-10-08_2018-10-22|2019-03-07_2019-03-21|2019-06-05_2019-06-19|2020-01-01_2020-01-15|2023-06-29_2023-07-13|2023-07-29_2023-08-12|2024-10-06_2024-10-20
0.1,4,CPI m/m|Core CPI m/m|PPI m/m|Core PPI m/m,Neutral|Neutral|Neutral|Bad,1,1,0,100.0,0.0,inf,2018-12-07_2018-12-21
0.1,4,CPI m/m|Core CPI m/m|PPI m/m|Core PPI m/m,Bad|Neutral|Bad|Neutral,1,1,0,100.0,0.0,inf,2019-04-06_2019-04-20
0.1,4,CPI m/m|Core CPI m/m|PPI m/m|Core PPI m/m,Good|Neutral|Neutral|Neutral,1,0,1,0.0,100.0,0.0,2019-05-06_2019-05-20
0.1,4,CPI m/m|Core CPI m/m|PPI m/m|Core PPI m/m,Neutral|Neutral|Neutral|Good,2,2,0,100.0,0.0,inf,2019-08-04_2019-08-18|2024-08-07_2024-08-21
0.1,4,CPI m/m|Core CPI m/m|PPI m/m|Core PPI m/m,Good|Good|Good|Good,4,1,3,25.0,75.0,0.33,2020-04-30_2020-05-14|2022-08-03_2022-08-17|2022-11-01_2022-11-15|2025-04-04_2025-04-18
0.1,4,CPI m/m|Core CPI m/m|PPI m/m|Core PPI m/m,Neutral|Neutral|Bad|Neutral,3,2,1,66.7,33.3,2.0,2020-05-30_2020-06-13|2023-09-12_2023-09-26|2024-12-05_2024-12-19
0.1,4,CPI m/m|Core CPI m/m|PPI m/m|Core PPI m/m,Bad|Bad|Bad|Bad,2,1,1,50.0,50.0,1.0,2020-07-29_2020-08-12|2021-07-09_2021-07-23
0.1,4,CPI m/m|Core CPI m/m|PPI m/m|Core PPI m/m,Bad|Bad|Neutral|Bad,1,1,0,100.0,0.0,inf,2020-08-28_2020-09-11
0.1,4,CPI m/m|Core CPI m/m|PPI m/m|Core PPI m/m,Neutral|Neutral|Bad|Bad,2,2,0,100.0,0.0,inf,2020-10-12_2020-10-26|2023-02-14_2023-02-28
0.1,4,CPI m/m|Core CPI m/m|PPI m/m|Core PPI m/m,Bad|Neutral|Bad|Bad,1,1,0,100.0,0.0,inf,2022-02-04_2022-02-18
0.1,4,CPI m/m|Core CPI m/m|PPI m/m|Core PPI m/m,Bad|Neutral|Neutral|Neutral,1,1,0,100.0,0.0,inf,2022-06-04_2022-06-18
0.1,4,CPI m/m|Core CPI m/m|PPI m/m|Core PPI m/m,Neutral|Bad|Neutral|Neutral,1,0,1,0.0,100.0,0.0,2023-04-30_2023-05-14
0.1,4,CPI m/m|Core CPI m/m|PPI m/m|Core PPI m/m,Good|Neutral|Bad|Bad,1,0,1,0.0,100.0,0.0,2024-05-09_2024-05-23
0.1,4,CPI m/m|Core CPI m/m|PPI m/m|Core PPI m/m,Good|Neutral|Neutral|Bad,1,1,0,100.0,0.0,inf,2024-07-08_2024-07-22
0.2,4,CPI m/m|Core CPI m/m|PPI m/m|Core PPI m/m,Neutral|Neutral|Neutral|Neutral,19,12,7,63.2,36.8,1.71,2018-08-09_2018-08-23|2018-10-08_2018-10-22|2018-12-07_2018-12-21|2019-02-05_2019-02-19|2019-03-07_2019-03-21|2019-05-06_2019-05-20|2019-06-05_2019-06-19|2020-01-01_2020-01-15|2020-08-28_2020-09-11|2020-10-12_2020-10-26|2023-04-30_2023-05-14|2023-06-29_2023-07-13|2023-07-29_2023-08-12|2024-01-10_2024-01-24|2024-07-08_2024-07-22|2024-08-07_2024-08-21|2024-10-06_2024-10-20|2024-12-05_2024-12-19|2025-07-03_2025-07-17
0.2,4,CPI m/m|Core CPI m/m|PPI m/m|Core PPI m/m,Neutral|Neutral|Good|Good,5,2,3,40.0,60.0,0.67,2018-09-08_2018-09-22|2023-03-31_2023-04-14|2023-11-11_2023-11-25|2024-06-08_2024-06-22|2025-04-04_2025-04-18
0.2,4,CPI m/m|Core CPI m/m|PPI m/m|Core PPI m/m,Neutral|Neutral|Bad|Neutral,4,3,1,75.0,25.0,3.0,2019-04-06_2019-04-20|2020-05-30_2020-06-13|2023-02-14_2023-02-28|2023-09-12_2023-09-26
0.2,4,CPI m/m|Core CPI m/m|PPI m/m|Core PPI m/m,Neutral|Neutral|Neutral|Good,4,2,2,50.0,50.0,1.0,2019-08-04_2019-08-18|2019-12-02_2019-12-16|2022-03-06_2022-03-20|2022-11-01_2022-11-15
0.2,4,CPI m/m|Core CPI m/m|PPI m/m|Core PPI m/m,Neutral|Neutral|Good|Neutral,2,1,1,50.0,50.0,1.0,2020-04-30_2020-05-14|2022-08-03_2022-08-17
0.2,4,CPI m/m|Core CPI m/m|PPI m/m|Core PPI m/m,Bad|Bad|Bad|Bad,2,1,1,50.0,50.0,1.0,2020-07-29_2020-08-12|2021-07-09_2021-07-23
0.2,4,CPI m/m|Core CPI m/m|PPI m/m|Core PPI m/m,Neutral|Neutral|Bad|Bad,1,1,0,100.0,0.0,inf,2022-02-04_2022-02-18
0.2,4,CPI m/m|Core CPI m/m|PPI m/m|Core PPI m/m,Bad|Neutral|Neutral|Neutral,1,1,0,100.0,0.0,inf,2022-06-04_2022-06-18
0.2,4,CPI m/m|Core CPI m/m|PPI m/m|Core PPI m/m,Neutral|Neutral|Neutral|Bad,1,0,1,0.0,100.0,0.0,2024-05-09_2024-05-23
0.3,4,CPI m/m|Core CPI m/m|PPI m/m|Core PPI m/m,Neutral|Neutral|Neutral|Neutral,24,15,9,62.5,37.5,1.67,2018-08-09_2018-08-23|2018-10-08_2018-10-22|2018-12-07_2018-12-21|2019-02-05_2019-02-19|2019-03-07_2019-03-21|2019-04-06_2019-04-20|2019-05-06_2019-05-20|2019-06-05_2019-06-19|2020-01-01_2020-01-15|2020-08-28_2020-09-11|2020-10-12_2020-10-26|2022-11-01_2022-11-15|2023-02-14_2023-02-28|2023-04-30_2023-05-14|2023-06-29_2023-07-13|2023-07-29_2023-08-12|2023-09-12_2023-09-26|2024-01-10_2024-01-24|2024-05-09_2024-05-23|2024-07-08_2024-07-22|2024-08-07_2024-08-21|2024-10-06_2024-10-20|2024-12-05_2024-12-19|2025-07-03_2025-07-17
0.3,4,CPI m/m|Core CPI m/m|PPI m/m|Core PPI m/m,Neutral|Neutral|Good|Good,3,1,2,33.3,66.7,0.5,2018-09-08_2018-09-22|2023-03-31_2023-04-14|2025-04-04_2025-04-18
0.3,4,CPI m/m|Core CPI m/m|PPI m/m|Core PPI m/m,Neutral|Neutral|Neutral|Good,3,2,1,66.7,33.3,2.0,2019-08-04_2019-08-18|2019-12-02_2019-12-16|2022-03-06_2022-03-20
0.3,4,CPI m/m|Core CPI m/m|PPI m/m|Core PPI m/m,Neutral|Neutral|Good|Neutral,4,2,2,50.0,50.0,1.0,2020-04-30_2020-05-14|2022-08-03_2022-08-17|2023-11-11_2023-11-25|2024-06-08_2024-06-22
0.3,4,CPI m/m|Core CPI m/m|PPI m/m|Core PPI m/m,Neutral|Neutral|Bad|Neutral,1,0,1,0.0,100.0,0.0,2020-05-30_2020-06-13
0.3,4,CPI m/m|Core CPI m/m|PPI m/m|Core PPI m/m,Neutral|Bad|Neutral|Bad,1,0,1,0.0,100.0,0.0,2020-07-29_2020-08-12
0.3,4,CPI m/m|Core CPI m/m|PPI m/m|Core PPI m/m,Bad|Bad|Bad|Bad,1,1,0,100.0,0.0,inf,2021-07-09_2021-07-23
0.3,4,CPI m/m|Core CPI m/m|PPI m/m|Core PPI m/m,Neutral|Neutral|Bad|Bad,1,1,0,100.0,0.0,inf,2022-02-04_2022-02-18
0.3,4,CPI m/m|Core CPI m/m|PPI m/m|Core PPI m/m,Bad|Neutral|Neutral|Neutral,1,1,0,100.0,0.0,inf,2022-06-04_2022-06-18
0.0,4,CPI m/m|Core CPI m/m|PPI m/m|FOMC,Neutral|Bad|Good|Neutral,1,0,1,0.0,100.0,0.0,2023-04-30_2023-05-14
0.0,4,CPI m/m|Core CPI m/m|PPI m/m|FOMC,Neutral|Bad|Bad|Neutral,1,1,0,100.0,0.0,inf,2023-09-12_2023-09-26
0.0,4,CPI m/m|Core CPI m/m|PPI m/m|FOMC,Good|Good|Good|Neutral,1,1,0,100.0,0.0,inf,2024-06-08_2024-06-22
0.0,4,CPI m/m|Core CPI m/m|PPI m/m|FOMC,Neutral|Neutral|Bad|Neutral,1,1,0,100.0,0.0,inf,2024-12-05_2024-12-19
0.1,4,CPI m/m|Core CPI m/m|PPI m/m|FOMC,Neutral|Bad|Neutral|Neutral,1,0,1,0.0,100.0,0.0,2023-04-30_2023-05-14
0.1,4,CPI m/m|Core CPI m/m|PPI m/m|FOMC,Neutral|Neutral|Bad|Neutral,2,2,0,100.0,0.0,inf,2023-09-12_2023-09-26|2024-12-05_2024-12-19
0.1,4,CPI m/m|Core CPI m/m|PPI m/m|FOMC,Neutral|Neutral|Good|Neutral,1,1,0,100.0,0.0,inf,2024-06-08_2024-06-22
0.2,4,CPI m/m|Core CPI m/m|PPI m/m|FOMC,Neutral|Neutral|Neutral|Neutral,2,1,1,50.0,50.0,1.0,2023-04-30_2023-05-14|2024-12-05_2024-12-19
0.2,4,CPI m/m|Core CPI m/m|PPI m/m|FOMC,Neutral|Neutral|Bad|Neutral,1,1,0,100.0,0.0,inf,2023-09-12_2023-09-26
0.2,4,CPI m/m|Core CPI m/m|PPI m/m|FOMC,Neutral|Neutral|Good|Neutral,1,1,0,100.0,0.0,inf,2024-06-08_2024-06-22
0.3,4,CPI m/m|Core CPI m/m|PPI m/m|FOMC,Neutral|Neutral|Neutral|Neutral,3,2,1,66.7,33.3,2.0,2023-04-30_2023-05-14|2023-09-12_2023-09-26|2024-12-05_2024-12-19
0.3,4,CPI m/m|Core CPI m/m|PPI m/m|FOMC,Neutral|Neutral|Good|Neutral,1,1,0,100.0,0.0,inf,2024-06-08_2024-06-22
0.0,4,CPI m/m|Core CPI m/m|PPI m/m|CPI y/y,Neutral|Neutral|Good|Neutral,2,1,1,50.0,50.0,1.0,2018-08-09_2018-08-23|2022-03-06_2022-03-20
0.0,4,CPI m/m|Core CPI m/m|PPI m/m|CPI y/y,Good|Good|Good|Good,8,3,5,37.5,62.5,0.6,2018-09-08_2018-09-22|2020-04-30_2020-05-14|2022-08-03_2022-08-17|2022-11-01_2022-11-15|2023-06-29_2023-07-13|2023-11-11_2023-11-25|2024-06-08_2024-06-22|2025-04-04_2025-04-18
0.0,4,CPI m/m|Core CPI m/m|PPI m/m|CPI y/y,Good|Good|Neutral|Good,2,0,2,0.0,100.0,0.0,2018-10-08_2018-10-22|2019-05-06_2019-05-20
0.0,4,CPI m/m|Core CPI m/m|PPI m/m|CPI y/y,Neutral|Neutral|Bad|Neutral,3,3,0,100.0,0.0,inf,2018-12-07_2018-12-21|2020-10-12_2020-10-26|2024-12-05_2024-12-19
0.0,4,CPI m/m|Core CPI m/m|PPI m/m|CPI y/y,Good|Neutral|Good|Bad,1,1,0,100.0,0.0,inf,2019-02-05_2019-02-19
0.0,4,CPI m/m|Core CPI m/m|PPI m/m|CPI y/y,Neutral|Good|Good|Good,1,0,1,0.0,100.0,0.0,2019-03-07_2019-03-21
0.0,4,CPI m/m|Core CPI m/m|PPI m/m|CPI y/y,Bad|Good|Bad|Bad,1,1,0,100.0,0.0,inf,2019-04-06_2019-04-20
0.0,4,CPI m/m|Core CPI m/m|PPI m/m|CPI y/y,Neutral|Good|Neutral|Good,1,0,1,0.0,100.0,0.0,2019-06-05_2019-06-19
0.0,4,CPI m/m|Core CPI m/m|PPI m/m|CPI y/y,Neutral|Bad|Neutral|Bad,1,1,0,100.0,0.0,inf,2019-08-04_2019-08-18
0.0,4,CPI m/m|Core CPI m/m|PPI m/m|CPI y/y,Bad|Neutral|Good|Bad,2,1,1,50.0,50.0,1.0,2019-12-02_2019-12-16|2024-01-10_2024-01-24
0.0,4,CPI m/m|Core CPI m/m|PPI m/m|CPI y/y,Neutral|Good|Good|Neutral,1,1,0,100.0,0.0,inf,2020-01-01_2020-01-15
0.0,4,CPI m/m|Core CPI m/m|PPI m/m|CPI y/y,Good|Good|Bad|Good,2,1,1,50.0,50.0,1.0,2020-05-30_2020-06-13|2024-07-08_2024-07-22
0.0,4,CPI m/m|Core CPI m/m|PPI m/m|CPI y/y,Bad|Bad|Bad|Bad,4,3,1,75.0,25.0,3.0,2020-07-29_2020-08-12|2020-08-28_2020-09-11|2021-07-09_2021-07-23|2022-02-04_2022-02-18
0.0,4,CPI m/m|Core CPI m/m|PPI m/m|CPI y/y,Bad|Bad|Neutral|Bad,1,1,0,100.0,0.0,inf,2022-06-04_2022-06-18
0.0,4,CPI m/m|Core CPI m/m|PPI m/m|CPI y/y,Neutral|Neutral|Bad|Bad,1,1,0,100.0,0.0,inf,2023-02-14_2023-02-28
0.0,4,CPI m/m|Core CPI m/m|PPI m/m|CPI y/y,Good|Neutral|Good|Good,1,0,1,0.0,100.0,0.0,2023-03-31_2023-04-14
0.0,4,CPI m/m|Core CPI m/m|PPI m/m|CPI y/y,Neutral|Bad|Good|Good,1,0,1,0.0,100.0,0.0,2023-04-30_2023-05-14
0.0,4,CPI m/m|Core CPI m/m|PPI m/m|CPI y/y,Neutral|Neutral|Bad|Good,1,1,0,100.0,0.0,inf,2023-07-29_2023-08-12
0.0,4,CPI m/m|Core CPI m/m|PPI m/m|CPI y/y,Neutral|Bad|Bad|Bad,1,1,0,100.0,0.0,inf,2023-09-12_2023-09-26
0.0,4,CPI m/m|Core CPI m/m|PPI m/m|CPI y/y,Good|Neutral|Bad|Neutral,1,0,1,0.0,100.0,0.0,2024-05-09_2024-05-23
0.0,4,CPI m/m|Core CPI m/m|PPI m/m|CPI y/y,Neutral|Neutral|Good|Good,1,1,0,100.0,0.0,inf,2024-08-07_2024-08-21
0.0,4,CPI m/m|Core CPI m/m|PPI m/m|CPI y/y,Bad|Bad|Good|Bad,1,1,0,100.0,0.0,inf,2024-10-06_2024-10-20
0.0,4,CPI m/m|Core CPI m/m|PPI m/m|CPI y/y,Neutral|Good|Good|Bad,1,1,0,100.0,0.0,inf,2025-07-03_2025-07-17
0.1,4,CPI m/m|Core CPI m/m|PPI m/m|CPI y/y,Neutral|Neutral|Good|Neutral,5,2,3,40.0,60.0,0.67,2018-08-09_2018-08-23|2018-09-08_2018-09-22|2022-03-06_2022-03-20|2023-03-31_2023-04-14|2023-11-11_2023-11-25
0.1,4,CPI m/m|Core CPI m/m|PPI m/m|CPI y/y,Neutral|Neutral|Neutral|Good,4,1,3,25.0,75.0,0.33,2018-10-08_2018-10-22|2019-03-07_2019-03-21|2023-06-29_2023-07-13|2024-08-07_2024-08-21
0.1,4,CPI m/m|Core CPI m/m|PPI m/m|CPI y/y,Neutral|Neutral|Neutral|Neutral,4,3,1,75.0,25.0,3.0,2018-12-07_2018-12-21|2019-06-05_2019-06-19|2020-01-01_2020-01-15|2023-07-29_2023-08-12
0.1,4,CPI m/m|Core CPI m/m|PPI m/m|CPI y/y,Neutral|Neutral|Good|Bad,4,3,1,75.0,25.0,3.0,2019-02-05_2019-02-19|2019-12-02_2019-12-16|2024-01-10_2024-01-24|2025-07-03_2025-07-17
0.1,4,CPI m/m|Core CPI m/m|PPI m/m|CPI y/y,Bad|Neutral|Bad|Neutral,1,1,0,100.0,0.0,inf,2019-04-06_2019-04-20
0.1,4,CPI m/m|Core CPI m/m|PPI m/m|CPI y/y,Good|Neutral|Neutral|Good,2,1,1,50.0,50.0,1.0,2019-05-06_2019-05-20|2024-07-08_2024-07-22
0.1,4,CPI m/m|Core CPI m/m|PPI m/m|CPI y/y,Neutral|Neutral|Neutral|Bad,2,2,0,100.0,0.0,inf,2019-08-04_2019-08-18|2024-10-06_2024-10-20
0.1,4,CPI m/m|Core CPI m/m|PPI m/m|CPI y/y,Good|Good|Good|Good,4,1,3,25.0,75.0,0.33,2020-04-30_2020-05-14|2022-08-03_2022-08-17|2022-11-01_2022-11-15|2025-04-04_2025-04-18
0.1,4,CPI m/m|Core CPI m/m|PPI m/m|CPI y/y,Neutral|Neutral|Bad|Good,1,0,1,0.0,100.0,0.0,2020-05-30_2020-06-13
0.1,4,CPI m/m|Core CPI m/m|PPI m/m|CPI y/y,Bad|Bad|Bad|Bad,2,1,1,50.0,50.0,1.0,2020-07-29_2020-08-12|2021-07-09_2021-07-23
0.1,4,CPI m/m|Core CPI m/m|PPI m/m|CPI y/y,Bad|Bad|Neutral|Bad,1,1,0,100.0,0.0,inf,2020-08-28_2020-09-11
0.1,4,CPI m/m|Core CPI m/m|PPI m/m|CPI y/y,Neutral|Neutral|Bad|Neutral,2,2,0,100.0,0.0,inf,2020-10-12_2020-10-26|2024-12-05_2024-12-19
0.1,4,CPI m/m|Core CPI m/m|PPI m/m|CPI y/y,Bad|Neutral|Bad|Bad,1,1,0,100.0,0.0,inf,2022-02-04_2022-02-18
0.1,4,CPI m/m|Core CPI m/m|PPI m/m|CPI y/y,Bad|Neutral|Neutral|Bad,1,1,0,100.0,0.0,inf,2022-06-04_2022-06-18
0.1,4,CPI m/m|Core CPI m/m|PPI m/m|CPI y/y,Neutral|Neutral|Bad|Bad,2,2,0,100.0,0.0,inf,2023-02-14_2023-02-28|2023-09-12_2023-09-26
0.1,4,CPI m/m|Core CPI m/m|PPI m/m|CPI y/y,Neutral|Bad|Neutral|Neutral,1,0,1,0.0,100.0,0.0,2023-04-30_2023-05-14
0.1,4,CPI m/m|Core CPI m/m|PPI m/m|CPI y/y,Good|Neutral|Bad|Neutral,1,0,1,0.0,100.0,0.0,2024-05-09_2024-05-23
0.1,4,CPI m/m|Core CPI m/m|PPI m/m|CPI y/y,Neutral|Neutral|Good|Good,1,1,0,100.0,0.0,inf,2024-06-08_2024-06-22
0.2,4,CPI m/m|Core CPI m/m|PPI m/m|CPI y/y,Neutral|Neutral|Neutral|Neutral,23,14,9,60.9,39.1,1.56,2018-08-09_2018-08-23|2018-10-08_2018-10-22|2018-12-07_2018-12-21|2019-02-05_2019-02-19|2019-03-07_2019-03-21|2019-05-06_2019-05-20|2019-06-05_2019-06-19|2019-08-04_2019-08-18|2019-12-02_2019-12-16|2020-01-01_2020-01-15|2020-08-28_2020-09-11|2020-10-12_2020-10-26|2022-03-06_2022-03-20|2023-04-30_2023-05-14|2023-06-29_2023-07-13|2023-07-29_2023-08-12|2024-01-10_2024-01-24|2024-05-09_2024-05-23|2024-07-08_2024-07-22|2024-08-07_2024-08-21|2024-10-06_2024-10-20|2024-12-05_2024-12-19|2025-07-03_2025-07-17
0.2,4,CPI m/m|Core CPI m/m|PPI m/m|CPI y/y,Neutral|Neutral|Good|Neutral,7,3,4,42.9,57.1,0.75,2018-09-08_2018-09-22|2020-04-30_2020-05-14|2022-08-03_2022-08-17|2023-03-31_2023-04-14|2023-11-11_2023-11-25|2024-06-08_2024-06-22|2025-04-04_2025-04-18
0.2,4,CPI m/m|Core CPI m/m|PPI m/m|CPI y/y,Neutral|Neutral|Bad|Neutral,3,2,1,66.7,33.3,2.0,2019-04-06_2019-04-20|2020-05-30_2020-06-13|2023-09-12_2023-09-26
0.2,4,CPI m/m|Core CPI m/m|PPI m/m|CPI y/y,Bad|Bad|Bad|Bad,2,1,1,50.0,50.0,1.0,2020-07-29_2020-08-12|2021-07-09_2021-07-23
0.2,4,CPI m/m|Core CPI m/m|PPI m/m|CPI y/y,Neutral|Neutral|Bad|Bad,2,2,0,100.0,0.0,inf,2022-02-04_2022-02-18|2023-02-14_2023-02-28
0.2,4,CPI m/m|Core CPI m/m|PPI m/m|CPI y/y,Bad|Neutral|Neutral|Bad,1,1,0,100.0,0.0,inf,2022-06-04_2022-06-18
0.2,4,CPI m/m|Core CPI m/m|PPI m/m|CPI y/y,Neutral|Neutral|Neutral|Good,1,0,1,0.0,100.0,0.0,2022-11-01_2022-11-15
0.3,4,CPI m/m|Core CPI m/m|PPI m/m|CPI y/y,Neutral|Neutral|Neutral|Neutral,27,17,10,63.0,37.0,1.7,2018-08-09_2018-08-23|2018-10-08_2018-10-22|2018-12-07_2018-12-21|2019-02-05_2019-02-19|2019-03-07_2019-03-21|2019-04-06_2019-04-20|2019-05-06_2019-05-20|2019-06-05_2019-06-19|2019-08-04_2019-08-18|2019-12-02_2019-12-16|2020-01-01_2020-01-15|2020-08-28_2020-09-11|2020-10-12_2020-10-26|2022-03-06_2022-03-20|2022-11-01_2022-11-15|2023-02-14_2023-02-28|2023-04-30_2023-05-14|2023-06-29_2023-07-13|2023-07-29_2023-08-12|2023-09-12_2023-09-26|2024-01-10_2024-01-24|2024-05-09_2024-05-23|2024-07-08_2024-07-22|2024-08-07_2024-08-21|2024-10-06_2024-10-20|2024-12-05_2024-12-19|2025-07-03_2025-07-17
0.3,4,CPI m/m|Core CPI m/m|PPI m/m|CPI y/y,Neutral|Neutral|Good|Neutral,7,3,4,42.9,57.1,0.75,2018-09-08_2018-09-22|2020-04-30_2020-05-14|2022-08-03_2022-08-17|2023-03-31_2023-04-14|2023-11-11_2023-11-25|2024-06-08_2024-06-22|2025-04-04_2025-04-18
0.3,4,CPI m/m|Core CPI m/m|PPI m/m|CPI y/y,Neutral|Neutral|Bad|Neutral,2,1,1,50.0,50.0,1.0,2020-05-30_2020-06-13|2022-02-04_2022-02-18
0.3,4,CPI m/m|Core CPI m/m|PPI m/m|CPI y/y,Neutral|Bad|Neutral|Bad,1,0,1,0.0,100.0,0.0,2020-07-29_2020-08-12
0.3,4,CPI m/m|Core CPI m/m|PPI m/m|CPI y/y,Bad|Bad|Bad|Bad,1,1,0,100.0,0.0,inf,2021-07-09_2021-07-23
0.3,4,CPI m/m|Core CPI m/m|PPI m/m|CPI y/y,Bad|Neutral|Neutral|Neutral,1,1,0,100.0,0.0,inf,2022-06-04_2022-06-18
0.0,4,CPI m/m|Core CPI m/m|Core PPI m/m|FOMC,Neutral|Bad|Neutral|Neutral,2,1,1,50.0,50.0,1.0,2023-04-30_2023-05-14|2023-09-12_2023-09-26
0.0,4,CPI m/m|Core CPI m/m|Core PPI m/m|FOMC,Good|Good|Good|Neutral,1,1,0,100.0,0.0,inf,2024-06-08_2024-06-22
0.0,4,CPI m/m|Core CPI m/m|Core PPI m/m|FOMC,Neutral|Neutral|Neutral|Neutral,1,1,0,100.0,0.0,inf,2024-12-05_2024-12-19
0.1,4,CPI m/m|Core CPI m/m|Core PPI m/m|FOMC,Neutral|Bad|Neutral|Neutral,1,0,1,0.0,100.0,0.0,2023-04-30_2023-05-14
0.1,4,CPI m/m|Core CPI m/m|Core PPI m/m|FOMC,Neutral|Neutral|Neutral|Neutral,2,2,0,100.0,0.0,inf,2023-09-12_2023-09-26|2024-12-05_2024-12-19
0.1,4,CPI m/m|Core CPI m/m|Core PPI m/m|FOMC,Neutral|Neutral|Good|Neutral,1,1,0,100.0,0.0,inf,2024-06-08_2024-06-22
0.2,4,CPI m/m|Core CPI m/m|Core PPI m/m|FOMC,Neutral|Neutral|Neutral|Neutral,3,2,1,66.7,33.3,2.0,2023-04-30_2023-05-14|2023-09-12_2023-09-26|2024-12-05_2024-12-19
0.2,4,CPI m/m|Core CPI m/m|Core PPI m/m|FOMC,Neutral|Neutral|Good|Neutral,1,1,0,100.0,0.0,inf,2024-06-08_2024-06-22
0.3,4,CPI m/m|Core CPI m/m|Core PPI m/m|FOMC,Neutral|Neutral|Neutral|Neutral,4,3,1,75.0,25.0,3.0,2023-04-30_2023-05-14|2023-09-12_2023-09-26|2024-06-08_2024-06-22|2024-12-05_2024-12-19
0.0,4,CPI m/m|Core CPI m/m|Core PPI m/m|CPI y/y,Neutral|Neutral|Good|Neutral,2,1,1,50.0,50.0,1.0,2018-08-09_2018-08-23|2022-03-06_2022-03-20
0.0,4,CPI m/m|Core CPI m/m|Core PPI m/m|CPI y/y,Good|Good|Good|Good,9,3,6,33.3,66.7,0.5,2018-09-08_2018-09-22|2019-05-06_2019-05-20|2020-04-30_2020-05-14|2022-08-03_2022-08-17|2022-11-01_2022-11-15|2023-06-29_2023-07-13|2023-11-11_2023-11-25|2024-06-08_2024-06-22|2025-04-04_2025-04-18
0.0,4,CPI m/m|Core CPI m/m|Core PPI m/m|CPI y/y,Good|Good|Neutral|Good,2,0,2,0.0,100.0,0.0,2018-10-08_2018-10-22|2020-05-30_2020-06-13
0.0,4,CPI m/m|Core CPI m/m|Core PPI m/m|CPI y/y,Neutral|Neutral|Bad|Neutral,2,2,0,100.0,0.0,inf,2018-12-07_2018-12-21|2020-10-12_2020-10-26
0.0,4,CPI m/m|Core CPI m/m|Core PPI m/m|CPI y/y,Good|Neutral|Bad|Bad,1,1,0,100.0,0.0,inf,2019-02-05_2019-02-19
0.0,4,CPI m/m|Core CPI m/m|Core PPI m/m|CPI y/y,Neutral|Good|Good|Good,1,0,1,0.0,100.0,0.0,2019-03-07_2019-03-21
0.0,4,CPI m/m|Core CPI m/m|Core PPI m/m|CPI y/y,Bad|Good|Bad|Bad,1,1,0,100.0,0.0,inf,2019-04-06_2019-04-20
0.0,4,CPI m/m|Core CPI m/m|Core PPI m/m|CPI y/y,Neutral|Good|Neutral|Good,1,0,1,0.0,100.0,0.0,2019-06-05_2019-06-19
0.0,4,CPI m/m|Core CPI m/m|Core PPI m/m|CPI y/y,Neutral|Bad|Good|Bad,1,1,0,100.0,0.0,inf,2019-08-04_2019-08-18
0.0,4,CPI m/m|Core CPI m/m|Core PPI m/m|CPI y/y,Bad|Neutral|Good|Bad,2,1,1,50.0,50.0,1.0,2019-12-02_2019-12-16|2024-01-10_2024-01-24
0.0,4,CPI m/m|Core CPI m/m|Core PPI m/m|CPI y/y,Neutral|Good|Good|Neutral,1,1,0,100.0,0.0,inf,2020-01-01_2020-01-15
0.0,4,CPI m/m|Core CPI m/m|Core PPI m/m|CPI y/y,Bad|Bad|Bad|Bad,4,3,1,75.0,25.0,3.0,2020-07-29_2020-08-12|2020-08-28_2020-09-11|2021-07-09_2021-07-23|2022-02-04_2022-02-18
0.0,4,CPI m/m|Core CPI m/m|Core PPI m/m|CPI y/y,Bad|Bad|Good|Bad,1,1,0,100.0,0.0,inf,2022-06-04_2022-06-18
0.0,4,CPI m/m|Core CPI m/m|Core PPI m/m|CPI y/y,Neutral|Neutral|Bad|Bad,1,1,0,100.0,0.0,inf,2023-02-14_2023-02-28
0.0,4,CPI m/m|Core CPI m/m|Core PPI m/m|CPI y/y,Good|Neutral|Good|Good,1,0,1,0.0,100.0,0.0,2023-03-31_2023-04-14
0.0,4,CPI m/m|Core CPI m/m|Core PPI m/m|CPI y/y,Neutral|Bad|Neutral|Good,1,0,1,0.0,100.0,0.0,2023-04-30_2023-05-14
0.0,4,CPI m/m|Core CPI m/m|Core PPI m/m|CPI y/y,Neutral|Neutral|Bad|Good,1,1,0,100.0,0.0,inf,2023-07-29_2023-08-12
0.0,4,CPI m/m|Core CPI m/m|Core PPI m/m|CPI y/y,Neutral|Bad|Neutral|Bad,1,1,0,100.0,0.0,inf,2023-09-12_2023-09-26
0.0,4,CPI m/m|Core CPI m/m|Core PPI m/m|CPI y/y,Good|Neutral|Bad|Neutral,1,0,1,0.0,100.0,0.0,2024-05-09_2024-05-23
0.0,4,CPI m/m|Core CPI m/m|Core PPI m/m|CPI y/y,Good|Good|Bad|Good,1,1,0,100.0,0.0,inf,2024-07-08_2024-07-22
0.0,4,CPI m/m|Core CPI m/m|Core PPI m/m|CPI y/y,Neutral|Neutral|Good|Good,1,1,0,100.0,0.0,inf,2024-08-07_2024-08-21
0.0,4,CPI m/m|Core CPI m/m|Core PPI m/m|CPI y/y,Bad|Bad|Neutral|Bad,1,1,0,100.0,0.0,inf,2024-10-06_2024-10-20
0.0,4,CPI m/m|Core CPI m/m|Core PPI m/m|CPI y/y,Neutral|Neutral|Neutral|Neutral,1,1,0,100.0,0.0,inf,2024-12-05_2024-12-19
0.0,4,CPI m/m|Core CPI m/m|Core PPI m/m|CPI y/y,Neutral|Good|Good|Bad,1,1,0,100.0,0.0,inf,2025-07-03_2025-07-17
0.1,4,CPI m/m|Core CPI m/m|Core PPI m/m|CPI y/y,Neutral|Neutral|Neutral|Neutral,5,4,1,80.0,20.0,4.0,2018-08-09_2018-08-23|2019-06-05_2019-06-19|2020-01-01_2020-01-15|2023-07-29_2023-08-12|2024-12-05_2024-12-19
0.1,4,CPI m/m|Core CPI m/m|Core PPI m/m|CPI y/y,Neutral|Neutral|Good|Neutral,4,1,3,25.0,75.0,0.33,2018-09-08_2018-09-22|2022-03-06_2022-03-20|2023-03-31_2023-04-14|2023-11-11_2023-11-25
0.1,4,CPI m/m|Core CPI m/m|Core PPI m/m|CPI y/y,Neutral|Neutral|Neutral|Good,4,0,4,0.0,100.0,0.0,2018-10-08_2018-10-22|2019-03-07_2019-03-21|2020-05-30_2020-06-13|2023-06-29_2023-07-13
0.1,4,CPI m/m|Core CPI m/m|Core PPI m/m|CPI y/y,Neutral|Neutral|Bad|Neutral,2,2,0,100.0,0.0,inf,2018-12-07_2018-12-21|2020-10-12_2020-10-26
0.1,4,CPI m/m|Core CPI m/m|Core PPI m/m|CPI y/y,Neutral|Neutral|Neutral|Bad,3,3,0,100.0,0.0,inf,2019-02-05_2019-02-19|2023-09-12_2023-09-26|2024-10-06_2024-10-20
0.1,4,CPI m/m|Core CPI m/m|Core PPI m/m|CPI y/y,Bad|Neutral|Neutral|Neutral,1,1,0,100.0,0.0,inf,2019-04-06_2019-04-20
0.1,4,CPI m/m|Core CPI m/m|Core PPI m/m|CPI y/y,Good|Neutral|Neutral|Good,1,0,1,0.0,100.0,0.0,2019-05-06_2019-05-20
0.1,4,CPI m/m|Core CPI m/m|Core PPI m/m|CPI y/y,Neutral|Neutral|Good|Bad,4,3,1,75.0,25.0,3.0,2019-08-04_2019-08-18|2019-12-02_2019-12-16|2024-01-10_2024-01-24|2025-07-03_2025-07-17
0.1,4,CPI m/m|Core CPI m/m|Core PPI m/m|CPI y/y,Good|Good|Good|Good,4,1,3,25.0,75.0,0.33,2020-04-30_2020-05-14|2022-08-03_2022-08-17|2022-11-01_2022-11-15|2025-04-04_2025-04-18
0.1,4,CPI m/m|Core CPI m/m|Core PPI m/m|CPI y/y,Bad|Bad|Bad|Bad,3,2,1,66.7,33.3,2.0,2020-07-29_2020-08-12|2020-08-28_2020-09-11|2021-07-09_2021-07-23
0.1,4,CPI m/m|Core CPI m/m|Core PPI m/m|CPI y/y,Bad|Neutral|Bad|Bad,1,1,0,100.0,0.0,inf,2022-02-04_2022-02-18
0.1,4,CPI m/m|Core CPI m/m|Core PPI m/m|CPI y/y,Bad|Neutral|Neutral|Bad,1,1,0,100.0,0.0,inf,2022-06-04_2022-06-18
0.1,4,CPI m/m|Core CPI m/m|Core PPI m/m|CPI y/y,Neutral|Neutral|Bad|Bad,1,1,0,100.0,0.0,inf,2023-02-14_2023-02-28
0.1,4,CPI m/m|Core CPI m/m|Core PPI m/m|CPI y/y,Neutral|Bad|Neutral|Neutral,1,0,1,0.0,100.0,0.0,2023-04-30_2023-05-14
0.1,4,CPI m/m|Core CPI m/m|Core PPI m/m|CPI y/y,Good|Neutral|Bad|Neutral,1,0,1,0.0,100.0,0.0,2024-05-09_2024-05-23
0.1,4,CPI m/m|Core CPI m/m|Core PPI m/m|CPI y/y,Neutral|Neutral|Good|Good,2,2,0,100.0,0.0,inf,2024-06-08_2024-06-22|2024-08-07_2024-08-21
0.1,4,CPI m/m|Core CPI m/m|Core PPI m/m|CPI y/y,Good|Neutral|Bad|Good,1,1,0,100.0,0.0,inf,2024-07-08_2024-07-22
0.2,4,CPI m/m|Core CPI m/m|Core PPI m/m|CPI y/y,Neutral|Neutral|Neutral|Neutral,24,15,9,62.5,37.5,1.67,2018-08-09_2018-08-23|2018-10-08_2018-10-22|2018-12-07_2018-12-21|2019-02-05_2019-02-19|2019-03-07_2019-03-21|2019-04-06_2019-04-20|2019-05-06_2019-05-20|2019-06-05_2019-06-19|2020-01-01_2020-01-15|2020-04-30_2020-05-14|2020-05-30_2020-06-13|2020-08-28_2020-09-11|2020-10-12_2020-10-26|2022-08-03_2022-08-17|2023-04-30_2023-05-14|2023-06-29_2023-07-13|2023-07-29_2023-08-12|2023-09-12_2023-09-26|2024-01-10_2024-01-24|2024-07-08_2024-07-22|2024-08-07_2024-08-21|2024-10-06_2024-10-20|2024-12-05_2024-12-19|2025-07-03_2025-07-17
0.2,4,CPI m/m|Core CPI m/m|Core PPI m/m|CPI y/y,Neutral|Neutral|Good|Neutral,8,4,4,50.0,50.0,1.0,2018-09-08_2018-09-22|2019-08-04_2019-08-18|2019-12-02_2019-12-16|2022-03-06_2022-03-20|2023-03-31_2023-04-14|2023-11-11_2023-11-25|2024-06-08_2024-06-22|2025-04-04_2025-04-18
0.2,4,CPI m/m|Core CPI m/m|Core PPI m/m|CPI y/y,Bad|Bad|Bad|Bad,2,1,1,50.0,50.0,1.0,2020-07-29_2020-08-12|2021-07-09_2021-07-23
0.2,4,CPI m/m|Core CPI m/m|Core PPI m/m|CPI y/y,Neutral|Neutral|Bad|Bad,1,1,0,100.0,0.0,inf,2022-02-04_2022-02-18
0.2,4,CPI m/m|Core CPI m/m|Core PPI m/m|CPI y/y,Bad|Neutral|Neutral|Bad,1,1,0,100.0,0.0,inf,2022-06-04_2022-06-18
0.2,4,CPI m/m|Core CPI m/m|Core PPI m/m|CPI y/y,Neutral|Neutral|Good|Good,1,0,1,0.0,100.0,0.0,2022-11-01_2022-11-15
0.2,4,CPI m/m|Core CPI m/m|Core PPI m/m|CPI y/y,Neutral|Neutral|Neutral|Bad,1,1,0,100.0,0.0,inf,2023-02-14_2023-02-28
0.2,4,CPI m/m|Core CPI m/m|Core PPI m/m|CPI y/y,Neutral|Neutral|Bad|Neutral,1,0,1,0.0,100.0,0.0,2024-05-09_2024-05-23
0.3,4,CPI m/m|Core CPI m/m|Core PPI m/m|CPI y/y,Neutral|Neutral|Neutral|Neutral,29,17,12,58.6,41.4,1.42,2018-08-09_2018-08-23|2018-10-08_2018-10-22|2018-12-07_2018-12-21|2019-02-05_2019-02-19|2019-03-07_2019-03-21|2019-04-06_2019-04-20|2019-05-06_2019-05-20|2019-06-05_2019-06-19|2020-01-01_2020-01-15|2020-04-30_2020-05-14|2020-05-30_2020-06-13|2020-08-28_2020-09-11|2020-10-12_2020-10-26|2022-08-03_2022-08-17|2022-11-01_2022-11-15|2023-02-14_2023-02-28|2023-04-30_2023-05-14|2023-06-29_2023-07-13|2023-07-29_2023-08-12|2023-09-12_2023-09-26|2023-11-11_2023-11-25|2024-01-10_2024-01-24|2024-05-09_2024-05-23|2024-06-08_2024-06-22|2024-07-08_2024-07-22|2024-08-07_2024-08-21|2024-10-06_2024-10-20|2024-12-05_2024-12-19|2025-07-03_2025-07-17
0.3,4,CPI m/m|Core CPI m/m|Core PPI m/m|CPI y/y,Neutral|Neutral|Good|Neutral,6,3,3,50.0,50.0,1.0,2018-09-08_2018-09-22|2019-08-04_2019-08-18|2019-12-02_2019-12-16|2022-03-06_2022-03-20|2023-03-31_2023-04-14|2025-04-04_2025-04-18
0.3,4,CPI m/m|Core CPI m/m|Core PPI m/m|CPI y/y,Neutral|Bad|Bad|Bad,1,0,1,0.0,100.0,0.0,2020-07-29_2020-08-12
0.3,4,CPI m/m|Core CPI m/m|Core PPI m/m|CPI y/y,Bad|Bad|Bad|Bad,1,1,0,100.0,0.0,inf,2021-07-09_2021-07-23
0.3,4,CPI m/m|Core CPI m/m|Core PPI m/m|CPI y/y,Neutral|Neutral|Bad|Neutral,1,1,0,100.0,0.0,inf,2022-02-04_2022-02-18
0.3,4,CPI m/m|Core CPI m/m|Core PPI m/m|CPI y/y,Bad|Neutral|Neutral|Neutral,1,1,0,100.0,0.0,inf,2022-06-04_2022-06-18
0.0,4,CPI m/m|Core CPI m/m|FOMC|CPI y/y,Neutral|Bad|Neutral|Good,1,0,1,0.0,100.0,0.0,2023-04-30_2023-05-14
0.0,4,CPI m/m|Core CPI m/m|FOMC|CPI y/y,Neutral|Bad|Neutral|Bad,1,1,0,100.0,0.0,inf,2023-09-12_2023-09-26
0.0,4,CPI m/m|Core CPI m/m|FOMC|CPI y/y,Good|Good|Neutral|Good,1,1,0,100.0,0.0,inf,2024-06-08_2024-06-22
0.0,4,CPI m/m|Core CPI m/m|FOMC|CPI y/y,Neutral|Neutral|Neutral|Neutral,1,1,0,100.0,0.0,inf,2024-12-05_2024-12-19
0.1,4,CPI m/m|Core CPI m/m|FOMC|CPI y/y,Neutral|Bad|Neutral|Neutral,1,0,1,0.0,100.0,0.0,2023-04-30_2023-05-14
0.1,4,CPI m/m|Core CPI m/m|FOMC|CPI y/y,Neutral|Neutral|Neutral|Bad,1,1,0,100.0,0.0,inf,2023-09-12_2023-09-26
0.1,4,CPI m/m|Core CPI m/m|FOMC|CPI y/y,Neutral|Neutral|Neutral|Good,1,1,0,100.0,0.0,inf,2024-06-08_2024-06-22
0.1,4,CPI m/m|Core CPI m/m|FOMC|CPI y/y,Neutral|Neutral|Neutral|Neutral,1,1,0,100.0,0.0,inf,2024-12-05_2024-12-19
0.2,4,CPI m/m|Core CPI m/m|FOMC|CPI y/y,Neutral|Neutral|Neutral|Neutral,4,3,1,75.0,25.0,3.0,2023-04-30_2023-05-14|2023-09-12_2023-09-26|2024-06-08_2024-06-22|2024-12-05_2024-12-19
0.3,4,CPI m/m|Core CPI m/m|FOMC|CPI y/y,Neutral|Neutral|Neutral|Neutral,4,3,1,75.0,25.0,3.0,2023-04-30_2023-05-14|2023-09-12_2023-09-26|2024-06-08_2024-06-22|2024-12-05_2024-12-19
0.0,4,CPI m/m|PPI m/m|Core PPI m/m|FOMC,Neutral|Good|Neutral|Neutral,1,0,1,0.0,100.0,0.0,2023-04-30_2023-05-14
0.0,4,CPI m/m|PPI m/m|Core PPI m/m|FOMC,Neutral|Bad|Neutral|Neutral,2,2,0,100.0,0.0,inf,2023-09-12_2023-09-26|2024-12-05_2024-12-19
0.0,4,CPI m/m|PPI m/m|Core PPI m/m|FOMC,Good|Good|Good|Neutral,1,1,0,100.0,0.0,inf,2024-06-08_2024-06-22
0.1,4,CPI m/m|PPI m/m|Core PPI m/m|FOMC,Neutral|Neutral|Neutral|Neutral,1,0,1,0.0,100.0,0.0,2023-04-30_2023-05-14
0.1,4,CPI m/m|PPI m/m|Core PPI m/m|FOMC,Neutral|Bad|Neutral|Neutral,2,2,0,100.0,0.0,inf,2023-09-12_2023-09-26|2024-12-05_2024-12-19
0.1,4,CPI m/m|PPI m/m|Core PPI m/m|FOMC,Neutral|Good|Good|Neutral,1,1,0,100.0,0.0,inf,2024-06-08_2024-06-22
0.2,4,CPI m/m|PPI m/m|Core PPI m/m|FOMC,Neutral|Neutral|Neutral|Neutral,2,1,1,50.0,50.0,1.0,2023-04-30_2023-05-14|2024-12-05_2024-12-19
0.2,4,CPI m/m|PPI m/m|Core PPI m/m|FOMC,Neutral|Bad|Neutral|Neutral,1,1,0,100.0,0.0,inf,2023-09-12_2023-09-26
0.2,4,CPI m/m|PPI m/m|Core PPI m/m|FOMC,Neutral|Good|Good|Neutral,1,1,0,100.0,0.0,inf,2024-06-08_2024-06-22
0.3,4,CPI m/m|PPI m/m|Core PPI m/m|FOMC,Neutral|Neutral|Neutral|Neutral,3,2,1,66.7,33.3,2.0,2023-04-30_2023-05-14|2023-09-12_2023-09-26|2024-12-05_2024-12-19
0.3,4,CPI m/m|PPI m/m|Core PPI m/m|FOMC,Neutral|Good|Neutral|Neutral,1,1,0,100.0,0.0,inf,2024-06-08_2024-06-22
0.0,4,CPI m/m|PPI m/m|Core PPI m/m|CPI y/y,Neutral|Good|Good|Neutral,3,2,1,66.7,33.3,2.0,2018-08-09_2018-08-23|2020-01-01_2020-01-15|2022-03-06_2022-03-20
0.0,4,CPI m/m|PPI m/m|Core PPI m/m|CPI y/y,Good|Good|Good|Good,9,3,6,33.3,66.7,0.5,2018-09-08_2018-09-22|2020-04-30_2020-05-14|2022-08-03_2022-08-17|2022-11-01_2022-11-15|2023-03-31_2023-04-14|2023-06-29_2023-07-13|2023-11-11_2023-11-25|2024-06-08_2024-06-22|2025-04-04_2025-04-18
0.0,4,CPI m/m|PPI m/m|Core PPI m/m|CPI y/y,Good|Neutral|Neutral|Good,1,0,1,0.0,100.0,0.0,2018-10-08_2018-10-22
0.0,4,CPI m/m|PPI m/m|Core PPI m/m|CPI y/y,Neutral|Bad|Bad|Neutral,2,2,0,100.0,0.0,inf,2018-12-07_2018-12-21|2020-10-12_2020-10-26
0.0,4,CPI m/m|PPI m/m|Core PPI m/m|CPI y/y,Good|Good|Bad|Bad,1,1,0,100.0,0.0,inf,2019-02-05_2019-02-19
0.0,4,CPI m/m|PPI m/m|Core PPI m/m|CPI y/y,Neutral|Good|Good|Good,2,1,1,50.0,50.0,1.0,2019-03-07_2019-03-21|2024-08-07_2024-08-21
0.0,4,CPI m/m|PPI m/m|Core PPI m/m|CPI y/y,Bad|Bad|Bad|Bad,5,4,1,80.0,20.0,4.0,2019-04-06_2019-04-20|2020-07-29_2020-08-12|2020-08-28_2020-09-11|2021-07-09_2021-07-23|2022-02-04_2022-02-18
0.0,4,CPI m/m|PPI m/m|Core PPI m/m|CPI y/y,Good|Neutral|Good|Good,1,0,1,0.0,100.0,0.0,2019-05-06_2019-05-20
0.0,4,CPI m/m|PPI m/m|Core PPI m/m|CPI y/y,Neutral|Neutral|Neutral|Good,1,0,1,0.0,100.0,0.0,2019-06-05_2019-06-19
0.0,4,CPI m/m|PPI m/m|Core PPI m/m|CPI y/y,Neutral|Neutral|Good|Bad,1,1,0,100.0,0.0,inf,2019-08-04_2019-08-18
0.0,4,CPI m/m|PPI m/m|Core PPI m/m|CPI y/y,Bad|Good|Good|Bad,2,1,1,50.0,50.0,1.0,2019-12-02_2019-12-16|2024-01-10_2024-01-24
0.0,4,CPI m/m|PPI m/m|Core PPI m/m|CPI y/y,Good|Bad|Neutral|Good,1,0,1,0.0,100.0,0.0,2020-05-30_2020-06-13
0.0,4,CPI m/m|PPI m/m|Core PPI m/m|CPI y/y,Bad|Neutral|Good|Bad,1,1,0,100.0,0.0,inf,2022-06-04_2022-06-18
0.0,4,CPI m/m|PPI m/m|Core PPI m/m|CPI y/y,Neutral|Bad|Bad|Bad,1,1,0,100.0,0.0,inf,2023-02-14_2023-02-28
0.0,4,CPI m/m|PPI m/m|Core PPI m/m|CPI y/y,Neutral|Good|Neutral|Good,1,0,1,0.0,100.0,0.0,2023-04-30_2023-05-14
0.0,4,CPI m/m|PPI m/m|Core PPI m/m|CPI y/y,Neutral|Bad|Bad|Good,1,1,0,100.0,0.0,inf,2023-07-29_2023-08-12
0.0,4,CPI m/m|PPI m/m|Core PPI m/m|CPI y/y,Neutral|Bad|Neutral|Bad,1,1,0,100.0,0.0,inf,2023-09-12_2023-09-26
0.0,4,CPI m/m|PPI m/m|Core PPI m/m|CPI y/y,Good|Bad|Bad|Neutral,1,0,1,0.0,100.0,0.0,2024-05-09_2024-05-23
0.0,4,CPI m/m|PPI m/m|Core PPI m/m|CPI y/y,Good|Bad|Bad|Good,1,1,0,100.0,0.0,inf,2024-07-08_2024-07-22
0.0,4,CPI m/m|PPI m/m|Core PPI m/m|CPI y/y,Bad|Good|Neutral|Bad,1,1,0,100.0,0.0,inf,2024-10-06_2024-10-20
0.0,4,CPI m/m|PPI m/m|Core PPI m/m|CPI y/y,Neutral|Bad|Neutral|Neutral,1,1,0,100.0,0.0,inf,2024-12-05_2024-12-19
0.0,4,CPI m/m|PPI m/m|Core PPI m/m|CPI y/y,Neutral|Good|Good|Bad,1,1,0,100.0,0.0,inf,2025-07-03_2025-07-17
0.1,4,CPI m/m|PPI m/m|Core PPI m/m|CPI y/y,Neutral|Good|Neutral|Neutral,1,1,0,100.0,0.0,inf,2018-08-09_2018-08-23
0.1,4,CPI m/m|PPI m/m|Core PPI m/m|CPI y/y,Neutral|Good|Good|Neutral,4,1,3,25.0,75.0,0.33,2018-09-08_2018-09-22|2022-03-06_2022-03-20|2023-03-31_2023-04-14|2023-11-11_2023-11-25
0.1,4,CPI m/m|PPI m/m|Core PPI m/m|CPI y/y,Neutral|Neutral|Neutral|Good,3,0,3,0.0,100.0,0.0,2018-10-08_2018-10-22|2019-03-07_2019-03-21|2023-06-29_2023-07-13
0.1,4,CPI m/m|PPI m/m|Core PPI m/m|CPI y/y,Neutral|Neutral|Bad|Neutral,1,1,0,100.0,0.0,inf,2018-12-07_2018-12-21
0.1,4,CPI m/m|PPI m/m|Core PPI m/m|CPI y/y,Neutral|Good|Neutral|Bad,1,1,0,100.0,0.0,inf,2019-02-05_2019-02-19
0.1,4,CPI m/m|PPI m/m|Core PPI m/m|CPI y/y,Bad|Bad|Neutral|Neutral,1,1,0,100.0,0.0,inf,2019-04-06_2019-04-20
0.1,4,CPI m/m|PPI m/m|Core PPI m/m|CPI y/y,Good|Neutral|Neutral|Good,1,0,1,0.0,100.0,0.0,2019-05-06_2019-05-20
0.1,4,CPI m/m|PPI m/m|Core PPI m/m|CPI y/y,Neutral|Neutral|Neutral|Neutral,4,2,2,50.0,50.0,1.0,2019-06-05_2019-06-19|2020-01-01_2020-01-15|2023-04-30_2023-05-14|2023-07-29_2023-08-12
0.1,4,CPI m/m|PPI m/m|Core PPI m/m|CPI y/y,Neutral|Neutral|Good|Bad,1,1,0,100.0,0.0,inf,2019-08-04_2019-08-18
0.1,4,CPI m/m|PPI m/m|Core PPI m/m|CPI y/y,Neutral|Good|Good|Bad,3,2,1,66.7,33.3,2.0,2019-12-02_2019-12-16|2024-01-10_2024-01-24|2025-07-03_2025-07-17
0.1,4,CPI m/m|PPI m/m|Core PPI m/m|CPI y/y,Good|Good|Good|Good,4,1,3,25.0,75.0,0.33,2020-04-30_2020-05-14|2022-08-03_2022-08-17|2022-11-01_2022-11-15|2025-04-04_2025-04-18
0.1,4,CPI m/m|PPI m/m|Core PPI m/m|CPI y/y,Neutral|Bad|Neutral|Good,1,0,1,0.0,100.0,0.0,2020-05-30_2020-06-13
0.1,4,CPI m/m|PPI m/m|Core PPI m/m|CPI y/y,Bad|Bad|Bad|Bad,3,2,1,66.7,33.3,2.0,2020-07-29_2020-08-12|2021-07-09_2021-07-23|2022-02-04_2022-02-18
0.1,4,CPI m/m|PPI m/m|Core PPI m/m|CPI y/y,Bad|Neutral|Bad|Bad,1,1,0,100.0,0.0,inf,2020-08-28_2020-09-11
0.1,4,CPI m/m|PPI m/m|Core PPI m/m|CPI y/y,Neutral|Bad|Bad|Neutral,1,1,0,100.0,0.0,inf,2020-10-12_2020-10-26
0.1,4,CPI m/m|PPI m/m|Core PPI m/m|CPI y/y,Bad|Neutral|Neutral|Bad,1,1,0,100.0,0.0,inf,2022-06-04_2022-06-18
0.1,4,CPI m/m|PPI m/m|Core PPI m/m|CPI y/y,Neutral|Bad|Bad|Bad,1,1,0,100.0,0.0,inf,2023-02-14_2023-02-28
0.1,4,CPI m/m|PPI m/m|Core PPI m/m|CPI y/y,Neutral|Bad|Neutral|Bad,1,1,0,100.0,0.0,inf,2023-09-12_2023-09-26
0.1,4,CPI m/m|PPI m/m|Core PPI m/m|CPI y/y,Good|Bad|Bad|Neutral,1,0,1,0.0,100.0,0.0,2024-05-09_2024-05-23
0.1,4,CPI m/m|PPI m/m|Core PPI m/m|CPI y/y,Neutral|Good|Good|Good,1,1,0,100.0,0.0,inf,2024-06-08_2024-06-22
0.1,4,CPI m/m|PPI m/m|Core PPI m/m|CPI y/y,Good|Neutral|Bad|Good,1,1,0,100.0,0.0,inf,2024-07-08_2024-07-22
0.1,4,CPI m/m|PPI m/m|Core PPI m/m|CPI y/y,Neutral|Neutral|Good|Good,1,1,0,100.0,0.0,inf,2024-08-07_2024-08-21
0.1,4,CPI m/m|PPI m/m|Core PPI m/m|CPI y/y,Neutral|Neutral|Neutral|Bad,1,1,0,100.0,0.0,inf,2024-10-06_2024-10-20
0.1,4,CPI m/m|PPI m/m|Core PPI m/m|CPI y/y,Neutral|Bad|Neutral|Neutral,1,1,0,100.0,0.0,inf,2024-12-05_2024-12-19
0.2,4,CPI m/m|PPI m/m|Core PPI m/m|CPI y/y,Neutral|Neutral|Neutral|Neutral,19,12,7,63.2,36.8,1.71,2018-08-09_2018-08-23|2018-10-08_2018-10-22|2018-12-07_2018-12-21|2019-02-05_2019-02-19|2019-03-07_2019-03-21|2019-05-06_2019-05-20|2019-06-05_2019-06-19|2020-01-01_2020-01-15|2020-08-28_2020-09-11|2020-10-12_2020-10-26|2023-04-30_2023-05-14|2023-06-29_2023-07-13|2023-07-29_2023-08-12|2024-01-10_2024-01-24|2024-07-08_2024-07-22|2024-08-07_2024-08-21|2024-10-06_2024-10-20|2024-12-05_2024-12-19|2025-07-03_2025-07-17
0.2,4,CPI m/m|PPI m/m|Core PPI m/m|CPI y/y,Neutral|Good|Good|Neutral,5,2,3,40.0,60.0,0.67,2018-09-08_2018-09-22|2023-03-31_2023-04-14|2023-11-11_2023-11-25|2024-06-08_2024-06-22|2025-04-04_2025-04-18
0.2,4,CPI m/m|PPI m/m|Core PPI m/m|CPI y/y,Neutral|Bad|Neutral|Neutral,3,2,1,66.7,33.3,2.0,2019-04-06_2019-04-20|2020-05-30_2020-06-13|2023-09-12_2023-09-26
0.2,4,CPI m/m|PPI m/m|Core PPI m/m|CPI y/y,Neutral|Neutral|Good|Neutral,3,2,1,66.7,33.3,2.0,2019-08-04_2019-08-18|2019-12-02_2019-12-16|2022-03-06_2022-03-20
0.2,4,CPI m/m|PPI m/m|Core PPI m/m|CPI y/y,Neutral|Good|Neutral|Neutral,2,1,1,50.0,50.0,1.0,2020-04-30_2020-05-14|2022-08-03_2022-08-17
0.2,4,CPI m/m|PPI m/m|Core PPI m/m|CPI y/y,Bad|Bad|Bad|Bad,2,1,1,50.0,50.0,1.0,2020-07-29_2020-08-12|2021-07-09_2021-07-23
0.2,4,CPI m/m|PPI m/m|Core PPI m/m|CPI y/y,Neutral|Bad|Bad|Bad,1,1,0,100.0,0.0,inf,2022-02-04_2022-02-18
0.2,4,CPI m/m|PPI m/m|Core PPI m/m|CPI y/y,Bad|Neutral|Neutral|Bad,1,1,0,100.0,0.0,inf,2022-06-04_2022-06-18
0.2,4,CPI m/m|PPI m/m|Core PPI m/m|CPI y/y,Neutral|Neutral|Good|Good,1,0,1,0.0,100.0,0.0,2022-11-01_2022-11-15
0.2,4,CPI m/m|PPI m/m|Core PPI m/m|CPI y/y,Neutral|Bad|Neutral|Bad,1,1,0,100.0,0.0,inf,2023-02-14_2023-02-28
0.2,4,CPI m/m|PPI m/m|Core PPI m/m|CPI y/y,Neutral|Neutral|Bad|Neutral,1,0,1,0.0,100.0,0.0,2024-05-09_2024-05-23
0.3,4,CPI m/m|PPI m/m|Core PPI m/m|CPI y/y,Neutral|Neutral|Neutral|Neutral,24,15,9,62.5,37.5,1.67,2018-08-09_2018-08-23|2018-10-08_2018-10-22|2018-12-07_2018-12-21|2019-02-05_2019-02-19|2019-03-07_2019-03-21|2019-04-06_2019-04-20|2019-05-06_2019-05-20|2019-06-05_2019-06-19|2020-01-01_2020-01-15|2020-08-28_2020-09-11|2020-10-12_2020-10-26|2022-11-01_2022-11-15|2023-02-14_2023-02-28|2023-04-30_2023-05-14|2023-06-29_2023-07-13|2023-07-29_2023-08-12|2023-09-12_2023-09-26|2024-01-10_2024-01-24|2024-05-09_2024-05-23|2024-07-08_2024-07-22|2024-08-07_2024-08-21|2024-10-06_2024-10-20|2024-12-05_2024-12-19|2025-07-03_2025-07-17
0.3,4,CPI m/m|PPI m/m|Core PPI m/m|CPI y/y,Neutral|Good|Good|Neutral,3,1,2,33.3,66.7,0.5,2018-09-08_2018-09-22|2023-03-31_2023-04-14|2025-04-04_2025-04-18
0.3,4,CPI m/m|PPI m/m|Core PPI m/m|CPI y/y,Neutral|Neutral|Good|Neutral,3,2,1,66.7,33.3,2.0,2019-08-04_2019-08-18|2019-12-02_2019-12-16|2022-03-06_2022-03-20
0.3,4,CPI m/m|PPI m/m|Core PPI m/m|CPI y/y,Neutral|Good|Neutral|Neutral,4,2,2,50.0,50.0,1.0,2020-04-30_2020-05-14|2022-08-03_2022-08-17|2023-11-11_2023-11-25|2024-06-08_2024-06-22
0.3,4,CPI m/m|PPI m/m|Core PPI m/m|CPI y/y,Neutral|Bad|Neutral|Neutral,1,0,1,0.0,100.0,0.0,2020-05-30_2020-06-13
0.3,4,CPI m/m|PPI m/m|Core PPI m/m|CPI y/y,Neutral|Neutral|Bad|Bad,1,0,1,0.0,100.0,0.0,2020-07-29_2020-08-12
0.3,4,CPI m/m|PPI m/m|Core PPI m/m|CPI y/y,Bad|Bad|Bad|Bad,1,1,0,100.0,0.0,inf,2021-07-09_2021-07-23
0.3,4,CPI m/m|PPI m/m|Core PPI m/m|CPI y/y,Neutral|Bad|Bad|Neutral,1,1,0,100.0,0.0,inf,2022-02-04_2022-02-18
0.3,4,CPI m/m|PPI m/m|Core PPI m/m|CPI y/y,Bad|Neutral|Neutral|Neutral,1,1,0,100.0,0.0,inf,2022-06-04_2022-06-18
0.0,4,CPI m/m|PPI m/m|FOMC|CPI y/y,Neutral|Good|Neutral|Good,1,0,1,0.0,100.0,0.0,2023-04-30_2023-05-14
0.0,4,CPI m/m|PPI m/m|FOMC|CPI y/y,Neutral|Bad|Neutral|Bad,1,1,0,100.0,0.0,inf,2023-09-12_2023-09-26
0.0,4,CPI m/m|PPI m/m|FOMC|CPI y/y,Good|Good|Neutral|Good,1,1,0,100.0,0.0,inf,2024-06-08_2024-06-22
0.0,4,CPI m/m|PPI m/m|FOMC|CPI y/y,Neutral|Bad|Neutral|Neutral,1,1,0,100.0,0.0,inf,2024-12-05_2024-12-19
0.1,4,CPI m/m|PPI m/m|FOMC|CPI y/y,Neutral|Neutral|Neutral|Neutral,1,0,1,0.0,100.0,0.0,2023-04-30_2023-05-14
0.1,4,CPI m/m|PPI m/m|FOMC|CPI y/y,Neutral|Bad|Neutral|Bad,1,1,0,100.0,0.0,inf,2023-09-12_2023-09-26
0.1,4,CPI m/m|PPI m/m|FOMC|CPI y/y,Neutral|Good|Neutral|Good,1,1,0,100.0,0.0,inf,2024-06-08_2024-06-22
0.1,4,CPI m/m|PPI m/m|FOMC|CPI y/y,Neutral|Bad|Neutral|Neutral,1,1,0,100.0,0.0,inf,2024-12-05_2024-12-19
0.2,4,CPI m/m|PPI m/m|FOMC|CPI y/y,Neutral|Neutral|Neutral|Neutral,2,1,1,50.0,50.0,1.0,2023-04-30_2023-05-14|2024-12-05_2024-12-19
0.2,4,CPI m/m|PPI m/m|FOMC|CPI y/y,Neutral|Bad|Neutral|Neutral,1,1,0,100.0,0.0,inf,2023-09-12_2023-09-26
0.2,4,CPI m/m|PPI m/m|FOMC|CPI y/y,Neutral|Good|Neutral|Neutral,1,1,0,100.0,0.0,inf,2024-06-08_2024-06-22
0.3,4,CPI m/m|PPI m/m|FOMC|CPI y/y,Neutral|Neutral|Neutral|Neutral,3,2,1,66.7,33.3,2.0,2023-04-30_2023-05-14|2023-09-12_2023-09-26|2024-12-05_2024-12-19
0.3,4,CPI m/m|PPI m/m|FOMC|CPI y/y,Neutral|Good|Neutral|Neutral,1,1,0,100.0,0.0,inf,2024-06-08_2024-06-22
0.0,4,CPI m/m|Core PPI m/m|FOMC|CPI y/y,Neutral|Neutral|Neutral|Good,1,0,1,0.0,100.0,0.0,2023-04-30_2023-05-14
0.0,4,CPI m/m|Core PPI m/m|FOMC|CPI y/y,Neutral|Neutral|Neutral|Bad,1,1,0,100.0,0.0,inf,2023-09-12_2023-09-26
0.0,4,CPI m/m|Core PPI m/m|FOMC|CPI y/y,Good|Good|Neutral|Good,1,1,0,100.0,0.0,inf,2024-06-08_2024-06-22
0.0,4,CPI m/m|Core PPI m/m|FOMC|CPI y/y,Neutral|Neutral|Neutral|Neutral,1,1,0,100.0,0.0,inf,2024-12-05_2024-12-19
0.1,4,CPI m/m|Core PPI m/m|FOMC|CPI y/y,Neutral|Neutral|Neutral|Neutral,2,1,1,50.0,50.0,1.0,2023-04-30_2023-05-14|2024-12-05_2024-12-19
0.1,4,CPI m/m|Core PPI m/m|FOMC|CPI y/y,Neutral|Neutral|Neutral|Bad,1,1,0,100.0,0.0,inf,2023-09-12_2023-09-26
0.1,4,CPI m/m|Core PPI m/m|FOMC|CPI y/y,Neutral|Good|Neutral|Good,1,1,0,100.0,0.0,inf,2024-06-08_2024-06-22
0.2,4,CPI m/m|Core PPI m/m|FOMC|CPI y/y,Neutral|Neutral|Neutral|Neutral,3,2,1,66.7,33.3,2.0,2023-04-30_2023-05-14|2023-09-12_2023-09-26|2024-12-05_2024-12-19
0.2,4,CPI m/m|Core PPI m/m|FOMC|CPI y/y,Neutral|Good|Neutral|Neutral,1,1,0,100.0,0.0,inf,2024-06-08_2024-06-22
0.3,4,CPI m/m|Core PPI m/m|FOMC|CPI y/y,Neutral|Neutral|Neutral|Neutral,4,3,1,75.0,25.0,3.0,2023-04-30_2023-05-14|2023-09-12_2023-09-26|2024-06-08_2024-06-22|2024-12-05_2024-12-19
0.0,4,Core CPI m/m|PPI m/m|Core PPI m/m|FOMC,Bad|Good|Neutral|Neutral,1,0,1,0.0,100.0,0.0,2023-04-30_2023-05-14
0.0,4,Core CPI m/m|PPI m/m|Core PPI m/m|FOMC,Bad|Bad|Neutral|Neutral,1,1,0,100.0,0.0,inf,2023-09-12_2023-09-26
0.0,4,Core CPI m/m|PPI m/m|Core PPI m/m|FOMC,Good|Good|Good|Neutral,1,1,0,100.0,0.0,inf,2024-06-08_2024-06-22
0.0,4,Core CPI m/m|PPI m/m|Core PPI m/m|FOMC,Neutral|Bad|Neutral|Neutral,1,1,0,100.0,0.0,inf,2024-12-05_2024-12-19
0.1,4,Core CPI m/m|PPI m/m|Core PPI m/m|FOMC,Bad|Neutral|Neutral|Neutral,1,0,1,0.0,100.0,0.0,2023-04-30_2023-05-14
0.1,4,Core CPI m/m|PPI m/m|Core PPI m/m|FOMC,Neutral|Bad|Neutral|Neutral,2,2,0,100.0,0.0,inf,2023-09-12_2023-09-26|2024-12-05_2024-12-19
0.1,4,Core CPI m/m|PPI m/m|Core PPI m/m|FOMC,Neutral|Good|Good|Neutral,1,1,0,100.0,0.0,inf,2024-06-08_2024-06-22
0.2,4,Core CPI m/m|PPI m/m|Core PPI m/m|FOMC,Neutral|Neutral|Neutral|Neutral,2,1,1,50.0,50.0,1.0,2023-04-30_2023-05-14|2024-12-05_2024-12-19
0.2,4,Core CPI m/m|PPI m/m|Core PPI m/m|FOMC,Neutral|Bad|Neutral|Neutral,1,1,0,100.0,0.0,inf,2023-09-12_2023-09-26
0.2,4,Core CPI m/m|PPI m/m|Core PPI m/m|FOMC,Neutral|Good|Good|Neutral,1,1,0,100.0,0.0,inf,2024-06-08_2024-06-22
0.3,4,Core CPI m/m|PPI m/m|Core PPI m/m|FOMC,Neutral|Neutral|Neutral|Neutral,3,2,1,66.7,33.3,2.0,2023-04-30_2023-05-14|2023-09-12_2023-09-26|2024-12-05_2024-12-19
0.3,4,Core CPI m/m|PPI m/m|Core PPI m/m|FOMC,Neutral|Good|Neutral|Neutral,1,1,0,100.0,0.0,inf,2024-06-08_2024-06-22
0.0,4,Core CPI m/m|PPI m/m|Core PPI m/m|CPI y/y,Neutral|Good|Good|Neutral,2,1,1,50.0,50.0,1.0,2018-08-09_2018-08-23|2022-03-06_2022-03-20
0.0,4,Core CPI m/m|PPI m/m|Core PPI m/m|CPI y/y,Good|Good|Good|Good,9,3,6,33.3,66.7,0.5,2018-09-08_2018-09-22|2019-03-07_2019-03-21|2020-04-30_2020-05-14|2022-08-03_2022-08-17|2022-11-01_2022-11-15|2023-06-29_2023-07-13|2023-11-11_2023-11-25|2024-06-08_2024-06-22|2025-04-04_2025-04-18
0.0,4,Core CPI m/m|PPI m/m|Core PPI m/m|CPI y/y,Good|Neutral|Neutral|Good,2,0,2,0.0,100.0,0.0,2018-10-08_2018-10-22|2019-06-05_2019-06-19
0.0,4,Core CPI m/m|PPI m/m|Core PPI m/m|CPI y/y,Neutral|Bad|Bad|Neutral,3,2,1,66.7,33.3,2.0,2018-12-07_2018-12-21|2020-10-12_2020-10-26|2024-05-09_2024-05-23
0.0,4,Core CPI m/m|PPI m/m|Core PPI m/m|CPI y/y,Neutral|Good|Bad|Bad,1,1,0,100.0,0.0,inf,2019-02-05_2019-02-19
0.0,4,Core CPI m/m|PPI m/m|Core PPI m/m|CPI y/y,Good|Bad|Bad|Bad,1,1,0,100.0,0.0,inf,2019-04-06_2019-04-20
0.0,4,Core CPI m/m|PPI m/m|Core PPI m/m|CPI y/y,Good|Neutral|Good|Good,1,0,1,0.0,100.0,0.0,2019-05-06_2019-05-20
0.0,4,Core CPI m/m|PPI m/m|Core PPI m/m|CPI y/y,Bad|Neutral|Good|Bad,2,2,0,100.0,0.0,inf,2019-08-04_2019-08-18|2022-06-04_2022-06-18
0.0,4,Core CPI m/m|PPI m/m|Core PPI m/m|CPI y/y,Neutral|Good|Good|Bad,2,1,1,50.0,50.0,1.0,2019-12-02_2019-12-16|2024-01-10_2024-01-24
0.0,4,Core CPI m/m|PPI m/m|Core PPI m/m|CPI y/y,Good|Good|Good|Neutral,1,1,0,100.0,0.0,inf,2020-01-01_2020-01-15
0.0,4,Core CPI m/m|PPI m/m|Core PPI m/m|CPI y/y,Good|Bad|Neutral|Good,1,0,1,0.0,100.0,0.0,2020-05-30_2020-06-13
0.0,4,Core CPI m/m|PPI m/m|Core PPI m/m|CPI y/y,Bad|Bad|Bad|Bad,4,3,1,75.0,25.0,3.0,2020-07-29_2020-08-12|2020-08-28_2020-09-11|2021-07-09_2021-07-23|2022-02-04_2022-02-18
0.0,4,Core CPI m/m|PPI m/m|Core PPI m/m|CPI y/y,Neutral|Bad|Bad|Bad,1,1,0,100.0,0.0,inf,2023-02-14_2023-02-28
0.0,4,Core CPI m/m|PPI m/m|Core PPI m/m|CPI y/y,Neutral|Good|Good|Good,2,1,1,50.0,50.0,1.0,2023-03-31_2023-04-14|2024-08-07_2024-08-21
0.0,4,Core CPI m/m|PPI m/m|Core PPI m/m|CPI y/y,Bad|Good|Neutral|Good,1,0,1,0.0,100.0,0.0,2023-04-30_2023-05-14
0.0,4,Core CPI m/m|PPI m/m|Core PPI m/m|CPI y/y,Neutral|Bad|Bad|Good,1,1,0,100.0,0.0,inf,2023-07-29_2023-08-12
0.0,4,Core CPI m/m|PPI m/m|Core PPI m/m|CPI y/y,Bad|Bad|Neutral|Bad,1,1,0,100.0,0.0,inf,2023-09-12_2023-09-26
0.0,4,Core CPI m/m|PPI m/m|Core PPI m/m|CPI y/y,Good|Bad|Bad|Good,1,1,0,100.0,0.0,inf,2024-07-08_2024-07-22
0.0,4,Core CPI m/m|PPI m/m|Core PPI m/m|CPI y/y,Bad|Good|Neutral|Bad,1,1,0,100.0,0.0,inf,2024-10-06_2024-10-20
0.0,4,Core CPI m/m|PPI m/m|Core PPI m/m|CPI y/y,Neutral|Bad|Neutral|Neutral,1,1,0,100.0,0.0,inf,2024-12-05_2024-12-19
0.0,4,Core CPI m/m|PPI m/m|Core PPI m/m|CPI y/y,Good|Good|Good|Bad,1,1,0,100.0,0.0,inf,2025-07-03_2025-07-17
0.1,4,Core CPI m/m|PPI m/m|Core PPI m/m|CPI y/y,Neutral|Good|Neutral|Neutral,1,1,0,100.0,0.0,inf,2018-08-09_2018-08-23
0.1,4,Core CPI m/m|PPI m/m|Core PPI m/m|CPI y/y,Neutral|Good|Good|Neutral,4,1,3,25.0,75.0,0.33,2018-09-08_2018-09-22|2022-03-06_2022-03-20|2023-03-31_2023-04-14|2023-11-11_2023-11-25
0.1,4,Core CPI m/m|PPI m/m|Core PPI m/m|CPI y/y,Neutral|Neutral|Neutral|Good,4,0,4,0.0,100.0,0.0,2018-10-08_2018-10-22|2019-03-07_2019-03-21|2019-05-06_2019-05-20|2023-06-29_2023-07-13
0.1,4,Core CPI m/m|PPI m/m|Core PPI m/m|CPI y/y,Neutral|Neutral|Bad|Neutral,1,1,0,100.0,0.0,inf,2018-12-07_2018-12-21
0.1,4,Core CPI m/m|PPI m/m|Core PPI m/m|CPI y/y,Neutral|Good|Neutral|Bad,1,1,0,100.0,0.0,inf,2019-02-05_2019-02-19
0.1,4,Core CPI m/m|PPI m/m|Core PPI m/m|CPI y/y,Neutral|Bad|Neutral|Neutral,2,2,0,100.0,0.0,inf,2019-04-06_2019-04-20|2024-12-05_2024-12-19
0.1,4,Core CPI m/m|PPI m/m|Core PPI m/m|CPI y/y,Neutral|Neutral|Neutral|Neutral,3,2,1,66.7,33.3,2.0,2019-06-05_2019-06-19|2020-01-01_2020-01-15|2023-07-29_2023-08-12
0.1,4,Core CPI m/m|PPI m/m|Core PPI m/m|CPI y/y,Neutral|Neutral|Good|Bad,1,1,0,100.0,0.0,inf,2019-08-04_2019-08-18
0.1,4,Core CPI m/m|PPI m/m|Core PPI m/m|CPI y/y,Neutral|Good|Good|Bad,3,2,1,66.7,33.3,2.0,2019-12-02_2019-12-16|2024-01-10_2024-01-24|2025-07-03_2025-07-17
0.1,4,Core CPI m/m|PPI m/m|Core PPI m/m|CPI y/y,Good|Good|Good|Good,4,1,3,25.0,75.0,0.33,2020-04-30_2020-05-14|2022-08-03_2022-08-17|2022-11-01_2022-11-15|2025-04-04_2025-04-18
0.1,4,Core CPI m/m|PPI m/m|Core PPI m/m|CPI y/y,Neutral|Bad|Neutral|Good,1,0,1,0.0,100.0,0.0,2020-05-30_2020-06-13
0.1,4,Core CPI m/m|PPI m/m|Core PPI m/m|CPI y/y,Bad|Bad|Bad|Bad,2,1,1,50.0,50.0,1.0,2020-07-29_2020-08-12|2021-07-09_2021-07-23
0.1,4,Core CPI m/m|PPI m/m|Core PPI m/m|CPI y/y,Bad|Neutral|Bad|Bad,1,1,0,100.0,0.0,inf,2020-08-28_2020-09-11
0.1,4,Core CPI m/m|PPI m/m|Core PPI m/m|CPI y/y,Neutral|Bad|Bad|Neutral,2,1,1,50.0,50.0,1.0,2020-10-12_2020-10-26|2024-05-09_2024-05-23
0.1,4,Core CPI m/m|PPI m/m|Core PPI m/m|CPI y/y,Neutral|Bad|Bad|Bad,2,2,0,100.0,0.0,inf,2022-02-04_2022-02-18|2023-02-14_2023-02-28
0.1,4,Core CPI m/m|PPI m/m|Core PPI m/m|CPI y/y,Neutral|Neutral|Neutral|Bad,2,2,0,100.0,0.0,inf,2022-06-04_2022-06-18|2024-10-06_2024-10-20
0.1,4,Core CPI m/m|PPI m/m|Core PPI m/m|CPI y/y,Bad|Neutral|Neutral|Neutral,1,0,1,0.0,100.0,0.0,2023-04-30_2023-05-14
0.1,4,Core CPI m/m|PPI m/m|Core PPI m/m|CPI y/y,Neutral|Bad|Neutral|Bad,1,1,0,100.0,0.0,inf,2023-09-12_2023-09-26
0.1,4,Core CPI m/m|PPI m/m|Core PPI m/m|CPI y/y,Neutral|Good|Good|Good,1,1,0,100.0,0.0,inf,2024-06-08_2024-06-22
0.1,4,Core CPI m/m|PPI m/m|Core PPI m/m|CPI y/y,Neutral|Neutral|Bad|Good,1,1,0,100.0,0.0,inf,2024-07-08_2024-07-22
0.1,4,Core CPI m/m|PPI m/m|Core PPI m/m|CPI y/y,Neutral|Neutral|Good|Good,1,1,0,100.0,0.0,inf,2024-08-07_2024-08-21
0.2,4,Core CPI m/m|PPI m/m|Core PPI m/m|CPI y/y,Neutral|Neutral|Neutral|Neutral,19,12,7,63.2,36.8,1.71,2018-08-09_2018-08-23|2018-10-08_2018-10-22|2018-12-07_2018-12-21|2019-02-05_2019-02-19|2019-03-07_2019-03-21|2019-05-06_2019-05-20|2019-06-05_2019-06-19|2020-01-01_2020-01-15|2020-08-28_2020-09-11|2020-10-12_2020-10-26|2023-04-30_2023-05-14|2023-06-29_2023-07-13|2023-07-29_2023-08-12|2024-01-10_2024-01-24|2024-07-08_2024-07-22|2024-08-07_2024-08-21|2024-10-06_2024-10-20|2024-12-05_2024-12-19|2025-07-03_2025-07-17
0.2,4,Core CPI m/m|PPI m/m|Core PPI m/m|CPI y/y,Neutral|Good|Good|Neutral,5,2,3,40.0,60.0,0.67,2018-09-08_2018-09-22|2023-03-31_2023-04-14|2023-11-11_2023-11-25|2024-06-08_2024-06-22|2025-04-04_2025-04-18
0.2,4,Core CPI m/m|PPI m/m|Core PPI m/m|CPI y/y,Neutral|Bad|Neutral|Neutral,3,2,1,66.7,33.3,2.0,2019-04-06_2019-04-20|2020-05-30_2020-06-13|2023-09-12_2023-09-26
0.2,4,Core CPI m/m|PPI m/m|Core PPI m/m|CPI y/y,Neutral|Neutral|Good|Neutral,3,2,1,66.7,33.3,2.0,2019-08-04_2019-08-18|2019-12-02_2019-12-16|2022-03-06_2022-03-20
0.2,4,Core CPI m/m|PPI m/m|Core PPI m/m|CPI y/y,Neutral|Good|Neutral|Neutral,2,1,1,50.0,50.0,1.0,2020-04-30_2020-05-14|2022-08-03_2022-08-17
0.2,4,Core CPI m/m|PPI m/m|Core PPI m/m|CPI y/y,Bad|Bad|Bad|Bad,2,1,1,50.0,50.0,1.0,2020-07-29_2020-08-12|2021-07-09_2021-07-23
0.2,4,Core CPI m/m|PPI m/m|Core PPI m/m|CPI y/y,Neutral|Bad|Bad|Bad,1,1,0,100.0,0.0,inf,2022-02-04_2022-02-18
0.2,4,Core CPI m/m|PPI m/m|Core PPI m/m|CPI y/y,Neutral|Neutral|Neutral|Bad,1,1,0,100.0,0.0,inf,2022-06-04_2022-06-18
0.2,4,Core CPI m/m|PPI m/m|Core PPI m/m|CPI y/y,Neutral|Neutral|Good|Good,1,0,1,0.0,100.0,0.0,2022-11-01_2022-11-15
0.2,4,Core CPI m/m|PPI m/m|Core PPI m/m|CPI y/y,Neutral|Bad|Neutral|Bad,1,1,0,100.0,0.0,inf,2023-02-14_2023-02-28
0.2,4,Core CPI m/m|PPI m/m|Core PPI m/m|CPI y/y,Neutral|Neutral|Bad|Neutral,1,0,1,0.0,100.0,0.0,2024-05-09_2024-05-23
0.3,4,Core CPI m/m|PPI m/m|Core PPI m/m|CPI y/y,Neutral|Neutral|Neutral|Neutral,25,16,9,64.0,36.0,1.78,2018-08-09_2018-08-23|2018-10-08_2018-10-22|2018-12-07_2018-12-21|2019-02-05_2019-02-19|2019-03-07_2019-03-21|2019-04-06_2019-04-20|2019-05-06_2019-05-20|2019-06-05_2019-06-19|2020-01-01_2020-01-15|2020-08-28_2020-09-11|2020-10-12_2020-10-26|2022-06-04_2022-06-18|2022-11-01_2022-11-15|2023-02-14_2023-02-28|2023-04-30_2023-05-14|2023-06-29_2023-07-13|2023-07-29_2023-08-12|2023-09-12_2023-09-26|2024-01-10_2024-01-24|2024-05-09_2024-05-23|2024-07-08_2024-07-22|2024-08-07_2024-08-21|2024-10-06_2024-10-20|2024-12-05_2024-12-19|2025-07-03_2025-07-17
0.3,4,Core CPI m/m|PPI m/m|Core PPI m/m|CPI y/y,Neutral|Good|Good|Neutral,3,1,2,33.3,66.7,0.5,2018-09-08_2018-09-22|2023-03-31_2023-04-14|2025-04-04_2025-04-18
0.3,4,Core CPI m/m|PPI m/m|Core PPI m/m|CPI y/y,Neutral|Neutral|Good|Neutral,3,2,1,66.7,33.3,2.0,2019-08-04_2019-08-18|2019-12-02_2019-12-16|2022-03-06_2022-03-20
0.3,4,Core CPI m/m|PPI m/m|Core PPI m/m|CPI y/y,Neutral|Good|Neutral|Neutral,4,2,2,50.0,50.0,1.0,2020-04-30_2020-05-14|2022-08-03_2022-08-17|2023-11-11_2023-11-25|2024-06-08_2024-06-22
0.3,4,Core CPI m/m|PPI m/m|Core PPI m/m|CPI y/y,Neutral|Bad|Neutral|Neutral,1,0,1,0.0,100.0,0.0,2020-05-30_2020-06-13
0.3,4,Core CPI m/m|PPI m/m|Core PPI m/m|CPI y/y,Bad|Neutral|Bad|Bad,1,0,1,0.0,100.0,0.0,2020-07-29_2020-08-12
0.3,4,Core CPI m/m|PPI m/m|Core PPI m/m|CPI y/y,Bad|Bad|Bad|Bad,1,1,0,100.0,0.0,inf,2021-07-09_2021-07-23
0.3,4,Core CPI m/m|PPI m/m|Core PPI m/m|CPI y/y,Neutral|Bad|Bad|Neutral,1,1,0,100.0,0.0,inf,2022-02-04_2022-02-18
0.0,4,Core CPI m/m|PPI m/m|FOMC|CPI y/y,Bad|Good|Neutral|Good,1,0,1,0.0,100.0,0.0,2023-04-30_2023-05-14
0.0,4,Core CPI m/m|PPI m/m|FOMC|CPI y/y,Bad|Bad|Neutral|Bad,1,1,0,100.0,0.0,inf,2023-09-12_2023-09-26
0.0,4,Core CPI m/m|PPI m/m|FOMC|CPI y/y,Good|Good|Neutral|Good,1,1,0,100.0,0.0,inf,2024-06-08_2024-06-22
0.0,4,Core CPI m/m|PPI m/m|FOMC|CPI y/y,Neutral|Bad|Neutral|Neutral,1,1,0,100.0,0.0,inf,2024-12-05_2024-12-19
0.1,4,Core CPI m/m|PPI m/m|FOMC|CPI y/y,Bad|Neutral|Neutral|Neutral,1,0,1,0.0,100.0,0.0,2023-04-30_2023-05-14
0.1,4,Core CPI m/m|PPI m/m|FOMC|CPI y/y,Neutral|Bad|Neutral|Bad,1,1,0,100.0,0.0,inf,2023-09-12_2023-09-26
0.1,4,Core CPI m/m|PPI m/m|FOMC|CPI y/y,Neutral|Good|Neutral|Good,1,1,0,100.0,0.0,inf,2024-06-08_2024-06-22
0.1,4,Core CPI m/m|PPI m/m|FOMC|CPI y/y,Neutral|Bad|Neutral|Neutral,1,1,0,100.0,0.0,inf,2024-12-05_2024-12-19
0.2,4,Core CPI m/m|PPI m/m|FOMC|CPI y/y,Neutral|Neutral|Neutral|Neutral,2,1,1,50.0,50.0,1.0,2023-04-30_2023-05-14|2024-12-05_2024-12-19
0.2,4,Core CPI m/m|PPI m/m|FOMC|CPI y/y,Neutral|Bad|Neutral|Neutral,1,1,0,100.0,0.0,inf,2023-09-12_2023-09-26
0.2,4,Core CPI m/m|PPI m/m|FOMC|CPI y/y,Neutral|Good|Neutral|Neutral,1,1,0,100.0,0.0,inf,2024-06-08_2024-06-22
0.3,4,Core CPI m/m|PPI m/m|FOMC|CPI y/y,Neutral|Neutral|Neutral|Neutral,3,2,1,66.7,33.3,2.0,2023-04-30_2023-05-14|2023-09-12_2023-09-26|2024-12-05_2024-12-19
0.3,4,Core CPI m/m|PPI m/m|FOMC|CPI y/y,Neutral|Good|Neutral|Neutral,1,1,0,100.0,0.0,inf,2024-06-08_2024-06-22
0.0,4,Core CPI m/m|Core PPI m/m|FOMC|CPI y/y,Bad|Neutral|Neutral|Good,1,0,1,0.0,100.0,0.0,2023-04-30_2023-05-14
0.0,4,Core CPI m/m|Core PPI m/m|FOMC|CPI y/y,Bad|Neutral|Neutral|Bad,1,1,0,100.0,0.0,inf,2023-09-12_2023-09-26
0.0,4,Core CPI m/m|Core PPI m/m|FOMC|CPI y/y,Good|Good|Neutral|Good,1,1,0,100.0,0.0,inf,2024-06-08_2024-06-22
0.0,4,Core CPI m/m|Core PPI m/m|FOMC|CPI y/y,Neutral|Neutral|Neutral|Neutral,1,1,0,100.0,0.0,inf,2024-12-05_2024-12-19
0.1,4,Core CPI m/m|Core PPI m/m|FOMC|CPI y/y,Bad|Neutral|Neutral|Neutral,1,0,1,0.0,100.0,0.0,2023-04-30_2023-05-14
0.1,4,Core CPI m/m|Core PPI m/m|FOMC|CPI y/y,Neutral|Neutral|Neutral|Bad,1,1,0,100.0,0.0,inf,2023-09-12_2023-09-26
0.1,4,Core CPI m/m|Core PPI m/m|FOMC|CPI y/y,Neutral|Good|Neutral|Good,1,1,0,100.0,0.0,inf,2024-06-08_2024-06-22
0.1,4,Core CPI m/m|Core PPI m/m|FOMC|CPI y/y,Neutral|Neutral|Neutral|Neutral,1,1,0,100.0,0.0,inf,2024-12-05_2024-12-19
0.2,4,Core CPI m/m|Core PPI m/m|FOMC|CPI y/y,Neutral|Neutral|Neutral|Neutral,3,2,1,66.7,33.3,2.0,2023-04-30_2023-05-14|2023-09-12_2023-09-26|2024-12-05_2024-12-19
0.2,4,Core CPI m/m|Core PPI m/m|FOMC|CPI y/y,Neutral|Good|Neutral|Neutral,1,1,0,100.0,0.0,inf,2024-06-08_2024-06-22
0.3,4,Core CPI m/m|Core PPI m/m|FOMC|CPI y/y,Neutral|Neutral|Neutral|Neutral,4,3,1,75.0,25.0,3.0,2023-04-30_2023-05-14|2023-09-12_2023-09-26|2024-06-08_2024-06-22|2024-12-05_2024-12-19
0.0,4,PPI m/m|Core PPI m/m|FOMC|CPI y/y,Good|Neutral|Neutral|Good,1,0,1,0.0,100.0,0.0,2023-04-30_2023-05-14
0.0,4,PPI m/m|Core PPI m/m|FOMC|CPI y/y,Bad|Neutral|Neutral|Bad,1,1,0,100.0,0.0,inf,2023-09-12_2023-09-26
0.0,4,PPI m/m|Core PPI m/m|FOMC|CPI y/y,Good|Good|Neutral|Good,1,1,0,100.0,0.0,inf,2024-06-08_2024-06-22
0.0,4,PPI m/m|Core PPI m/m|FOMC|CPI y/y,Bad|Neutral|Neutral|Neutral,1,1,0,100.0,0.0,inf,2024-12-05_2024-12-19
0.1,4,PPI m/m|Core PPI m/m|FOMC|CPI y/y,Neutral|Neutral|Neutral|Neutral,1,0,1,0.0,100.0,0.0,2023-04-30_2023-05-14
0.1,4,PPI m/m|Core PPI m/m|FOMC|CPI y/y,Bad|Neutral|Neutral|Bad,1,1,0,100.0,0.0,inf,2023-09-12_2023-09-26
0.1,4,PPI m/m|Core PPI m/m|FOMC|CPI y/y,Good|Good|Neutral|Good,1,1,0,100.0,0.0,inf,2024-06-08_2024-06-22
0.1,4,PPI m/m|Core PPI m/m|FOMC|CPI y/y,Bad|Neutral|Neutral|Neutral,1,1,0,100.0,0.0,inf,2024-12-05_2024-12-19
0.2,4,PPI m/m|Core PPI m/m|FOMC|CPI y/y,Neutral|Neutral|Neutral|Neutral,2,1,1,50.0,50.0,1.0,2023-04-30_2023-05-14|2024-12-05_2024-12-19
0.2,4,PPI m/m|Core PPI m/m|FOMC|CPI y/y,Bad|Neutral|Neutral|Neutral,1,1,0,100.0,0.0,inf,2023-09-12_2023-09-26
0.2,4,PPI m/m|Core PPI m/m|FOMC|CPI y/y,Good|Good|Neutral|Neutral,1,1,0,100.0,0.0,inf,2024-06-08_2024-06-22
0.3,4,PPI m/m|Core PPI m/m|FOMC|CPI y/y,Neutral|Neutral|Neutral|Neutral,3,2,1,66.7,33.3,2.0,2023-04-30_2023-05-14|2023-09-12_2023-09-26|2024-12-05_2024-12-19
0.3,4,PPI m/m|Core PPI m/m|FOMC|CPI y/y,Good|Neutral|Neutral|Neutral,1,1,0,100.0,0.0,inf,2024-06-08_2024-06-22
0.0,5,CPI m/m|Core CPI m/m|PPI m/m|Core PPI m/m|FOMC,Neutral|Bad|Good|Neutral|Neutral,1,0,1,0.0,100.0,0.0,2023-04-30_2023-05-14
0.0,5,CPI m/m|Core CPI m/m|PPI m/m|Core PPI m/m|FOMC,Neutral|Bad|Bad|Neutral|Neutral,1,1,0,100.0,0.0,inf,2023-09-12_2023-09-26
0.0,5,CPI m/m|Core CPI m/m|PPI m/m|Core PPI m/m|FOMC,Good|Good|Good|Good|Neutral,1,1,0,100.0,0.0,inf,2024-06-08_2024-06-22
0.0,5,CPI m/m|Core CPI m/m|PPI m/m|Core PPI m/m|FOMC,Neutral|Neutral|Bad|Neutral|Neutral,1,1,0,100.0,0.0,inf,2024-12-05_2024-12-19
0.1,5,CPI m/m|Core CPI m/m|PPI m/m|Core PPI m/m|FOMC,Neutral|Bad|Neutral|Neutral|Neutral,1,0,1,0.0,100.0,0.0,2023-04-30_2023-05-14
0.1,5,CPI m/m|Core CPI m/m|PPI m/m|Core PPI m/m|FOMC,Neutral|Neutral|Bad|Neutral|Neutral,2,2,0,100.0,0.0,inf,2023-09-12_2023-09-26|2024-12-05_2024-12-19
0.1,5,CPI m/m|Core CPI m/m|PPI m/m|Core PPI m/m|FOMC,Neutral|Neutral|Good|Good|Neutral,1,1,0,100.0,0.0,inf,2024-06-08_2024-06-22
0.2,5,CPI m/m|Core CPI m/m|PPI m/m|Core PPI m/m|FOMC,Neutral|Neutral|Neutral|Neutral|Neutral,2,1,1,50.0,50.0,1.0,2023-04-30_2023-05-14|2024-12-05_2024-12-19
0.2,5,CPI m/m|Core CPI m/m|PPI m/m|Core PPI m/m|FOMC,Neutral|Neutral|Bad|Neutral|Neutral,1,1,0,100.0,0.0,inf,2023-09-12_2023-09-26
0.2,5,CPI m/m|Core CPI m/m|PPI m/m|Core PPI m/m|FOMC,Neutral|Neutral|Good|Good|Neutral,1,1,0,100.0,0.0,inf,2024-06-08_2024-06-22
0.3,5,CPI m/m|Core CPI m/m|PPI m/m|Core PPI m/m|FOMC,Neutral|Neutral|Neutral|Neutral|Neutral,3,2,1,66.7,33.3,2.0,2023-04-30_2023-05-14|2023-09-12_2023-09-26|2024-12-05_2024-12-19
0.3,5,CPI m/m|Core CPI m/m|PPI m/m|Core PPI m/m|FOMC,Neutral|Neutral|Good|Neutral|Neutral,1,1,0,100.0,0.0,inf,2024-06-08_2024-06-22
0.0,5,CPI m/m|Core CPI m/m|PPI m/m|Core PPI m/m|CPI y/y,Neutral|Neutral|Good|Good|Neutral,2,1,1,50.0,50.0,1.0,2018-08-09_2018-08-23|2022-03-06_2022-03-20
0.0,5,CPI m/m|Core CPI m/m|PPI m/m|Core PPI m/m|CPI y/y,Good|Good|Good|Good|Good,8,3,5,37.5,62.5,0.6,2018-09-08_2018-09-22|2020-04-30_2020-05-14|2022-08-03_2022-08-17|2022-11-01_2022-11-15|2023-06-29_2023-07-13|2023-11-11_2023-11-25|2024-06-08_2024-06-22|2025-04-04_2025-04-18
0.0,5,CPI m/m|Core CPI m/m|PPI m/m|Core PPI m/m|CPI y/y,Good|Good|Neutral|Neutral|Good,1,0,1,0.0,100.0,0.0,2018-10-08_2018-10-22
0.0,5,CPI m/m|Core CPI m/m|PPI m/m|Core PPI m/m|CPI y/y,Neutral|Neutral|Bad|Bad|Neutral,2,2,0,100.0,0.0,inf,2018-12-07_2018-12-21|2020-10-12_2020-10-26
0.0,5,CPI m/m|Core CPI m/m|PPI m/m|Core PPI m/m|CPI y/y,Good|Neutral|Good|Bad|Bad,1,1,0,100.0,0.0,inf,2019-02-05_2019-02-19
0.0,5,CPI m/m|Core CPI m/m|PPI m/m|Core PPI m/m|CPI y/y,Neutral|Good|Good|Good|Good,1,0,1,0.0,100.0,0.0,2019-03-07_2019-03-21
0.0,5,CPI m/m|Core CPI m/m|PPI m/m|Core PPI m/m|CPI y/y,Bad|Good|Bad|Bad|Bad,1,1,0,100.0,0.0,inf,2019-04-06_2019-04-20
0.0,5,CPI m/m|Core CPI m/m|PPI m/m|Core PPI m/m|CPI y/y,Good|Good|Neutral|Good|Good,1,0,1,0.0,100.0,0.0,2019-05-06_2019-05-20
0.0,5,CPI m/m|Core CPI m/m|PPI m/m|Core PPI m/m|CPI y/y,Neutral|Good|Neutral|Neutral|Good,1,0,1,0.0,100.0,0.0,2019-06-05_2019-06-19
0.0,5,CPI m/m|Core CPI m/m|PPI m/m|Core PPI m/m|CPI y/y,Neutral|Bad|Neutral|Good|Bad,1,1,0,100.0,0.0,inf,2019-08-04_2019-08-18
0.0,5,CPI m/m|Core CPI m/m|PPI m/m|Core PPI m/m|CPI y/y,Bad|Neutral|Good|Good|Bad,2,1,1,50.0,50.0,1.0,2019-12-02_2019-12-16|2024-01-10_2024-01-24
0.0,5,CPI m/m|Core CPI m/m|PPI m/m|Core PPI m/m|CPI y/y,Neutral|Good|Good|Good|Neutral,1,1,0,100.0,0.0,inf,2020-01-01_2020-01-15
0.0,5,CPI m/m|Core CPI m/m|PPI m/m|Core PPI m/m|CPI y/y,Good|Good|Bad|Neutral|Good,1,0,1,0.0,100.0,0.0,2020-05-30_2020-06-13
0.0,5,CPI m/m|Core CPI m/m|PPI m/m|Core PPI m/m|CPI y/y,Bad|Bad|Bad|Bad|Bad,4,3,1,75.0,25.0,3.0,2020-07-29_2020-08-12|2020-08-28_2020-09-11|2021-07-09_2021-07-23|2022-02-04_2022-02-18
0.0,5,CPI m/m|Core CPI m/m|PPI m/m|Core PPI m/m|CPI y/y,Bad|Bad|Neutral|Good|Bad,1,1,0,100.0,0.0,inf,2022-06-04_2022-06-18
0.0,5,CPI m/m|Core CPI m/m|PPI m/m|Core PPI m/m|CPI y/y,Neutral|Neutral|Bad|Bad|Bad,1,1,0,100.0,0.0,inf,2023-02-14_2023-02-28
0.0,5,CPI m/m|Core CPI m/m|PPI m/m|Core PPI m/m|CPI y/y,Good|Neutral|Good|Good|Good,1,0,1,0.0,100.0,0.0,2023-03-31_2023-04-14
0.0,5,CPI m/m|Core CPI m/m|PPI m/m|Core PPI m/m|CPI y/y,Neutral|Bad|Good|Neutral|Good,1,0,1,0.0,100.0,0.0,2023-04-30_2023-05-14
0.0,5,CPI m/m|Core CPI m/m|PPI m/m|Core PPI m/m|CPI y/y,Neutral|Neutral|Bad|Bad|Good,1,1,0,100.0,0.0,inf,2023-07-29_2023-08-12
0.0,5,CPI m/m|Core CPI m/m|PPI m/m|Core PPI m/m|CPI y/y,Neutral|Bad|Bad|Neutral|Bad,1,1,0,100.0,0.0,inf,2023-09-12_2023-09-26
0.0,5,CPI m/m|Core CPI m/m|PPI m/m|Core PPI m/m|CPI y/y,Good|Neutral|Bad|Bad|Neutral,1,0,1,0.0,100.0,0.0,2024-05-09_2024-05-23
0.0,5,CPI m/m|Core CPI m/m|PPI m/m|Core PPI m/m|CPI y/y,Good|Good|Bad|Bad|Good,1,1,0,100.0,0.0,inf,2024-07-08_2024-07-22
0.0,5,CPI m/m|Core CPI m/m|PPI m/m|Core PPI m/m|CPI y/y,Neutral|Neutral|Good|Good|Good,1,1,0,100.0,0.0,inf,2024-08-07_2024-08-21
0.0,5,CPI m/m|Core CPI m/m|PPI m/m|Core PPI m/m|CPI y/y,Bad|Bad|Good|Neutral|Bad,1,1,0,100.0,0.0,inf,2024-10-06_2024-10-20
0.0,5,CPI m/m|Core CPI m/m|PPI m/m|Core PPI m/m|CPI y/y,Neutral|Neutral|Bad|Neutral|Neutral,1,1,0,100.0,0.0,inf,2024-12-05_2024-12-19
0.0,5,CPI m/m|Core CPI m/m|PPI m/m|Core PPI m/m|CPI y/y,Neutral|Good|Good|Good|Bad,1,1,0,100.0,0.0,inf,2025-07-03_2025-07-17
0.1,5,CPI m/m|Core CPI m/m|PPI m/m|Core PPI m/m|CPI y/y,Neutral|Neutral|Good|Neutral|Neutral,1,1,0,100.0,0.0,inf,2018-08-09_2018-08-23
0.1,5,CPI m/m|Core CPI m/m|PPI m/m|Core PPI m/m|CPI y/y,Neutral|Neutral|Good|Good|Neutral,4,1,3,25.0,75.0,0.33,2018-09-08_2018-09-22|2022-03-06_2022-03-20|2023-03-31_2023-04-14|2023-11-11_2023-11-25
0.1,5,CPI m/m|Core CPI m/m|PPI m/m|Core PPI m/m|CPI y/y,Neutral|Neutral|Neutral|Neutral|Good,3,0,3,0.0,100.0,0.0,2018-10-08_2018-10-22|2019-03-07_2019-03-21|2023-06-29_2023-07-13
0.1,5,CPI m/m|Core CPI m/m|PPI m/m|Core PPI m/m|CPI y/y,Neutral|Neutral|Neutral|Bad|Neutral,1,1,0,100.0,0.0,inf,2018-12-07_2018-12-21
0.1,5,CPI m/m|Core CPI m/m|PPI m/m|Core PPI m/m|CPI y/y,Neutral|Neutral|Good|Neutral|Bad,1,1,0,100.0,0.0,inf,2019-02-05_2019-02-19
0.1,5,CPI m/m|Core CPI m/m|PPI m/m|Core PPI m/m|CPI y/y,Bad|Neutral|Bad|Neutral|Neutral,1,1,0,100.0,0.0,inf,2019-04-06_2019-04-20
0.1,5,CPI m/m|Core CPI m/m|PPI m/m|Core PPI m/m|CPI y/y,Good|Neutral|Neutral|Neutral|Good,1,0,1,0.0,100.0,0.0,2019-05-06_2019-05-20
0.1,5,CPI m/m|Core CPI m/m|PPI m/m|Core PPI m/m|CPI y/y,Neutral|Neutral|Neutral|Neutral|Neutral,3,2,1,66.7,33.3,2.0,2019-06-05_2019-06-19|2020-01-01_2020-01-15|2023-07-29_2023-08-12
0.1,5,CPI m/m|Core CPI m/m|PPI m/m|Core PPI m/m|CPI y/y,Neutral|Neutral|Neutral|Good|Bad,1,1,0,100.0,0.0,inf,2019-08-04_2019-08-18
0.1,5,CPI m/m|Core CPI m/m|PPI m/m|Core PPI m/m|CPI y/y,Neutral|Neutral|Good|Good|Bad,3,2,1,66.7,33.3,2.0,2019-12-02_2019-12-16|2024-01-10_2024-01-24|2025-07-03_2025-07-17
0.1,5,CPI m/m|Core CPI m/m|PPI m/m|Core PPI m/m|CPI y/y,Good|Good|Good|Good|Good,4,1,3,25.0,75.0,0.33,2020-04-30_2020-05-14|2022-08-03_2022-08-17|2022-11-01_2022-11-15|2025-04-04_2025-04-18
0.1,5,CPI m/m|Core CPI m/m|PPI m/m|Core PPI m/m|CPI y/y,Neutral|Neutral|Bad|Neutral|Good,1,0,1,0.0,100.0,0.0,2020-05-30_2020-06-13
0.1,5,CPI m/m|Core CPI m/m|PPI m/m|Core PPI m/m|CPI y/y,Bad|Bad|Bad|Bad|Bad,2,1,1,50.0,50.0,1.0,2020-07-29_2020-08-12|2021-07-09_2021-07-23
0.1,5,CPI m/m|Core CPI m/m|PPI m/m|Core PPI m/m|CPI y/y,Bad|Bad|Neutral|Bad|Bad,1,1,0,100.0,0.0,inf,2020-08-28_2020-09-11
0.1,5,CPI m/m|Core CPI m/m|PPI m/m|Core PPI m/m|CPI y/y,Neutral|Neutral|Bad|Bad|Neutral,1,1,0,100.0,0.0,inf,2020-10-12_2020-10-26
0.1,5,CPI m/m|Core CPI m/m|PPI m/m|Core PPI m/m|CPI y/y,Bad|Neutral|Bad|Bad|Bad,1,1,0,100.0,0.0,inf,2022-02-04_2022-02-18
0.1,5,CPI m/m|Core CPI m/m|PPI m/m|Core PPI m/m|CPI y/y,Bad|Neutral|Neutral|Neutral|Bad,1,1,0,100.0,0.0,inf,2022-06-04_2022-06-18
0.1,5,CPI m/m|Core CPI m/m|PPI m/m|Core PPI m/m|CPI y/y,Neutral|Neutral|Bad|Bad|Bad,1,1,0,100.0,0.0,inf,2023-02-14_2023-02-28
0.1,5,CPI m/m|Core CPI m/m|PPI m/m|Core PPI m/m|CPI y/y,Neutral|Bad|Neutral|Neutral|Neutral,1,0,1,0.0,100.0,0.0,2023-04-30_2023-05-14
0.1,5,CPI m/m|Core CPI m/m|PPI m/m|Core PPI m/m|CPI y/y,Neutral|Neutral|Bad|Neutral|Bad,1,1,0,100.0,0.0,inf,2023-09-12_2023-09-26
0.1,5,CPI m/m|Core CPI m/m|PPI m/m|Core PPI m/m|CPI y/y,Good|Neutral|Bad|Bad|Neutral,1,0,1,0.0,100.0,0.0,2024-05-09_2024-05-23
0.1,5,CPI m/m|Core CPI m/m|PPI m/m|Core PPI m/m|CPI y/y,Neutral|Neutral|Good|Good|Good,1,1,0,100.0,0.0,inf,2024-06-08_2024-06-22
0.1,5,CPI m/m|Core CPI m/m|PPI m/m|Core PPI m/m|CPI y/y,Good|Neutral|Neutral|Bad|Good,1,1,0,100.0,0.0,inf,2024-07-08_2024-07-22
0.1,5,CPI m/m|Core CPI m/m|PPI m/m|Core PPI m/m|CPI y/y,Neutral|Neutral|Neutral|Good|Good,1,1,0,100.0,0.0,inf,2024-08-07_2024-08-21
0.1,5,CPI m/m|Core CPI m/m|PPI m/m|Core PPI m/m|CPI y/y,Neutral|Neutral|Neutral|Neutral|Bad,1,1,0,100.0,0.0,inf,2024-10-06_2024-10-20
0.1,5,CPI m/m|Core CPI m/m|PPI m/m|Core PPI m/m|CPI y/y,Neutral|Neutral|Bad|Neutral|Neutral,1,1,0,100.0,0.0,inf,2024-12-05_2024-12-19
0.2,5,CPI m/m|Core CPI m/m|PPI m/m|Core PPI m/m|CPI y/y,Neutral|Neutral|Neutral|Neutral|Neutral,19,12,7,63.2,36.8,1.71,2018-08-09_2018-08-23|2018-10-08_2018-10-22|2018-12-07_2018-12-21|2019-02-05_2019-02-19|2019-03-07_2019-03-21|2019-05-06_2019-05-20|2019-06-05_2019-06-19|2020-01-01_2020-01-15|2020-08-28_2020-09-11|2020-10-12_2020-10-26|2023-04-30_2023-05-14|2023-06-29_2023-07-13|2023-07-29_2023-08-12|2024-01-10_2024-01-24|2024-07-08_2024-07-22|2024-08-07_2024-08-21|2024-10-06_2024-10-20|2024-12-05_2024-12-19|2025-07-03_2025-07-17
0.2,5,CPI m/m|Core CPI m/m|PPI m/m|Core PPI m/m|CPI y/y,Neutral|Neutral|Good|Good|Neutral,5,2,3,40.0,60.0,0.67,2018-09-08_2018-09-22|2023-03-31_2023-04-14|2023-11-11_2023-11-25|2024-06-08_2024-06-22|2025-04-04_2025-04-18
0.2,5,CPI m/m|Core CPI m/m|PPI m/m|Core PPI m/m|CPI y/y,Neutral|Neutral|Bad|Neutral|Neutral,3,2,1,66.7,33.3,2.0,2019-04-06_2019-04-20|2020-05-30_2020-06-13|2023-09-12_2023-09-26
0.2,5,CPI m/m|Core CPI m/m|PPI m/m|Core PPI m/m|CPI y/y,Neutral|Neutral|Neutral|Good|Neutral,3,2,1,66.7,33.3,2.0,2019-08-04_2019-08-18|2019-12-02_2019-12-16|2022-03-06_2022-03-20
0.2,5,CPI m/m|Core CPI m/m|PPI m/m|Core PPI m/m|CPI y/y,Neutral|Neutral|Good|Neutral|Neutral,2,1,1,50.0,50.0,1.0,2020-04-30_2020-05-14|2022-08-03_2022-08-17
0.2,5,CPI m/m|Core CPI m/m|PPI m/m|Core PPI m/m|CPI y/y,Bad|Bad|Bad|Bad|Bad,2,1,1,50.0,50.0,1.0,2020-07-29_2020-08-12|2021-07-09_2021-07-23
0.2,5,CPI m/m|Core CPI m/m|PPI m/m|Core PPI m/m|CPI y/y,Neutral|Neutral|Bad|Bad|Bad,1,1,0,100.0,0.0,inf,2022-02-04_2022-02-18
0.2,5,CPI m/m|Core CPI m/m|PPI m/m|Core PPI m/m|CPI y/y,Bad|Neutral|Neutral|Neutral|Bad,1,1,0,100.0,0.0,inf,2022-06-04_2022-06-18
0.2,5,CPI m/m|Core CPI m/m|PPI m/m|Core PPI m/m|CPI y/y,Neutral|Neutral|Neutral|Good|Good,1,0,1,0.0,100.0,0.0,2022-11-01_2022-11-15
0.2,5,CPI m/m|Core CPI m/m|PPI m/m|Core PPI m/m|CPI y/y,Neutral|Neutral|Bad|Neutral|Bad,1,1,0,100.0,0.0,inf,2023-02-14_2023-02-28
0.2,5,CPI m/m|Core CPI m/m|PPI m/m|Core PPI m/m|CPI y/y,Neutral|Neutral|Neutral|Bad|Neutral,1,0,1,0.0,100.0,0.0,2024-05-09_2024-05-23
0.3,5,CPI m/m|Core CPI m/m|PPI m/m|Core PPI m/m|CPI y/y,Neutral|Neutral|Neutral|Neutral|Neutral,24,15,9,62.5,37.5,1.67,2018-08-09_2018-08-23|2018-10-08_2018-10-22|2018-12-07_2018-12-21|2019-02-05_2019-02-19|2019-03-07_2019-03-21|2019-04-06_2019-04-20|2019-05-06_2019-05-20|2019-06-05_2019-06-19|2020-01-01_2020-01-15|2020-08-28_2020-09-11|2020-10-12_2020-10-26|2022-11-01_2022-11-15|2023-02-14_2023-02-28|2023-04-30_2023-05-14|2023-06-29_2023-07-13|2023-07-29_2023-08-12|2023-09-12_2023-09-26|2024-01-10_2024-01-24|2024-05-09_2024-05-23|2024-07-08_2024-07-22|2024-08-07_2024-08-21|2024-10-06_2024-10-20|2024-12-05_2024-12-19|2025-07-03_2025-07-17
0.3,5,CPI m/m|Core CPI m/m|PPI m/m|Core PPI m/m|CPI y/y,Neutral|Neutral|Good|Good|Neutral,3,1,2,33.3,66.7,0.5,2018-09-08_2018-09-22|2023-03-31_2023-04-14|2025-04-04_2025-04-18
0.3,5,CPI m/m|Core CPI m/m|PPI m/m|Core PPI m/m|CPI y/y,Neutral|Neutral|Neutral|Good|Neutral,3,2,1,66.7,33.3,2.0,2019-08-04_2019-08-18|2019-12-02_2019-12-16|2022-03-06_2022-03-20
0.3,5,CPI m/m|Core CPI m/m|PPI m/m|Core PPI m/m|CPI y/y,Neutral|Neutral|Good|Neutral|Neutral,4,2,2,50.0,50.0,1.0,2020-04-30_2020-05-14|2022-08-03_2022-08-17|2023-11-11_2023-11-25|2024-06-08_2024-06-22
0.3,5,CPI m/m|Core CPI m/m|PPI m/m|Core PPI m/m|CPI y/y,Neutral|Neutral|Bad|Neutral|Neutral,1,0,1,0.0,100.0,0.0,2020-05-30_2020-06-13
0.3,5,CPI m/m|Core CPI m/m|PPI m/m|Core PPI m/m|CPI y/y,Neutral|Bad|Neutral|Bad|Bad,1,0,1,0.0,100.0,0.0,2020-07-29_2020-08-12
0.3,5,CPI m/m|Core CPI m/m|PPI m/m|Core PPI m/m|CPI y/y,Bad|Bad|Bad|Bad|Bad,1,1,0,100.0,0.0,inf,2021-07-09_2021-07-23
0.3,5,CPI m/m|Core CPI m/m|PPI m/m|Core PPI m/m|CPI y/y,Neutral|Neutral|Bad|Bad|Neutral,1,1,0,100.0,0.0,inf,2022-02-04_2022-02-18
0.3,5,CPI m/m|Core CPI m/m|PPI m/m|Core PPI m/m|CPI y/y,Bad|Neutral|Neutral|Neutral|Neutral,1,1,0,100.0,0.0,inf,2022-06-04_2022-06-18
0.0,5,CPI m/m|Core CPI m/m|PPI m/m|FOMC|CPI y/y,Neutral|Bad|Good|Neutral|Good,1,0,1,0.0,100.0,0.0,2023-04-30_2023-05-14
0.0,5,CPI m/m|Core CPI m/m|PPI m/m|FOMC|CPI y/y,Neutral|Bad|Bad|Neutral|Bad,1,1,0,100.0,0.0,inf,2023-09-12_2023-09-26
0.0,5,CPI m/m|Core CPI m/m|PPI m/m|FOMC|CPI y/y,Good|Good|Good|Neutral|Good,1,1,0,100.0,0.0,inf,2024-06-08_2024-06-22
0.0,5,CPI m/m|Core CPI m/m|PPI m/m|FOMC|CPI y/y,Neutral|Neutral|Bad|Neutral|Neutral,1,1,0,100.0,0.0,inf,2024-12-05_2024-12-19
0.1,5,CPI m/m|Core CPI m/m|PPI m/m|FOMC|CPI y/y,Neutral|Bad|Neutral|Neutral|Neutral,1,0,1,0.0,100.0,0.0,2023-04-30_2023-05-14
0.1,5,CPI m/m|Core CPI m/m|PPI m/m|FOMC|CPI y/y,Neutral|Neutral|Bad|Neutral|Bad,1,1,0,100.0,0.0,inf,2023-09-12_2023-09-26
0.1,5,CPI m/m|Core CPI m/m|PPI m/m|FOMC|CPI y/y,Neutral|Neutral|Good|Neutral|Good,1,1,0,100.0,0.0,inf,2024-06-08_2024-06-22
0.1,5,CPI m/m|Core CPI m/m|PPI m/m|FOMC|CPI y/y,Neutral|Neutral|Bad|Neutral|Neutral,1,1,0,100.0,0.0,inf,2024-12-05_2024-12-19
0.2,5,CPI m/m|Core CPI m/m|PPI m/m|FOMC|CPI y/y,Neutral|Neutral|Neutral|Neutral|Neutral,2,1,1,50.0,50.0,1.0,2023-04-30_2023-05-14|2024-12-05_2024-12-19
0.2,5,CPI m/m|Core CPI m/m|PPI m/m|FOMC|CPI y/y,Neutral|Neutral|Bad|Neutral|Neutral,1,1,0,100.0,0.0,inf,2023-09-12_2023-09-26
0.2,5,CPI m/m|Core CPI m/m|PPI m/m|FOMC|CPI y/y,Neutral|Neutral|Good|Neutral|Neutral,1,1,0,100.0,0.0,inf,2024-06-08_2024-06-22
0.3,5,CPI m/m|Core CPI m/m|PPI m/m|FOMC|CPI y/y,Neutral|Neutral|Neutral|Neutral|Neutral,3,2,1,66.7,33.3,2.0,2023-04-30_2023-05-14|2023-09-12_2023-09-26|2024-12-05_2024-12-19
0.3,5,CPI m/m|Core CPI m/m|PPI m/m|FOMC|CPI y/y,Neutral|Neutral|Good|Neutral|Neutral,1,1,0,100.0,0.0,inf,2024-06-08_2024-06-22
0.0,5,CPI m/m|Core CPI m/m|Core PPI m/m|FOMC|CPI y/y,Neutral|Bad|Neutral|Neutral|Good,1,0,1,0.0,100.0,0.0,2023-04-30_2023-05-14
0.0,5,CPI m/m|Core CPI m/m|Core PPI m/m|FOMC|CPI y/y,Neutral|Bad|Neutral|Neutral|Bad,1,1,0,100.0,0.0,inf,2023-09-12_2023-09-26
0.0,5,CPI m/m|Core CPI m/m|Core PPI m/m|FOMC|CPI y/y,Good|Good|Good|Neutral|Good,1,1,0,100.0,0.0,inf,2024-06-08_2024-06-22
0.0,5,CPI m/m|Core CPI m/m|Core PPI m/m|FOMC|CPI y/y,Neutral|Neutral|Neutral|Neutral|Neutral,1,1,0,100.0,0.0,inf,2024-12-05_2024-12-19
0.1,5,CPI m/m|Core CPI m/m|Core PPI m/m|FOMC|CPI y/y,Neutral|Bad|Neutral|Neutral|Neutral,1,0,1,0.0,100.0,0.0,2023-04-30_2023-05-14
0.1,5,CPI m/m|Core CPI m/m|Core PPI m/m|FOMC|CPI y/y,Neutral|Neutral|Neutral|Neutral|Bad,1,1,0,100.0,0.0,inf,2023-09-12_2023-09-26
0.1,5,CPI m/m|Core CPI m/m|Core PPI m/m|FOMC|CPI y/y,Neutral|Neutral|Good|Neutral|Good,1,1,0,100.0,0.0,inf,2024-06-08_2024-06-22
0.1,5,CPI m/m|Core CPI m/m|Core PPI m/m|FOMC|CPI y/y,Neutral|Neutral|Neutral|Neutral|Neutral,1,1,0,100.0,0.0,inf,2024-12-05_2024-12-19
0.2,5,CPI m/m|Core CPI m/m|Core PPI m/m|FOMC|CPI y/y,Neutral|Neutral|Neutral|Neutral|Neutral,3,2,1,66.7,33.3,2.0,2023-04-30_2023-05-14|2023-09-12_2023-09-26|2024-12-05_2024-12-19
0.2,5,CPI m/m|Core CPI m/m|Core PPI m/m|FOMC|CPI y/y,Neutral|Neutral|Good|Neutral|Neutral,1,1,0,100.0,0.0,inf,2024-06-08_2024-06-22
0.3,5,CPI m/m|Core CPI m/m|Core PPI m/m|FOMC|CPI y/y,Neutral|Neutral|Neutral|Neutral|Neutral,4,3,1,75.0,25.0,3.0,2023-04-30_2023-05-14|2023-09-12_2023-09-26|2024-06-08_2024-06-22|2024-12-05_2024-12-19
0.0,5,CPI m/m|PPI m/m|Core PPI m/m|FOMC|CPI y/y,Neutral|Good|Neutral|Neutral|Good,1,0,1,0.0,100.0,0.0,2023-04-30_2023-05-14
0.0,5,CPI m/m|PPI m/m|Core PPI m/m|FOMC|CPI y/y,Neutral|Bad|Neutral|Neutral|Bad,1,1,0,100.0,0.0,inf,2023-09-12_2023-09-26
0.0,5,CPI m/m|PPI m/m|Core PPI m/m|FOMC|CPI y/y,Good|Good|Good|Neutral|Good,1,1,0,100.0,0.0,inf,2024-06-08_2024-06-22
0.0,5,CPI m/m|PPI m/m|Core PPI m/m|FOMC|CPI y/y,Neutral|Bad|Neutral|Neutral|Neutral,1,1,0,100.0,0.0,inf,2024-12-05_2024-12-19
0.1,5,CPI m/m|PPI m/m|Core PPI m/m|FOMC|CPI y/y,Neutral|Neutral|Neutral|Neutral|Neutral,1,0,1,0.0,100.0,0.0,2023-04-30_2023-05-14
0.1,5,CPI m/m|PPI m/m|Core PPI m/m|FOMC|CPI y/y,Neutral|Bad|Neutral|Neutral|Bad,1,1,0,100.0,0.0,inf,2023-09-12_2023-09-26
0.1,5,CPI m/m|PPI m/m|Core PPI m/m|FOMC|CPI y/y,Neutral|Good|Good|Neutral|Good,1,1,0,100.0,0.0,inf,2024-06-08_2024-06-22
0.1,5,CPI m/m|PPI m/m|Core PPI m/m|FOMC|CPI y/y,Neutral|Bad|Neutral|Neutral|Neutral,1,1,0,100.0,0.0,inf,2024-12-05_2024-12-19
0.2,5,CPI m/m|PPI m/m|Core PPI m/m|FOMC|CPI y/y,Neutral|Neutral|Neutral|Neutral|Neutral,2,1,1,50.0,50.0,1.0,2023-04-30_2023-05-14|2024-12-05_2024-12-19
0.2,5,CPI m/m|PPI m/m|Core PPI m/m|FOMC|CPI y/y,Neutral|Bad|Neutral|Neutral|Neutral,1,1,0,100.0,0.0,inf,2023-09-12_2023-09-26
0.2,5,CPI m/m|PPI m/m|Core PPI m/m|FOMC|CPI y/y,Neutral|Good|Good|Neutral|Neutral,1,1,0,100.0,0.0,inf,2024-06-08_2024-06-22
0.3,5,CPI m/m|PPI m/m|Core PPI m/m|FOMC|CPI y/y,Neutral|Neutral|Neutral|Neutral|Neutral,3,2,1,66.7,33.3,2.0,2023-04-30_2023-05-14|2023-09-12_2023-09-26|2024-12-05_2024-12-19
0.3,5,CPI m/m|PPI m/m|Core PPI m/m|FOMC|CPI y/y,Neutral|Good|Neutral|Neutral|Neutral,1,1,0,100.0,0.0,inf,2024-06-08_2024-06-22
0.0,5,Core CPI m/m|PPI m/m|Core PPI m/m|FOMC|CPI y/y,Bad|Good|Neutral|Neutral|Good,1,0,1,0.0,100.0,0.0,2023-04-30_2023-05-14
0.0,5,Core CPI m/m|PPI m/m|Core PPI m/m|FOMC|CPI y/y,Bad|Bad|Neutral|Neutral|Bad,1,1,0,100.0,0.0,inf,2023-09-12_2023-09-26
0.0,5,Core CPI m/m|PPI m/m|Core PPI m/m|FOMC|CPI y/y,Good|Good|Good|Neutral|Good,1,1,0,100.0,0.0,inf,2024-06-08_2024-06-22
0.0,5,Core CPI m/m|PPI m/m|Core PPI m/m|FOMC|CPI y/y,Neutral|Bad|Neutral|Neutral|Neutral,1,1,0,100.0,0.0,inf,2024-12-05_2024-12-19
0.1,5,Core CPI m/m|PPI m/m|Core PPI m/m|FOMC|CPI y/y,Bad|Neutral|Neutral|Neutral|Neutral,1,0,1,0.0,100.0,0.0,2023-04-30_2023-05-14
0.1,5,Core CPI m/m|PPI m/m|Core PPI m/m|FOMC|CPI y/y,Neutral|Bad|Neutral|Neutral|Bad,1,1,0,100.0,0.0,inf,2023-09-12_2023-09-26
0.1,5,Core CPI m/m|PPI m/m|Core PPI m/m|FOMC|CPI y/y,Neutral|Good|Good|Neutral|Good,1,1,0,100.0,0.0,inf,2024-06-08_2024-06-22
0.1,5,Core CPI m/m|PPI m/m|Core PPI m/m|FOMC|CPI y/y,Neutral|Bad|Neutral|Neutral|Neutral,1,1,0,100.0,0.0,inf,2024-12-05_2024-12-19
0.2,5,Core CPI m/m|PPI m/m|Core PPI m/m|FOMC|CPI y/y,Neutral|Neutral|Neutral|Neutral|Neutral,2,1,1,50.0,50.0,1.0,2023-04-30_2023-05-14|2024-12-05_2024-12-19
0.2,5,Core CPI m/m|PPI m/m|Core PPI m/m|FOMC|CPI y/y,Neutral|Bad|Neutral|Neutral|Neutral,1,1,0,100.0,0.0,inf,2023-09-12_2023-09-26
0.2,5,Core CPI m/m|PPI m/m|Core PPI m/m|FOMC|CPI y/y,Neutral|Good|Good|Neutral|Neutral,1,1,0,100.0,0.0,inf,2024-06-08_2024-06-22
0.3,5,Core CPI m/m|PPI m/m|Core PPI m/m|FOMC|CPI y/y,Neutral|Neutral|Neutral|Neutral|Neutral,3,2,1,66.7,33.3,2.0,2023-04-30_2023-05-14|2023-09-12_2023-09-26|2024-12-05_2024-12-19
0.3,5,Core CPI m/m|PPI m/m|Core PPI m/m|FOMC|CPI y/y,Neutral|Good|Neutral|Neutral|Neutral,1,1,0,100.0,0.0,inf,2024-06-08_2024-06-22
0.0,6,CPI m/m|Core CPI m/m|PPI m/m|Core PPI m/m|FOMC|CPI y/y,Neutral|Bad|Good|Neutral|Neutral|Good,1,0,1,0.0,100.0,0.0,2023-04-30_2023-05-14
0.0,6,CPI m/m|Core CPI m/m|PPI m/m|Core PPI m/m|FOMC|CPI y/y,Neutral|Bad|Bad|Neutral|Neutral|Bad,1,1,0,100.0,0.0,inf,2023-09-12_2023-09-26
0.0,6,CPI m/m|Core CPI m/m|PPI m/m|Core PPI m/m|FOMC|CPI y/y,Good|Good|Good|Good|Neutral|Good,1,1,0,100.0,0.0,inf,2024-06-08_2024-06-22
0.0,6,CPI m/m|Core CPI m/m|PPI m/m|Core PPI m/m|FOMC|CPI y/y,Neutral|Neutral|Bad|Neutral|Neutral|Neutral,1,1,0,100.0,0.0,inf,2024-12-05_2024-12-19
0.1,6,CPI m/m|Core CPI m/m|PPI m/m|Core PPI m/m|FOMC|CPI y/y,Neutral|Bad|Neutral|Neutral|Neutral|Neutral,1,0,1,0.0,100.0,0.0,2023-04-30_2023-05-14
0.1,6,CPI m/m|Core CPI m/m|PPI m/m|Core PPI m/m|FOMC|CPI y/y,Neutral|Neutral|Bad|Neutral|Neutral|Bad,1,1,0,100.0,0.0,inf,2023-09-12_2023-09-26
0.1,6,CPI m/m|Core CPI m/m|PPI m/m|Core PPI m/m|FOMC|CPI y/y,Neutral|Neutral|Good|Good|Neutral|Good,1,1,0,100.0,0.0,inf,2024-06-08_2024-06-22
0.1,6,CPI m/m|Core CPI m/m|PPI m/m|Core PPI m/m|FOMC|CPI y/y,Neutral|Neutral|Bad|Neutral|Neutral|Neutral,1,1,0,100.0,0.0,inf,2024-12-05_2024-12-19
0.2,6,CPI m/m|Core CPI m/m|PPI m/m|Core PPI m/m|FOMC|CPI y/y,Neutral|Neutral|Neutral|Neutral|Neutral|Neutral,2,1,1,50.0,50.0,1.0,2023-04-30_2023-05-14|2024-12-05_2024-12-19
0.2,6,CPI m/m|Core CPI m/m|PPI m/m|Core PPI m/m|FOMC|CPI y/y,Neutral|Neutral|Bad|Neutral|Neutral|Neutral,1,1,0,100.0,0.0,inf,2023-09-12_2023-09-26
0.2,6,CPI m/m|Core CPI m/m|PPI m/m|Core PPI m/m|FOMC|CPI y/y,Neutral|Neutral|Good|Good|Neutral|Neutral,1,1,0,100.0,0.0,inf,2024-06-08_2024-06-22
0.3,6,CPI m/m|Core CPI m/m|PPI m/m|Core PPI m/m|FOMC|CPI y/y,Neutral|Neutral|Neutral|Neutral|Neutral|Neutral,3,2,1,66.7,33.3,2.0,2023-04-30_2023-05-14|2023-09-12_2023-09-26|2024-12-05_2024-12-19
0.3,6,CPI m/m|Core CPI m/m|PPI m/m|Core PPI m/m|FOMC|CPI y/y,Neutral|Neutral|Good|Neutral|Neutral|Neutral,1,1,0,100.0,0.0,inf,2024-06-08_2024-06-22
