آستانه,تعداد_شاخص‌ها,لیست_شاخص‌ها,الگوی_وضعیت,تعداد_کل_وقوع,تعداد_ضررده,تعداد_سودده,درصد_ضررده,درصد_سودده,نسبت_شانس,ماه‌ها
0.0,1,CPI m/m,Neutral,28,18,10,64.3,35.7,1.8,2018-01|2018-03|2018-06|2018-11|2018-12|2019-08|2020-10|2021-01|2021-02|2021-03|2021-08|2022-03|2022-04|2023-01|2023-02|2023-03|2023-05|2023-08|2023-09|2024-03|2024-08|2024-09|2024-11|2024-12|2025-01|2025-07|2025-08|2026-01
0.0,1,CPI m/m,Good,22,15,7,68.2,31.8,2.14,2018-04|2018-05|2018-09|2018-10|2019-02|2019-05|2019-10|2020-06|2021-09|2022-08|2022-11|2023-04|2023-07|2024-05|2024-06|2024-07|2025-03|2025-04|2025-05|2025-06|2025-10|2026-02
0.0,1,CPI m/m,Bad,26,21,5,80.8,19.2,4.2,2019-07|2019-12|2020-09|2020-12|2021-04|2021-05|2021-06|2021-07|2021-10|2021-11|2021-12|2022-01|2022-02|2022-05|2022-06|2022-07|2022-09|2022-10|2023-10|2023-12|2024-01|2024-02|2024-04|2024-10|2025-02|2025-09
0.1,1,CPI m/m,Neutral,52,35,17,67.3,32.7,2.06,2018-01|2018-03|2018-04|2018-05|2018-06|2018-09|2018-10|2018-11|2018-12|2019-02|2019-07|2019-08|2019-10|2019-12|2020-06|2020-10|2020-12|2021-01|2021-02|2021-03|2021-04|2021-08|2022-01|2022-03|2022-04|2022-05|2023-01|2023-02|2023-03|2023-04|2023-05|2023-07|2023-08|2023-09|2023-12|2024-01|2024-02|2024-03|2024-06|2024-08|2024-09|2024-10|2024-11|2024-12|2025-01|2025-03|2025-05|2025-06|2025-07|2025-08|2026-01|2026-02
0.1,1,CPI m/m,Good,8,6,2,75.0,25.0,3.0,2019-05|2021-09|2022-08|2022-11|2024-05|2024-07|2025-04|2025-10
0.1,1,CPI m/m,Bad,16,13,3,81.2,18.8,4.33,2020-09|2021-05|2021-06|2021-07|2021-10|2021-11|2021-12|2022-02|2022-06|2022-07|2022-09|2022-10|2023-10|2024-04|2025-02|2025-09
0.2,1,CPI m/m,Neutral,72,50,22,69.4,30.6,2.27,2018-01|2018-03|2018-04|2018-05|2018-06|2018-09|2018-10|2018-11|2018-12|2019-02|2019-05|2019-07|2019-08|2019-10|2019-12|2020-06|2020-09|2020-10|2020-12|2021-01|2021-02|2021-03|2021-04|2021-06|2021-08|2021-09|2021-10|2021-12|2022-01|2022-02|2022-03|2022-04|2022-05|2022-07|2022-08|2022-09|2022-10|2022-11|2023-01|2023-02|2023-03|2023-04|2023-05|2023-07|2023-08|2023-09|2023-10|2023-12|2024-01|2024-02|2024-03|2024-04|2024-05|2024-06|2024-07|2024-08|2024-09|2024-10|2024-11|2024-12|2025-01|2025-02|2025-03|2025-04|2025-05|2025-06|2025-07|2025-08|2025-09|2025-10|2026-01|2026-02
0.2,1,CPI m/m,Bad,4,4,0,100.0,0.0,inf,2021-05|2021-07|2021-11|2022-06
0.3,1,CPI m/m,Neutral,72,50,22,69.4,30.6,2.27,2018-01|2018-03|2018-04|2018-05|2018-06|2018-09|2018-10|2018-11|2018-12|2019-02|2019-05|2019-07|2019-08|2019-10|2019-12|2020-06|2020-09|2020-10|2020-12|2021-01|2021-02|2021-03|2021-04|2021-06|2021-08|2021-09|2021-10|2021-12|2022-01|2022-02|2022-03|2022-04|2022-05|2022-07|2022-08|2022-09|2022-10|2022-11|2023-01|2023-02|2023-03|2023-04|2023-05|2023-07|2023-08|2023-09|2023-10|2023-12|2024-01|2024-02|2024-03|2024-04|2024-05|2024-06|2024-07|2024-08|2024-09|2024-10|2024-11|2024-12|2025-01|2025-02|2025-03|2025-04|2025-05|2025-06|2025-07|2025-08|2025-09|2025-10|2026-01|2026-02
0.3,1,CPI m/m,Bad,4,4,0,100.0,0.0,inf,2021-05|2021-07|2021-11|2022-06
0.0,1,Core CPI m/m,Bad,27,23,4,85.2,14.8,5.75,2018-01|2018-06|2019-07|2019-08|2020-09|2020-12|2021-04|2021-05|2021-06|2021-07|2021-11|2022-01|2022-02|2022-05|2022-06|2022-07|2022-09|2022-10|2023-03|2023-05|2023-09|2024-02|2024-03|2024-04|2024-09|2024-10|2025-02
0.0,1,Core CPI m/m,Neutral,25,15,10,60.0,40.0,1.5,2018-03|2018-04|2018-11|2018-12|2019-02|2019-12|2020-10|2021-01|2021-10|2021-12|2022-03|2023-01|2023-02|2023-04|2023-08|2023-10|2023-12|2024-01|2024-05|2024-08|2024-11|2024-12|2025-08|2025-09|2026-02
0.0,1,Core CPI m/m,Good,24,16,8,66.7,33.3,2.0,2018-05|2018-09|2018-10|2019-05|2019-10|2020-06|2021-02|2021-03|2021-08|2021-09|2022-04|2022-08|2022-11|2023-07|2024-06|2024-07|2025-01|2025-03|2025-04|2025-05|2025-06|2025-07|2025-10|2026-01
0.1,1,Core CPI m/m,Neutral,54,36,18,66.7,33.3,2.0,2018-01|2018-03|2018-04|2018-05|2018-06|2018-09|2018-10|2018-11|2018-12|2019-02|2019-05|2019-07|2019-08|2019-10|2019-12|2020-06|2020-10|2020-12|2021-01|2021-03|2021-04|2021-10|2021-12|2022-01|2022-02|2022-03|2022-06|2023-01|2023-02|2023-03|2023-04|2023-07|2023-08|2023-09|2023-10|2023-12|2024-01|2024-05|2024-06|2024-07|2024-08|2024-09|2024-10|2024-11|2024-12|2025-01|2025-03|2025-05|2025-07|2025-08|2025-09|2025-10|2026-01|2026-02
0.1,1,Core CPI m/m,Bad,14,11,3,78.6,21.4,3.67,2020-09|2021-05|2021-06|2021-07|2021-11|2022-05|2022-07|2022-09|2022-10|2023-05|2024-02|2024-03|2024-04|2025-02
0.1,1,Core CPI m/m,Good,8,7,1,87.5,12.5,7.0,2021-02|2021-08|2021-09|2022-04|2022-08|2022-11|2025-04|2025-06
0.2,1,Core CPI m/m,Neutral,73,52,21,71.2,28.8,2.48,2018-01|2018-03|2018-04|2018-05|2018-06|2018-09|2018-10|2018-11|2018-12|2019-02|2019-05|2019-07|2019-08|2019-10|2019-12|2020-06|2020-09|2020-10|2020-12|2021-01|2021-02|2021-03|2021-04|2021-06|2021-08|2021-09|2021-10|2021-11|2021-12|2022-01|2022-02|2022-03|2022-04|2022-05|2022-06|2022-07|2022-08|2022-10|2022-11|2023-01|2023-02|2023-03|2023-04|2023-05|2023-07|2023-08|2023-09|2023-10|2023-12|2024-01|2024-02|2024-03|2024-04|2024-05|2024-06|2024-07|2024-08|2024-09|2024-10|2024-11|2024-12|2025-01|2025-02|2025-03|2025-04|2025-05|2025-06|2025-07|2025-08|2025-09|2025-10|2026-01|2026-02
0.2,1,Core CPI m/m,Bad,3,2,1,66.7,33.3,2.0,2021-05|2021-07|2022-09
0.3,1,Core CPI m/m,Neutral,74,52,22,70.3,29.7,2.36,2018-01|2018-03|2018-04|2018-05|2018-06|2018-09|2018-10|2018-11|2018-12|2019-02|2019-05|2019-07|2019-08|2019-10|2019-12|2020-06|2020-09|2020-10|2020-12|2021-01|2021-02|2021-03|2021-04|2021-06|2021-08|2021-09|2021-10|2021-11|2021-12|2022-01|2022-02|2022-03|2022-04|2022-05|2022-06|2022-07|2022-08|2022-09|2022-10|2022-11|2023-01|2023-02|2023-03|2023-04|2023-05|2023-07|2023-08|2023-09|2023-10|2023-12|2024-01|2024-02|2024-03|2024-04|2024-05|2024-06|2024-07|2024-08|2024-09|2024-10|2024-11|2024-12|2025-01|2025-02|2025-03|2025-04|2025-05|2025-06|2025-07|2025-08|2025-09|2025-10|2026-01|2026-02
0.3,1,Core CPI m/m,Bad,2,2,0,100.0,0.0,inf,2021-05|2021-07
0.0,1,PPI m/m,Good,29,23,6,79.3,20.7,3.83,2018-01|2018-05|2018-09|2019-02|2019-10|2019-12|2021-01|2021-10|2022-01|2022-03|2022-08|2022-11|2023-01|2023-03|2023-04|2023-05|2023-07|2024-01|2024-04|2024-06|2024-08|2024-10|2025-01|2025-03|2025-04|2025-05|2025-06|2025-07|2025-09
0.0,1,PPI m/m,Bad,35,24,11,68.6,31.4,2.18,2018-03|2018-04|2018-06|2018-11|2018-12|2020-06|2020-09|2020-10|2021-02|2021-03|2021-04|2021-05|2021-06|2021-07|2021-08|2021-09|2021-12|2022-02|2022-04|2022-07|2022-10|2023-02|2023-08|2023-09|2023-10|2024-02|2024-03|2024-05|2024-07|2024-09|2024-12|2025-02|2025-08|2026-01|2026-02
0.0,1,PPI m/m,Neutral,12,7,5,58.3,41.7,1.4,2018-10|2019-05|2019-07|2019-08|2020-12|2021-11|2022-05|2022-06|2022-09|2023-12|2024-11|2025-11
0.1,1,PPI m/m,Good,21,16,5,76.2,23.8,3.2,2018-01|2018-09|2019-02|2019-10|2019-12|2021-01|2022-01|2022-03|2022-08|2022-11|2023-01|2023-03|2023-04|2024-01|2024-06|2025-01|2025-03|2025-04|2025-05|2025-07|2025-09
0.1,1,PPI m/m,Neutral,28,20,8,71.4,28.6,2.5,2018-03|2018-05|2018-10|2018-12|2019-05|2019-07|2019-08|2020-09|2020-12|2021-03|2021-09|2021-10|2021-11|2022-05|2022-06|2022-09|2023-05|2023-07|2023-08|2023-12|2024-04|2024-07|2024-08|2024-09|2024-10|2024-11|2025-06|2025-11
0.1,1,PPI m/m,Bad,27,18,9,66.7,33.3,2.0,2018-04|2018-06|2018-11|2020-06|2020-10|2021-02|2021-04|2021-05|2021-06|2021-07|2021-08|2021-12|2022-02|2022-04|2022-07|2022-10|2023-02|2023-09|2023-10|2024-02|2024-03|2024-05|2024-12|2025-02|2025-08|2026-01|2026-02
0.2,1,PPI m/m,Good,12,9,3,75.0,25.0,3.0,2018-01|2018-09|2019-10|2022-08|2023-01|2023-03|2023-04|2024-06|2025-03|2025-04|2025-05|2025-09
0.2,1,PPI m/m,Neutral,48,32,16,66.7,33.3,2.0,2018-03|2018-04|2018-05|2018-06|2018-10|2018-12|2019-02|2019-05|2019-07|2019-08|2019-12|2020-09|2020-10|2020-12|2021-01|2021-03|2021-09|2021-10|2021-11|2022-01|2022-03|2022-05|2022-06|2022-09|2022-10|2022-11|2023-05|2023-07|2023-08|2023-10|2023-12|2024-01|2024-02|2024-04|2024-05|2024-07|2024-08|2024-09|2024-10|2024-11|2024-12|2025-01|2025-02|2025-06|2025-07|2025-11|2026-01|2026-02
0.2,1,PPI m/m,Bad,16,13,3,81.2,18.8,4.33,2018-11|2020-06|2021-02|2021-04|2021-05|2021-06|2021-07|2021-08|2021-12|2022-02|2022-04|2022-07|2023-02|2023-09|2024-03|2025-08
0.3,1,PPI m/m,Good,11,9,2,81.8,18.2,4.5,2018-01|2018-09|2019-10|2022-08|2023-01|2023-03|2023-04|2024-06|2025-04|2025-05|2025-09
0.3,1,PPI m/m,Neutral,54,35,19,64.8,35.2,1.84,2018-03|2018-04|2018-05|2018-06|2018-10|2018-12|2019-02|2019-05|2019-07|2019-08|2019-12|2020-09|2020-10|2020-12|2021-01|2021-03|2021-05|2021-09|2021-10|2021-11|2022-01|2022-03|2022-04|2022-05|2022-06|2022-09|2022-10|2022-11|2023-02|2023-05|2023-07|2023-08|2023-09|2023-10|2023-12|2024-01|2024-02|2024-03|2024-04|2024-05|2024-07|2024-08|2024-09|2024-10|2024-11|2024-12|2025-01|2025-02|2025-03|2025-06|2025-07|2025-11|2026-01|2026-02
0.3,1,PPI m/m,Bad,11,10,1,90.9,9.1,10.0,2018-11|2020-06|2021-02|2021-04|2021-06|2021-07|2021-08|2021-12|2022-02|2022-07|2025-08
0.0,1,Core PPI m/m,Good,30,24,6,80.0,20.0,4.0,2018-01|2018-09|2019-05|2019-08|2019-10|2019-12|2020-12|2021-10|2021-11|2022-03|2022-05|2022-06|2022-07|2022-08|2022-11|2023-03|2023-04|2023-07|2023-12|2024-01|2024-06|2024-08|2025-01|2025-03|2025-04|2025-05|2025-06|2025-07|2025-09|2025-11
0.0,1,Core PPI m/m,Neutral,16,10,6,62.5,37.5,1.67,2018-03|2018-05|2018-10|2020-06|2021-01|2021-03|2022-01|2022-10|2023-01|2023-05|2023-09|2024-04|2024-10|2024-11|2024-12|2025-02
0.0,1,Core PPI m/m,Bad,30,20,10,66.7,33.3,2.0,2018-04|2018-06|2018-11|2018-12|2019-02|2019-07|2020-09|2020-10|2021-02|2021-04|2021-05|2021-06|2021-07|2021-08|2021-09|2021-12|2022-02|2022-04|2022-09|2023-02|2023-08|2023-10|2024-02|2024-03|2024-05|2024-07|2024-09|2025-08|2026-01|2026-02
0.1,1,Core PPI m/m,Good,23,18,5,78.3,21.7,3.6,2018-01|2018-09|2019-08|2019-10|2019-12|2021-10|2022-03|2022-05|2022-08|2022-11|2023-03|2023-04|2023-12|2024-01|2024-06|2024-08|2025-01|2025-03|2025-04|2025-05|2025-06|2025-07|2025-09
0.1,1,Core PPI m/m,Neutral,32,24,8,75.0,25.0,3.0,2018-03|2018-04|2018-05|2018-06|2018-10|2019-02|2019-05|2019-07|2020-06|2020-12|2021-01|2021-03|2021-09|2021-11|2022-01|2022-06|2022-07|2022-10|2023-01|2023-05|2023-07|2023-08|2023-09|2023-10|2024-03|2024-04|2024-09|2024-10|2024-11|2024-12|2025-02|2025-11
0.1,1,Core PPI m/m,Bad,21,12,9,57.1,42.9,1.33,2018-11|2018-12|2020-09|2020-10|2021-02|2021-04|2021-05|2021-06|2021-07|2021-08|2021-12|2022-02|2022-04|2022-09|2023-02|2024-02|2024-05|2024-07|2025-08|2026-01|2026-02
0.2,1,Core PPI m/m,Good,15,13,2,86.7,13.3,6.5,2018-01|2018-09|2019-08|2019-10|2019-12|2021-10|2022-03|2022-11|2023-03|2023-04|2024-06|2025-03|2025-04|2025-05|2025-09
0.2,1,Core PPI m/m,Neutral,48,32,16,66.7,33.3,2.0,2018-03|2018-04|2018-05|2018-06|2018-10|2018-12|2019-02|2019-05|2019-07|2020-06|2020-09|2020-10|2020-12|2021-01|2021-03|2021-06|2021-09|2021-11|2022-01|2022-05|2022-06|2022-07|2022-08|2022-09|2022-10|2023-01|2023-02|2023-05|2023-07|2023-08|2023-09|2023-10|2023-12|2024-01|2024-03|2024-04|2024-07|2024-08|2024-09|2024-10|2024-11|2024-12|2025-01|2025-02|2025-06|2025-07|2025-11|2026-01
0.2,1,Core PPI m/m,Bad,13,9,4,69.2,30.8,2.25,2018-11|2021-02|2021-04|2021-05|2021-07|2021-08|2021-12|2022-02|2022-04|2024-02|2024-05|2025-08|2026-02
0.3,1,Core PPI m/m,Good,12,10,2,83.3,16.7,5.0,2018-01|2018-09|2019-08|2019-10|2019-12|2022-03|2023-03|2023-04|2025-03|2025-04|2025-05|2025-09
0.3,1,Core PPI m/m,Neutral,55,37,18,67.3,32.7,2.06,2018-03|2018-04|2018-05|2018-06|2018-10|2018-11|2018-12|2019-02|2019-05|2019-07|2020-06|2020-09|2020-10|2020-12|2021-01|2021-03|2021-05|2021-06|2021-09|2021-10|2021-11|2021-12|2022-01|2022-05|2022-06|2022-07|2022-08|2022-09|2022-10|2022-11|2023-01|2023-02|2023-05|2023-07|2023-08|2023-09|2023-10|2023-12|2024-01|2024-03|2024-04|2024-05|2024-06|2024-07|2024-08|2024-09|2024-10|2024-11|2024-12|2025-01|2025-02|2025-06|2025-07|2025-11|2026-01
0.3,1,Core PPI m/m,Bad,9,7,2,77.8,22.2,3.5,2021-02|2021-04|2021-07|2021-08|2022-02|2022-04|2024-02|2025-08|2026-02
0.0,1,FOMC,Neutral,10,4,6,40.0,60.0,0.67,2023-03|2023-05|2023-07|2023-09|2023-12|2024-06|2024-07|2024-11|2024-12|2025-01
0.0,1,FOMC,Good,1,0,1,0.0,100.0,0.0,2024-09
0.1,1,FOMC,Neutral,10,4,6,40.0,60.0,0.67,2023-03|2023-05|2023-07|2023-09|2023-12|2024-06|2024-07|2024-11|2024-12|2025-01
0.1,1,FOMC,Good,1,0,1,0.0,100.0,0.0,2024-09
0.2,1,FOMC,Neutral,10,4,6,40.0,60.0,0.67,2023-03|2023-05|2023-07|2023-09|2023-12|2024-06|2024-07|2024-11|2024-12|2025-01
0.2,1,FOMC,Good,1,0,1,0.0,100.0,0.0,2024-09
0.3,1,FOMC,Neutral,11,4,7,36.4,63.6,0.57,2023-03|2023-05|2023-07|2023-09|2023-12|2024-06|2024-07|2024-09|2024-11|2024-12|2025-01
0.0,1,CPI y/y,Neutral,27,16,11,59.3,40.7,1.45,2018-01|2018-03|2018-04|2018-05|2018-06|2018-11|2018-12|2019-07|2020-10|2020-12|2021-01|2021-02|2021-03|2021-09|2021-12|2022-01|2022-03|2023-01|2023-03|2023-12|2024-05|2024-09|2024-11|2024-12|2025-01|2025-09|2026-01
0.0,1,CPI y/y,Good,22,16,6,72.7,27.3,2.67,2018-09|2018-10|2019-05|2019-10|2020-06|2022-08|2022-11|2023-04|2023-05|2023-07|2023-08|2024-06|2024-07|2024-08|2025-03|2025-04|2025-05|2025-06|2025-08|2025-10|2025-12|2026-02
0.0,1,CPI y/y,Bad,28,23,5,82.1,17.9,4.6,2019-02|2019-08|2019-12|2020-09|2021-04|2021-05|2021-06|2021-07|2021-08|2021-10|2021-11|2022-02|2022-04|2022-05|2022-06|2022-07|2022-09|2022-10|2023-02|2023-09|2023-10|2024-01|2024-02|2024-03|2024-04|2024-10|2025-02|2025-07
0.1,1,CPI y/y,Neutral,34,21,13,61.8,38.2,1.62,2018-01|2018-03|2018-04|2018-05|2018-06|2018-09|2018-11|2018-12|2019-07|2020-10|2020-12|2021-01|2021-02|2021-03|2021-09|2021-12|2022-01|2022-03|2022-04|2022-10|2023-01|2023-03|2023-04|2023-05|2023-08|2023-12|2024-05|2024-09|2024-11|2024-12|2025-01|2025-08|2025-09|2026-01
0.1,1,CPI y/y,Good,17,11,6,64.7,35.3,1.83,2018-10|2019-05|2019-10|2020-06|2022-08|2022-11|2023-07|2024-06|2024-07|2024-08|2025-03|2025-04|2025-05|2025-06|2025-10|2025-12|2026-02
0.1,1,CPI y/y,Bad,26,23,3,88.5,11.5,7.67,2019-02|2019-08|2019-12|2020-09|2021-04|2021-05|2021-06|2021-07|2021-08|2021-10|2021-11|2022-02|2022-05|2022-06|2022-07|2022-09|2023-02|2023-09|2023-10|2024-01|2024-02|2024-03|2024-04|2024-10|2025-02|2025-07
0.2,1,CPI y/y,Neutral,64,45,19,70.3,29.7,2.37,2018-01|2018-03|2018-04|2018-05|2018-06|2018-09|2018-10|2018-11|2018-12|2019-02|2019-05|2019-07|2019-08|2019-10|2019-12|2020-06|2020-09|2020-10|2020-12|2021-01|2021-02|2021-03|2021-04|2021-08|2021-09|2021-10|2021-12|2022-01|2022-03|2022-04|2022-08|2022-10|2023-01|2023-03|2023-04|2023-05|2023-07|2023-08|2023-09|2023-10|2023-12|2024-01|2024-03|2024-04|2024-05|2024-06|2024-07|2024-08|2024-09|2024-10|2024-11|2024-12|2025-01|2025-02|2025-03|2025-04|2025-05|2025-06|2025-07|2025-08|2025-09|2025-10|2026-01|2026-02
0.2,1,CPI y/y,Bad,11,8,3,72.7,27.3,2.67,2021-05|2021-06|2021-07|2021-11|2022-02|2022-05|2022-06|2022-07|2022-09|2023-02|2024-02
0.2,1,CPI y/y,Good,2,2,0,100.0,0.0,inf,2022-11|2025-12
0.3,1,CPI y/y,Neutral,73,51,22,69.9,30.1,2.32,2018-01|2018-03|2018-04|2018-05|2018-06|2018-09|2018-10|2018-11|2018-12|2019-02|2019-05|2019-07|2019-08|2019-10|2019-12|2020-06|2020-09|2020-10|2020-12|2021-01|2021-02|2021-03|2021-04|2021-06|2021-08|2021-09|2021-10|2021-11|2021-12|2022-01|2022-02|2022-03|2022-04|2022-05|2022-06|2022-08|2022-09|2022-10|2022-11|2023-01|2023-02|2023-03|2023-04|2023-05|2023-07|2023-08|2023-09|2023-10|2023-12|2024-01|2024-02|2024-03|2024-04|2024-05|2024-06|2024-07|2024-08|2024-09|2024-10|2024-11|2024-12|2025-01|2025-02|2025-03|2025-04|2025-05|2025-06|2025-07|2025-08|2025-09|2025-10|2026-01|2026-02
0.3,1,CPI y/y,Bad,3,3,0,100.0,0.0,inf,2021-05|2021-07|2022-07
0.3,1,CPI y/y,Good,1,1,0,100.0,0.0,inf,2025-12
0.0,2,CPI m/m|Core CPI m/m,Neutral|Bad,8,7,1,87.5,12.5,7.0,2018-01|2018-06|2019-08|2023-03|2023-05|2023-09|2024-03|2024-09
0.0,2,CPI m/m|Core CPI m/m,Neutral|Neutral,13,7,6,53.8,46.2,1.17,2018-03|2018-11|2018-12|2020-10|2021-01|2022-03|2023-01|2023-02|2023-08|2024-08|2024-11|2024-12|2025-08
0.0,2,CPI m/m|Core CPI m/m,Good|Neutral,5,3,2,60.0,40.0,1.5,2018-04|2019-02|2023-04|2024-05|2026-02
0.0,2,CPI m/m|Core CPI m/m,Good|Good,17,12,5,70.6,29.4,2.4,2018-05|2018-09|2018-10|2019-05|2019-10|2020-06|2021-09|2022-08|2022-11|2023-07|2024-06|2024-07|2025-03|2025-04|2025-05|2025-06|2025-10
0.0,2,CPI m/m|Core CPI m/m,Bad|Bad,19,16,3,84.2,15.8,5.33,2019-07|2020-09|2020-12|2021-04|2021-05|2021-06|2021-07|2021-11|2022-01|2022-02|2022-05|2022-06|2022-07|2022-09|2022-10|2024-02|2024-04|2024-10|2025-02
0.0,2,CPI m/m|Core CPI m/m,Bad|Neutral,7,5,2,71.4,28.6,2.5,2019-12|2021-10|2021-12|2023-10|2023-12|2024-01|2025-09
0.0,2,CPI m/m|Core CPI m/m,Neutral|Good,7,4,3,57.1,42.9,1.33,2021-02|2021-03|2021-08|2022-04|2025-01|2025-07|2026-01
0.1,2,CPI m/m|Core CPI m/m,Neutral|Neutral,44,29,15,65.9,34.1,1.93,2018-01|2018-03|2018-04|2018-05|2018-06|2018-09|2018-10|2018-11|2018-12|2019-02|2019-07|2019-08|2019-10|2019-12|2020-06|2020-10|2020-12|2021-01|2021-03|2021-04|2022-01|2022-03|2023-01|2023-02|2023-03|2023-04|2023-07|2023-08|2023-09|2023-12|2024-01|2024-06|2024-08|2024-09|2024-10|2024-11|2024-12|2025-01|2025-03|2025-05|2025-07|2025-08|2026-01|2026-02
0.1,2,CPI m/m|Core CPI m/m,Good|Neutral,4,2,2,50.0,50.0,1.0,2019-05|2024-05|2024-07|2025-10
0.1,2,CPI m/m|Core CPI m/m,Bad|Bad,10,8,2,80.0,20.0,4.0,2020-09|2021-05|2021-06|2021-07|2021-11|2022-07|2022-09|2022-10|2024-04|2025-02
0.1,2,CPI m/m|Core CPI m/m,Neutral|Good,4,3,1,75.0,25.0,3.0,2021-02|2021-08|2022-04|2025-06
0.1,2,CPI m/m|Core CPI m/m,Good|Good,4,4,0,100.0,0.0,inf,2021-09|2022-08|2022-11|2025-04
0.1,2,CPI m/m|Core CPI m/m,Bad|Neutral,6,5,1,83.3,16.7,5.0,2021-10|2021-12|2022-02|2022-06|2023-10|2025-09
0.1,2,CPI m/m|Core CPI m/m,Neutral|Bad,4,3,1,75.0,25.0,3.0,2022-05|2023-05|2024-02|2024-03
0.2,2,CPI m/m|Core CPI m/m,Neutral|Neutral,71,50,21,70.4,29.6,2.38,2018-01|2018-03|2018-04|2018-05|2018-06|2018-09|2018-10|2018-11|2018-12|2019-02|2019-05|2019-07|2019-08|2019-10|2019-12|2020-06|2020-09|2020-10|2020-12|2021-01|2021-02|2021-03|2021-04|2021-06|2021-08|2021-09|2021-10|2021-12|2022-01|2022-02|2022-03|2022-04|2022-05|2022-07|2022-08|2022-10|2022-11|2023-01|2023-02|2023-03|2023-04|2023-05|2023-07|2023-08|2023-09|2023-10|2023-12|2024-01|2024-02|2024-03|2024-04|2024-05|2024-06|2024-07|2024-08|2024-09|2024-10|2024-11|2024-12|2025-01|2025-02|2025-03|2025-04|2025-05|2025-06|2025-07|2025-08|2025-09|2025-10|2026-01|2026-02
0.2,2,CPI m/m|Core CPI m/m,Bad|Bad,2,2,0,100.0,0.0,inf,2021-05|2021-07
0.2,2,CPI m/m|Core CPI m/m,Bad|Neutral,2,2,0,100.0,0.0,inf,2021-11|2022-06
0.2,2,CPI m/m|Core CPI m/m,Neutral|Bad,1,0,1,0.0,100.0,0.0,2022-09
0.3,2,CPI m/m|Core CPI m/m,Neutral|Neutral,72,50,22,69.4,30.6,2.27,2018-01|2018-03|2018-04|2018-05|2018-06|2018-09|2018-10|2018-11|2018-12|2019-02|2019-05|2019-07|2019-08|2019-10|2019-12|2020-06|2020-09|2020-10|2020-12|2021-01|2021-02|2021-03|2021-04|2021-06|2021-08|2021-09|2021-10|2021-12|2022-01|2022-02|2022-03|2022-04|2022-05|2022-07|2022-08|2022-09|2022-10|2022-11|2023-01|2023-02|2023-03|2023-04|2023-05|2023-07|2023-08|2023-09|2023-10|2023-12|2024-01|2024-02|2024-03|2024-04|2024-05|2024-06|2024-07|2024-08|2024-09|2024-10|2024-11|2024-12|2025-01|2025-02|2025-03|2025-04|2025-05|2025-06|2025-07|2025-08|2025-09|2025-10|2026-01|2026-02
0.3,2,CPI m/m|Core CPI m/m,Bad|Bad,2,2,0,100.0,0.0,inf,2021-05|2021-07
0.3,2,CPI m/m|Core CPI m/m,Bad|Neutral,2,2,0,100.0,0.0,inf,2021-11|2022-06
0.0,2,CPI m/m|PPI m/m,Neutral|Good,9,6,3,66.7,33.3,2.0,2018-01|2021-01|2022-03|2023-01|2023-03|2023-05|2024-08|2025-01|2025-07
0.0,2,CPI m/m|PPI m/m,Neutral|Bad,17,11,6,64.7,35.3,1.83,2018-03|2018-06|2018-11|2018-12|2020-10|2021-02|2021-03|2021-08|2022-04|2023-02|2023-08|2023-09|2024-03|2024-09|2024-12|2025-08|2026-01
0.0,2,CPI m/m|PPI m/m,Good|Bad,6,3,3,50.0,50.0,1.0,2018-04|2020-06|2021-09|2024-05|2024-07|2026-02
0.0,2,CPI m/m|PPI m/m,Good|Good,13,10,3,76.9,23.1,3.33,2018-05|2018-09|2019-02|2019-10|2022-08|2022-11|2023-04|2023-07|2024-06|2025-03|2025-04|2025-05|2025-06
0.0,2,CPI m/m|PPI m/m,Good|Neutral,2,1,1,50.0,50.0,1.0,2018-10|2019-05
0.0,2,CPI m/m|PPI m/m,Bad|Neutral,7,4,3,57.1,42.9,1.33,2019-07|2020-12|2021-11|2022-05|2022-06|2022-09|2023-12
0.0,2,CPI m/m|PPI m/m,Neutral|Neutral,2,1,1,50.0,50.0,1.0,2019-08|2024-11
0.0,2,CPI m/m|PPI m/m,Bad|Good,7,7,0,100.0,0.0,inf,2019-12|2021-10|2022-01|2024-01|2024-04|2024-10|2025-09
0.0,2,CPI m/m|PPI m/m,Bad|Bad,12,10,2,83.3,16.7,5.0,2020-09|2021-04|2021-05|2021-06|2021-07|2021-12|2022-02|2022-07|2022-10|2023-10|2024-02|2025-02
0.1,2,CPI m/m|PPI m/m,Neutral|Good,17,12,5,70.6,29.4,2.4,2018-01|2018-09|2019-02|2019-10|2019-12|2021-01|2022-01|2022-03|2023-01|2023-03|2023-04|2024-01|2024-06|2025-01|2025-03|2025-05|2025-07
0.1,2,CPI m/m|PPI m/m,Neutral|Neutral,18,12,6,66.7,33.3,2.0,2018-03|2018-05|2018-10|2018-12|2019-07|2019-08|2020-12|2021-03|2022-05|2023-05|2023-07|2023-08|2023-12|2024-08|2024-09|2024-10|2024-11|2025-06
0.1,2,CPI m/m|PPI m/m,Neutral|Bad,17,11,6,64.7,35.3,1.83,2018-04|2018-06|2018-11|2020-06|2020-10|2021-02|2021-04|2021-08|2022-04|2023-02|2023-09|2024-02|2024-03|2024-12|2025-08|2026-01|2026-02
0.1,2,CPI m/m|PPI m/m,Good|Neutral,3,2,1,66.7,33.3,2.0,2019-05|2021-09|2024-07
0.1,2,CPI m/m|PPI m/m,Bad|Neutral,6,5,1,83.3,16.7,5.0,2020-09|2021-10|2021-11|2022-06|2022-09|2024-04
0.1,2,CPI m/m|PPI m/m,Bad|Bad,9,7,2,77.8,22.2,3.5,2021-05|2021-06|2021-07|2021-12|2022-02|2022-07|2022-10|2023-10|2025-02
0.1,2,CPI m/m|PPI m/m,Good|Good,3,3,0,100.0,0.0,inf,2022-08|2022-11|2025-04
0.1,2,CPI m/m|PPI m/m,Good|Bad,1,0,1,0.0,100.0,0.0,2024-05
0.1,2,CPI m/m|PPI m/m,Bad|Good,1,1,0,100.0,0.0,inf,2025-09
0.2,2,CPI m/m|PPI m/m,Neutral|Good,12,9,3,75.0,25.0,3.0,2018-01|2018-09|2019-10|2022-08|2023-01|2023-03|2023-04|2024-06|2025-03|2025-04|2025-05|2025-09
0.2,2,CPI m/m|PPI m/m,Neutral|Neutral,45,29,16,64.4,35.6,1.81,2018-03|2018-04|2018-05|2018-06|2018-10|2018-12|2019-02|2019-05|2019-07|2019-08|2019-12|2020-09|2020-10|2020-12|2021-01|2021-03|2021-09|2021-10|2022-01|2022-03|2022-05|2022-09|2022-10|2022-11|2023-05|2023-07|2023-08|2023-10|2023-12|2024-01|2024-02|2024-04|2024-05|2024-07|2024-08|2024-09|2024-10|2024-11|2024-12|2025-01|2025-02|2025-06|2025-07|2026-01|2026-02
0.2,2,CPI m/m|PPI m/m,Neutral|Bad,14,11,3,78.6,21.4,3.67,2018-11|2020-06|2021-02|2021-04|2021-06|2021-08|2021-12|2022-02|2022-04|2022-07|2023-02|2023-09|2024-03|2025-08
0.2,2,CPI m/m|PPI m/m,Bad|Bad,2,2,0,100.0,0.0,inf,2021-05|2021-07
0.2,2,CPI m/m|PPI m/m,Bad|Neutral,2,2,0,100.0,0.0,inf,2021-11|2022-06
0.3,2,CPI m/m|PPI m/m,Neutral|Good,11,9,2,81.8,18.2,4.5,2018-01|2018-09|2019-10|2022-08|2023-01|2023-03|2023-04|2024-06|2025-04|2025-05|2025-09
0.3,2,CPI m/m|PPI m/m,Neutral|Neutral,50,31,19,62.0,38.0,1.63,2018-03|2018-04|2018-05|2018-06|2018-10|2018-12|2019-02|2019-05|2019-07|2019-08|2019-12|2020-09|2020-10|2020-12|2021-01|2021-03|2021-09|2021-10|2022-01|2022-03|2022-04|2022-05|2022-09|2022-10|2022-11|2023-02|2023-05|2023-07|2023-08|2023-09|2023-10|2023-12|2024-01|2024-02|2024-03|2024-04|2024-05|2024-07|2024-08|2024-09|2024-10|2024-11|2024-12|2025-01|2025-02|2025-03|2025-06|2025-07|2026-01|2026-02
0.3,2,CPI m/m|PPI m/m,Neutral|Bad,10,9,1,90.0,10.0,9.0,2018-11|2020-06|2021-02|2021-04|2021-06|2021-08|2021-12|2022-02|2022-07|2025-08
0.3,2,CPI m/m|PPI m/m,Bad|Neutral,3,3,0,100.0,0.0,inf,2021-05|2021-11|2022-06
0.3,2,CPI m/m|PPI m/m,Bad|Bad,1,1,0,100.0,0.0,inf,2021-07
0.0,2,CPI m/m|Core PPI m/m,Neutral|Good,7,6,1,85.7,14.3,6.0,2018-01|2019-08|2022-03|2023-03|2024-08|2025-01|2025-07
0.0,2,CPI m/m|Core PPI m/m,Neutral|Neutral,8,4,4,50.0,50.0,1.0,2018-03|2021-01|2021-03|2023-01|2023-05|2023-09|2024-11|2024-12
0.0,2,CPI m/m|Core PPI m/m,Good|Bad,6,3,3,50.0,50.0,1.0,2018-04|2019-02|2021-09|2024-05|2024-07|2026-02
0.0,2,CPI m/m|Core PPI m/m,Good|Neutral,3,2,1,66.7,33.3,2.0,2018-05|2018-10|2020-06
0.0,2,CPI m/m|Core PPI m/m,Neutral|Bad,13,8,5,61.5,38.5,1.6,2018-06|2018-11|2018-12|2020-10|2021-02|2021-08|2022-04|2023-02|2023-08|2024-03|2024-09|2025-08|2026-01
0.0,2,CPI m/m|Core PPI m/m,Good|Good,12,9,3,75.0,25.0,3.0,2018-09|2019-05|2019-10|2022-08|2022-11|2023-04|2023-07|2024-06|2025-03|2025-04|2025-05|2025-06
0.0,2,CPI m/m|Core PPI m/m,Bad|Bad,11,9,2,81.8,18.2,4.5,2019-07|2020-09|2021-04|2021-05|2021-06|2021-07|2021-12|2022-02|2022-09|2023-10|2024-02
0.0,2,CPI m/m|Core PPI m/m,Bad|Good,10,8,2,80.0,20.0,4.0,2019-12|2020-12|2021-10|2021-11|2022-05|2022-06|2022-07|2023-12|2024-01|2025-09
0.0,2,CPI m/m|Core PPI m/m,Bad|Neutral,5,4,1,80.0,20.0,4.0,2022-01|2022-10|2024-04|2024-10|2025-02
0.1,2,CPI m/m|Core PPI m/m,Neutral|Good,18,13,5,72.2,27.8,2.6,2018-01|2018-09|2019-08|2019-10|2019-12|2022-03|2022-05|2023-03|2023-04|2023-12|2024-01|2024-06|2024-08|2025-01|2025-03|2025-05|2025-06|2025-07
0.1,2,CPI m/m|Core PPI m/m,Neutral|Neutral,22,15,7,68.2,31.8,2.14,2018-03|2018-04|2018-05|2018-06|2018-10|2019-02|2019-07|2020-06|2020-12|2021-01|2021-03|2022-01|2023-01|2023-05|2023-07|2023-08|2023-09|2024-03|2024-09|2024-10|2024-11|2024-12
0.1,2,CPI m/m|Core PPI m/m,Neutral|Bad,12,7,5,58.3,41.7,1.4,2018-11|2018-12|2020-10|2021-02|2021-04|2021-08|2022-04|2023-02|2024-02|2025-08|2026-01|2026-02
0.1,2,CPI m/m|Core PPI m/m,Good|Neutral,2,2,0,100.0,0.0,inf,2019-05|2021-09
0.1,2,CPI m/m|Core PPI m/m,Bad|Bad,7,5,2,71.4,28.6,2.5,2020-09|2021-05|2021-06|2021-07|2021-12|2022-02|2022-09
0.1,2,CPI m/m|Core PPI m/m,Bad|Good,2,2,0,100.0,0.0,inf,2021-10|2025-09
0.1,2,CPI m/m|Core PPI m/m,Bad|Neutral,7,6,1,85.7,14.3,6.0,2021-11|2022-06|2022-07|2022-10|2023-10|2024-04|2025-02
0.1,2,CPI m/m|Core PPI m/m,Good|Good,3,3,0,100.0,0.0,inf,2022-08|2022-11|2025-04
0.1,2,CPI m/m|Core PPI m/m,Good|Bad,2,0,2,0.0,100.0,0.0,2024-05|2024-07
0.2,2,CPI m/m|Core PPI m/m,Neutral|Good,15,13,2,86.7,13.3,6.5,2018-01|2018-09|2019-08|2019-10|2019-12|2021-10|2022-03|2022-11|2023-03|2023-04|2024-06|2025-03|2025-04|2025-05|2025-09
0.2,2,CPI m/m|Core PPI m/m,Neutral|Neutral,45,29,16,64.4,35.6,1.81,2018-03|2018-04|2018-05|2018-06|2018-10|2018-12|2019-02|2019-05|2019-07|2020-06|2020-09|2020-10|2020-12|2021-01|2021-03|2021-06|2021-09|2022-01|2022-05|2022-07|2022-08|2022-09|2022-10|2023-01|2023-02|2023-05|2023-07|2023-08|2023-09|2023-10|2023-12|2024-01|2024-03|2024-04|2024-07|2024-08|2024-09|2024-10|2024-11|2024-12|2025-01|2025-02|2025-06|2025-07|2026-01
0.2,2,CPI m/m|Core PPI m/m,Neutral|Bad,11,7,4,63.6,36.4,1.75,2018-11|2021-02|2021-04|2021-08|2021-12|2022-02|2022-04|2024-02|2024-05|2025-08|2026-02
0.2,2,CPI m/m|Core PPI m/m,Bad|Bad,2,2,0,100.0,0.0,inf,2021-05|2021-07
0.2,2,CPI m/m|Core PPI m/m,Bad|Neutral,2,2,0,100.0,0.0,inf,2021-11|2022-06
0.3,2,CPI m/m|Core PPI m/m,Neutral|Good,12,10,2,83.3,16.7,5.0,2018-01|2018-09|2019-08|2019-10|2019-12|2022-03|2023-03|2023-04|2025-03|2025-04|2025-05|2025-09
0.3,2,CPI m/m|Core PPI m/m,Neutral|Neutral,51,33,18,64.7,35.3,1.83,2018-03|2018-04|2018-05|2018-06|2018-10|2018-11|2018-12|2019-02|2019-05|2019-07|2020-06|2020-09|2020-10|2020-12|2021-01|2021-03|2021-06|2021-09|2021-10|2021-12|2022-01|2022-05|2022-07|2022-08|2022-09|2022-10|2022-11|2023-01|2023-02|2023-05|2023-07|2023-08|2023-09|2023-10|2023-12|2024-01|2024-03|2024-04|2024-05|2024-06|2024-07|2024-08|2024-09|2024-10|2024-11|2024-12|2025-01|2025-02|2025-06|2025-07|2026-01
0.3,2,CPI m/m|Core PPI m/m,Neutral|Bad,8,6,2,75.0,25.0,3.0,2021-02|2021-04|2021-08|2022-02|2022-04|2024-02|2025-08|2026-02
0.3,2,CPI m/m|Core PPI m/m,Bad|Neutral,3,3,0,100.0,0.0,inf,2021-05|2021-11|2022-06
0.3,2,CPI m/m|Core PPI m/m,Bad|Bad,1,1,0,100.0,0.0,inf,2021-07
0.0,2,CPI m/m|FOMC,Neutral|Neutral,6,3,3,50.0,50.0,1.0,2023-03|2023-05|2023-09|2024-11|2024-12|2025-01
0.0,2,CPI m/m|FOMC,Good|Neutral,3,1,2,33.3,66.7,0.5,2023-07|2024-06|2024-07
0.0,2,CPI m/m|FOMC,Bad|Neutral,1,0,1,0.0,100.0,0.0,2023-12
0.0,2,CPI m/m|FOMC,Neutral|Good,1,0,1,0.0,100.0,0.0,2024-09
0.1,2,CPI m/m|FOMC,Neutral|Neutral,9,4,5,44.4,55.6,0.8,2023-03|2023-05|2023-07|2023-09|2023-12|2024-06|2024-11|2024-12|2025-01
0.1,2,CPI m/m|FOMC,Good|Neutral,1,0,1,0.0,100.0,0.0,2024-07
0.1,2,CPI m/m|FOMC,Neutral|Good,1,0,1,0.0,100.0,0.0,2024-09
0.2,2,CPI m/m|FOMC,Neutral|Neutral,10,4,6,40.0,60.0,0.67,2023-03|2023-05|2023-07|2023-09|2023-12|2024-06|2024-07|2024-11|2024-12|2025-01
0.2,2,CPI m/m|FOMC,Neutral|Good,1,0,1,0.0,100.0,0.0,2024-09
0.3,2,CPI m/m|FOMC,Neutral|Neutral,11,4,7,36.4,63.6,0.57,2023-03|2023-05|2023-07|2023-09|2023-12|2024-06|2024-07|2024-09|2024-11|2024-12|2025-01
0.0,2,CPI m/m|CPI y/y,Neutral|Neutral,17,9,8,52.9,47.1,1.13,2018-01|2018-03|2018-06|2018-11|2018-12|2020-10|2021-01|2021-02|2021-03|2022-03|2023-01|2023-03|2024-09|2024-11|2024-12|2025-01|2026-01
0.0,2,CPI m/m|CPI y/y,Good|Neutral,4,3,1,75.0,25.0,3.0,2018-04|2018-05|2021-09|2024-05
0.0,2,CPI m/m|CPI y/y,Good|Good,17,11,6,64.7,35.3,1.83,2018-09|2018-10|2019-05|2019-10|2020-06|2022-08|2022-11|2023-04|2023-07|2024-06|2024-07|2025-03|2025-04|2025-05|2025-06|2025-10|2026-02
0.0,2,CPI m/m|CPI y/y,Good|Bad,1,1,0,100.0,0.0,inf,2019-02
0.0,2,CPI m/m|CPI y/y,Bad|Neutral,6,4,2,66.7,33.3,2.0,2019-07|2020-12|2021-12|2022-01|2023-12|2025-09
0.0,2,CPI m/m|CPI y/y,Neutral|Bad,7,5,2,71.4,28.6,2.5,2019-08|2021-08|2022-04|2023-02|2023-09|2024-03|2025-07
0.0,2,CPI m/m|CPI y/y,Bad|Bad,20,17,3,85.0,15.0,5.67,2019-12|2020-09|2021-04|2021-05|2021-06|2021-07|2021-10|2021-11|2022-02|2022-05|2022-06|2022-07|2022-09|2022-10|2023-10|2024-01|2024-02|2024-04|2024-10|2025-02
0.0,2,CPI m/m|CPI y/y,Neutral|Good,4,4,0,100.0,0.0,inf,2023-05|2023-08|2024-08|2025-08
0.1,2,CPI m/m|CPI y/y,Neutral|Neutral,29,19,10,65.5,34.5,1.9,2018-01|2018-03|2018-04|2018-05|2018-06|2018-09|2018-11|2018-12|2019-07|2020-10|2020-12|2021-01|2021-02|2021-03|2022-01|2022-03|2022-04|2023-01|2023-03|2023-04|2023-05|2023-08|2023-12|2024-09|2024-11|2024-12|2025-01|2025-08|2026-01
0.1,2,CPI m/m|CPI y/y,Neutral|Good,10,5,5,50.0,50.0,1.0,2018-10|2019-10|2020-06|2023-07|2024-06|2024-08|2025-03|2025-05|2025-06|2026-02
0.1,2,CPI m/m|CPI y/y,Neutral|Bad,13,11,2,84.6,15.4,5.5,2019-02|2019-08|2019-12|2021-04|2021-08|2022-05|2023-02|2023-09|2024-01|2024-02|2024-03|2024-10|2025-07
0.1,2,CPI m/m|CPI y/y,Good|Good,6,5,1,83.3,16.7,5.0,2019-05|2022-08|2022-11|2024-07|2025-04|2025-10
0.1,2,CPI m/m|CPI y/y,Bad|Bad,13,12,1,92.3,7.7,12.0,2020-09|2021-05|2021-06|2021-07|2021-10|2021-11|2022-02|2022-06|2022-07|2022-09|2023-10|2024-04|2025-02
0.1,2,CPI m/m|CPI y/y,Good|Neutral,2,1,1,50.0,50.0,1.0,2021-09|2024-05
0.1,2,CPI m/m|CPI y/y,Bad|Neutral,3,1,2,33.3,66.7,0.5,2021-12|2022-10|2025-09
0.2,2,CPI m/m|CPI y/y,Neutral|Neutral,64,45,19,70.3,29.7,2.37,2018-01|2018-03|2018-04|2018-05|2018-06|2018-09|2018-10|2018-11|2018-12|2019-02|2019-05|2019-07|2019-08|2019-10|2019-12|2020-06|2020-09|2020-10|2020-12|2021-01|2021-02|2021-03|2021-04|2021-08|2021-09|2021-10|2021-12|2022-01|2022-03|2022-04|2022-08|2022-10|2023-01|2023-03|2023-04|2023-05|2023-07|2023-08|2023-09|2023-10|2023-12|2024-01|2024-03|2024-04|2024-05|2024-06|2024-07|2024-08|2024-09|2024-10|2024-11|2024-12|2025-01|2025-02|2025-03|2025-04|2025-05|2025-06|2025-07|2025-08|2025-09|2025-10|2026-01|2026-02
0.2,2,CPI m/m|CPI y/y,Bad|Bad,4,4,0,100.0,0.0,inf,2021-05|2021-07|2021-11|2022-06
0.2,2,CPI m/m|CPI y/y,Neutral|Bad,7,4,3,57.1,42.9,1.33,2021-06|2022-02|2022-05|2022-07|2022-09|2023-02|2024-02
0.2,2,CPI m/m|CPI y/y,Neutral|Good,1,1,0,100.0,0.0,inf,2022-11
0.3,2,CPI m/m|CPI y/y,Neutral|Neutral,71,49,22,69.0,31.0,2.23,2018-01|2018-03|2018-04|2018-05|2018-06|2018-09|2018-10|2018-11|2018-12|2019-02|2019-05|2019-07|2019-08|2019-10|2019-12|2020-06|2020-09|2020-10|2020-12|2021-01|2021-02|2021-03|2021-04|2021-06|2021-08|2021-09|2021-10|2021-12|2022-01|2022-02|2022-03|2022-04|2022-05|2022-08|2022-09|2022-10|2022-11|2023-01|2023-02|2023-03|2023-04|2023-05|2023-07|2023-08|2023-09|2023-10|2023-12|2024-01|2024-02|2024-03|2024-04|2024-05|2024-06|2024-07|2024-08|2024-09|2024-10|2024-11|2024-12|2025-01|2025-02|2025-03|2025-04|2025-05|2025-06|2025-07|2025-08|2025-09|2025-10|2026-01|2026-02
0.3,2,CPI m/m|CPI y/y,Bad|Bad,2,2,0,100.0,0.0,inf,2021-05|2021-07
0.3,2,CPI m/m|CPI y/y,Bad|Neutral,2,2,0,100.0,0.0,inf,2021-11|2022-06
0.3,2,CPI m/m|CPI y/y,Neutral|Bad,1,1,0,100.0,0.0,inf,2022-07
0.0,2,Core CPI m/m|PPI m/m,Bad|Good,6,6,0,100.0,0.0,inf,2018-01|2022-01|2023-03|2023-05|2024-04|2024-10
0.0,2,Core CPI m/m|PPI m/m,Neutral|Bad,13,7,6,53.8,46.2,1.17,2018-03|2018-04|2018-11|2018-12|2020-10|2021-12|2023-02|2023-08|2023-10|2024-05|2024-12|2025-08|2026-02
0.0,2,Core CPI m/m|PPI m/m,Good|Good,13,9,4,69.2,30.8,2.25,2018-05|2018-09|2019-10|2022-08|2022-11|2023-07|2024-06|2025-01|2025-03|2025-04|2025-05|2025-06|2025-07
0.0,2,Core CPI m/m|PPI m/m,Bad|Bad,14,12,2,85.7,14.3,6.0,2018-06|2020-09|2021-04|2021-05|2021-06|2021-07|2022-02|2022-07|2022-10|2023-09|2024-02|2024-03|2024-09|2025-02
0.0,2,Core CPI m/m|PPI m/m,Good|Neutral,2,1,1,50.0,50.0,1.0,2018-10|2019-05
0.0,2,Core CPI m/m|PPI m/m,Neutral|Good,10,8,2,80.0,20.0,4.0,2019-02|2019-12|2021-01|2021-10|2022-03|2023-01|2023-04|2024-01|2024-08|2025-09
0.0,2,Core CPI m/m|PPI m/m,Bad|Neutral,7,5,2,71.4,28.6,2.5,2019-07|2019-08|2020-12|2021-11|2022-05|2022-06|2022-09
0.0,2,Core CPI m/m|PPI m/m,Good|Bad,8,5,3,62.5,37.5,1.67,2020-06|2021-02|2021-03|2021-08|2021-09|2022-04|2024-07|2026-01
0.0,2,Core CPI m/m|PPI m/m,Neutral|Neutral,2,0,2,0.0,100.0,0.0,2023-12|2024-11
0.1,2,Core CPI m/m|PPI m/m,Neutral|Good,18,13,5,72.2,27.8,2.6,2018-01|2018-09|2019-02|2019-10|2019-12|2021-01|2022-01|2022-03|2023-01|2023-03|2023-04|2024-01|2024-06|2025-01|2025-03|2025-05|2025-07|2025-09
0.1,2,Core CPI m/m|PPI m/m,Neutral|Neutral,19,13,6,68.4,31.6,2.17,2018-03|2018-05|2018-10|2018-12|2019-05|2019-07|2019-08|2020-12|2021-03|2021-10|2022-06|2023-07|2023-08|2023-12|2024-07|2024-08|2024-09|2024-10|2024-11
0.1,2,Core CPI m/m|PPI m/m,Neutral|Bad,16,9,7,56.2,43.8,1.29,2018-04|2018-06|2018-11|2020-06|2020-10|2021-04|2021-12|2022-02|2023-02|2023-09|2023-10|2024-05|2024-12|2025-08|2026-01|2026-02
0.1,2,Core CPI m/m|PPI m/m,Bad|Neutral,6,4,2,66.7,33.3,2.0,2020-09|2021-11|2022-05|2022-09|2023-05|2024-04
0.1,2,Core CPI m/m|PPI m/m,Good|Bad,3,2,1,66.7,33.3,2.0,2021-02|2021-08|2022-04
0.1,2,Core CPI m/m|PPI m/m,Bad|Bad,8,7,1,87.5,12.5,7.0,2021-05|2021-06|2021-07|2022-07|2022-10|2024-02|2024-03|2025-02
0.1,2,Core CPI m/m|PPI m/m,Good|Neutral,2,2,0,100.0,0.0,inf,2021-09|2025-06
0.1,2,Core CPI m/m|PPI m/m,Good|Good,3,3,0,100.0,0.0,inf,2022-08|2022-11|2025-04
0.2,2,Core CPI m/m|PPI m/m,Neutral|Good,12,9,3,75.0,25.0,3.0,2018-01|2018-09|2019-10|2022-08|2023-01|2023-03|2023-04|2024-06|2025-03|2025-04|2025-05|2025-09
0.2,2,Core CPI m/m|PPI m/m,Neutral|Neutral,46,31,15,67.4,32.6,2.07,2018-03|2018-04|2018-05|2018-06|2018-10|2018-12|2019-02|2019-05|2019-07|2019-08|2019-12|2020-09|2020-10|2020-12|2021-01|2021-03|2021-09|2021-10|2021-11|2022-01|2022-03|2022-05|2022-06|2022-10|2022-11|2023-05|2023-07|2023-08|2023-10|2023-12|2024-01|2024-02|2024-04|2024-05|2024-07|2024-08|2024-09|2024-10|2024-11|2024-12|2025-01|2025-02|2025-06|2025-07|2026-01|2026-02
0.2,2,Core CPI m/m|PPI m/m,Neutral|Bad,14,11,3,78.6,21.4,3.67,2018-11|2020-06|2021-02|2021-04|2021-06|2021-08|2021-12|2022-02|2022-04|2022-07|2023-02|2023-09|2024-03|2025-08
0.2,2,Core CPI m/m|PPI m/m,Bad|Bad,2,2,0,100.0,0.0,inf,2021-05|2021-07
0.2,2,Core CPI m/m|PPI m/m,Bad|Neutral,1,0,1,0.0,100.0,0.0,2022-09
0.3,2,Core CPI m/m|PPI m/m,Neutral|Good,11,9,2,81.8,18.2,4.5,2018-01|2018-09|2019-10|2022-08|2023-01|2023-03|2023-04|2024-06|2025-04|2025-05|2025-09
0.3,2,Core CPI m/m|PPI m/m,Neutral|Neutral,52,33,19,63.5,36.5,1.74,2018-03|2018-04|2018-05|2018-06|2018-10|2018-12|2019-02|2019-05|2019-07|2019-08|2019-12|2020-09|2020-10|2020-12|2021-01|2021-03|2021-09|2021-10|2021-11|2022-01|2022-03|2022-04|2022-05|2022-06|2022-09|2022-10|2022-11|2023-02|2023-05|2023-07|2023-08|2023-09|2023-10|2023-12|2024-01|2024-02|2024-03|2024-04|2024-05|2024-07|2024-08|2024-09|2024-10|2024-11|2024-12|2025-01|2025-02|2025-03|2025-06|2025-07|2026-01|2026-02
0.3,2,Core CPI m/m|PPI m/m,Neutral|Bad,10,9,1,90.0,10.0,9.0,2018-11|2020-06|2021-02|2021-04|2021-06|2021-08|2021-12|2022-02|2022-07|2025-08
0.3,2,Core CPI m/m|PPI m/m,Bad|Neutral,1,1,0,100.0,0.0,inf,2021-05
0.3,2,Core CPI m/m|PPI m/m,Bad|Bad,1,1,0,100.0,0.0,inf,2021-07
0.0,2,Core CPI m/m|Core PPI m/m,Bad|Good,8,7,1,87.5,12.5,7.0,2018-01|2019-08|2020-12|2021-11|2022-05|2022-06|2022-07|2023-03
0.0,2,Core CPI m/m|Core PPI m/m,Neutral|Neutral,5,1,4,20.0,80.0,0.25,2018-03|2021-01|2023-01|2024-11|2024-12
0.0,2,Core CPI m/m|Core PPI m/m,Neutral|Bad,12,7,5,58.3,41.7,1.4,2018-04|2018-11|2018-12|2019-02|2020-10|2021-12|2023-02|2023-08|2023-10|2024-05|2025-08|2026-02
0.0,2,Core CPI m/m|Core PPI m/m,Good|Neutral,4,3,1,75.0,25.0,3.0,2018-05|2018-10|2020-06|2021-03
0.0,2,Core CPI m/m|Core PPI m/m,Bad|Bad,12,10,2,83.3,16.7,5.0,2018-06|2019-07|2020-09|2021-04|2021-05|2021-06|2021-07|2022-02|2022-09|2024-02|2024-03|2024-09
0.0,2,Core CPI m/m|Core PPI m/m,Good|Good,13,9,4,69.2,30.8,2.25,2018-09|2019-05|2019-10|2022-08|2022-11|2023-07|2024-06|2025-01|2025-03|2025-04|2025-05|2025-06|2025-07
0.0,2,Core CPI m/m|Core PPI m/m,Neutral|Good,8,7,1,87.5,12.5,7.0,2019-12|2021-10|2022-03|2023-04|2023-12|2024-01|2024-08|2025-09
0.0,2,Core CPI m/m|Core PPI m/m,Good|Bad,6,3,3,50.0,50.0,1.0,2021-02|2021-08|2021-09|2022-04|2024-07|2026-01
0.0,2,Core CPI m/m|Core PPI m/m,Bad|Neutral,7,6,1,85.7,14.3,6.0,2022-01|2022-10|2023-05|2023-09|2024-04|2024-10|2025-02
0.1,2,Core CPI m/m|Core PPI m/m,Neutral|Good,18,14,4,77.8,22.2,3.5,2018-01|2018-09|2019-08|2019-10|2019-12|2021-10|2022-03|2023-03|2023-04|2023-12|2024-01|2024-06|2024-08|2025-01|2025-03|2025-05|2025-07|2025-09
0.1,2,Core CPI m/m|Core PPI m/m,Neutral|Neutral,23,16,7,69.6,30.4,2.29,2018-03|2018-04|2018-05|2018-06|2018-10|2019-02|2019-05|2019-07|2020-06|2020-12|2021-01|2021-03|2022-01|2022-06|2023-01|2023-07|2023-08|2023-09|2023-10|2024-09|2024-10|2024-11|2024-12
0.1,2,Core CPI m/m|Core PPI m/m,Neutral|Bad,12,5,7,41.7,58.3,0.71,2018-11|2018-12|2020-10|2021-04|2021-12|2022-02|2023-02|2024-05|2024-07|2025-08|2026-01|2026-02
0.1,2,Core CPI m/m|Core PPI m/m,Bad|Bad,6,5,1,83.3,16.7,5.0,2020-09|2021-05|2021-06|2021-07|2022-09|2024-02
0.1,2,Core CPI m/m|Core PPI m/m,Good|Bad,3,2,1,66.7,33.3,2.0,2021-02|2021-08|2022-04
0.1,2,Core CPI m/m|Core PPI m/m,Good|Neutral,1,1,0,100.0,0.0,inf,2021-09
0.1,2,Core CPI m/m|Core PPI m/m,Bad|Neutral,7,6,1,85.7,14.3,6.0,2021-11|2022-07|2022-10|2023-05|2024-03|2024-04|2025-02
0.1,2,Core CPI m/m|Core PPI m/m,Bad|Good,1,0,1,0.0,100.0,0.0,2022-05
0.1,2,Core CPI m/m|Core PPI m/m,Good|Good,4,4,0,100.0,0.0,inf,2022-08|2022-11|2025-04|2025-06
0.2,2,Core CPI m/m|Core PPI m/m,Neutral|Good,15,13,2,86.7,13.3,6.5,2018-01|2018-09|2019-08|2019-10|2019-12|2021-10|2022-03|2022-11|2023-03|2023-04|2024-06|2025-03|2025-04|2025-05|2025-09
0.2,2,Core CPI m/m|Core PPI m/m,Neutral|Neutral,46,31,15,67.4,32.6,2.07,2018-03|2018-04|2018-05|2018-06|2018-10|2018-12|2019-02|2019-05|2019-07|2020-06|2020-09|2020-10|2020-12|2021-01|2021-03|2021-06|2021-09|2021-11|2022-01|2022-05|2022-06|2022-07|2022-08|2022-10|2023-01|2023-02|2023-05|2023-07|2023-08|2023-09|2023-10|2023-12|2024-01|2024-03|2024-04|2024-07|2024-08|2024-09|2024-10|2024-11|2024-12|2025-01|2025-02|2025-06|2025-07|2026-01
0.2,2,Core CPI m/m|Core PPI m/m,Neutral|Bad,11,7,4,63.6,36.4,1.75,2018-11|2021-02|2021-04|2021-08|2021-12|2022-02|2022-04|2024-02|2024-05|2025-08|2026-02
0.2,2,Core CPI m/m|Core PPI m/m,Bad|Bad,2,2,0,100.0,0.0,inf,2021-05|2021-07
0.2,2,Core CPI m/m|Core PPI m/m,Bad|Neutral,1,0,1,0.0,100.0,0.0,2022-09
0.3,2,Core CPI m/m|Core PPI m/m,Neutral|Good,12,10,2,83.3,16.7,5.0,2018-01|2018-09|2019-08|2019-10|2019-12|2022-03|2023-03|2023-04|2025-03|2025-04|2025-05|2025-09
0.3,2,Core CPI m/m|Core PPI m/m,Neutral|Neutral,53,35,18,66.0,34.0,1.94,2018-03|2018-04|2018-05|2018-06|2018-10|2018-11|2018-12|2019-02|2019-05|2019-07|2020-06|2020-09|2020-10|2020-12|2021-01|2021-03|2021-06|2021-09|2021-10|2021-11|2021-12|2022-01|2022-05|2022-06|2022-07|2022-08|2022-09|2022-10|2022-11|2023-01|2023-02|2023-05|2023-07|2023-08|2023-09|2023-10|2023-12|2024-01|2024-03|2024-04|2024-05|2024-06|2024-07|2024-08|2024-09|2024-10|2024-11|2024-12|2025-01|2025-02|2025-06|2025-07|2026-01
0.3,2,Core CPI m/m|Core PPI m/m,Neutral|Bad,8,6,2,75.0,25.0,3.0,2021-02|2021-04|2021-08|2022-02|2022-04|2024-02|2025-08|2026-02
0.3,2,Core CPI m/m|Core PPI m/m,Bad|Neutral,1,1,0,100.0,0.0,inf,2021-05
0.3,2,Core CPI m/m|Core PPI m/m,Bad|Bad,1,1,0,100.0,0.0,inf,2021-07
0.0,2,Core CPI m/m|FOMC,Bad|Neutral,3,3,0,100.0,0.0,inf,2023-03|2023-05|2023-09
0.0,2,Core CPI m/m|FOMC,Good|Neutral,4,1,3,25.0,75.0,0.33,2023-07|2024-06|2024-07|2025-01
0.0,2,Core CPI m/m|FOMC,Neutral|Neutral,3,0,3,0.0,100.0,0.0,2023-12|2024-11|2024-12
0.0,2,Core CPI m/m|FOMC,Bad|Good,1,0,1,0.0,100.0,0.0,2024-09
0.1,2,Core CPI m/m|FOMC,Neutral|Neutral,9,3,6,33.3,66.7,0.5,2023-03|2023-07|2023-09|2023-12|2024-06|2024-07|2024-11|2024-12|2025-01
0.1,2,Core CPI m/m|FOMC,Bad|Neutral,1,1,0,100.0,0.0,inf,2023-05
0.1,2,Core CPI m/m|FOMC,Neutral|Good,1,0,1,0.0,100.0,0.0,2024-09
0.2,2,Core CPI m/m|FOMC,Neutral|Neutral,10,4,6,40.0,60.0,0.67,2023-03|2023-05|2023-07|2023-09|2023-12|2024-06|2024-07|2024-11|2024-12|2025-01
0.2,2,Core CPI m/m|FOMC,Neutral|Good,1,0,1,0.0,100.0,0.0,2024-09
0.3,2,Core CPI m/m|FOMC,Neutral|Neutral,11,4,7,36.4,63.6,0.57,2023-03|2023-05|2023-07|2023-09|2023-12|2024-06|2024-07|2024-09|2024-11|2024-12|2025-01
0.0,2,Core CPI m/m|CPI y/y,Bad|Neutral,7,6,1,85.7,14.3,6.0,2018-01|2018-06|2019-07|2020-12|2022-01|2023-03|2024-09
0.0,2,Core CPI m/m|CPI y/y,Neutral|Neutral,14,6,8,42.9,57.1,0.75,2018-03|2018-04|2018-11|2018-12|2020-10|2021-01|2021-12|2022-03|2023-01|2023-12|2024-05|2024-11|2024-12|2025-09
0.0,2,Core CPI m/m|CPI y/y,Good|Neutral,6,4,2,66.7,33.3,2.0,2018-05|2021-02|2021-03|2021-09|2025-01|2026-01
0.0,2,Core CPI m/m|CPI y/y,Good|Good,15,10,5,66.7,33.3,2.0,2018-09|2018-10|2019-05|2019-10|2020-06|2022-08|2022-11|2023-07|2024-06|2024-07|2025-03|2025-04|2025-05|2025-06|2025-10
0.0,2,Core CPI m/m|CPI y/y,Neutral|Bad,6,5,1,83.3,16.7,5.0,2019-02|2019-12|2021-10|2023-02|2023-10|2024-01
0.0,2,Core CPI m/m|CPI y/y,Bad|Bad,19,16,3,84.2,15.8,5.33,2019-08|2020-09|2021-04|2021-05|2021-06|2021-07|2021-11|2022-02|2022-05|2022-06|2022-07|2022-09|2022-10|2023-09|2024-02|2024-03|2024-04|2024-10|2025-02
0.0,2,Core CPI m/m|CPI y/y,Good|Bad,3,2,1,66.7,33.3,2.0,2021-08|2022-04|2025-07
0.0,2,Core CPI m/m|CPI y/y,Neutral|Good,5,4,1,80.0,20.0,4.0,2023-04|2023-08|2024-08|2025-08|2026-02
0.0,2,Core CPI m/m|CPI y/y,Bad|Good,1,1,0,100.0,0.0,inf,2023-05
0.1,2,Core CPI m/m|CPI y/y,Neutral|Neutral,29,18,11,62.1,37.9,1.64,2018-01|2018-03|2018-04|2018-05|2018-06|2018-09|2018-11|2018-12|2019-07|2020-10|2020-12|2021-01|2021-03|2021-12|2022-01|2022-03|2023-01|2023-03|2023-04|2023-08|2023-12|2024-05|2024-09|2024-11|2024-12|2025-01|2025-08|2025-09|2026-01
0.1,2,Core CPI m/m|CPI y/y,Neutral|Good,12,6,6,50.0,50.0,1.0,2018-10|2019-05|2019-10|2020-06|2023-07|2024-06|2024-07|2024-08|2025-03|2025-05|2025-10|2026-02
0.1,2,Core CPI m/m|CPI y/y,Neutral|Bad,13,12,1,92.3,7.7,12.0,2019-02|2019-08|2019-12|2021-04|2021-10|2022-02|2022-06|2023-02|2023-09|2023-10|2024-01|2024-10|2025-07
0.1,2,Core CPI m/m|CPI y/y,Bad|Bad,12,10,2,83.3,16.7,5.0,2020-09|2021-05|2021-06|2021-07|2021-11|2022-05|2022-07|2022-09|2024-02|2024-03|2024-04|2025-02
0.1,2,Core CPI m/m|CPI y/y,Good|Neutral,3,2,1,66.7,33.3,2.0,2021-02|2021-09|2022-04
0.1,2,Core CPI m/m|CPI y/y,Good|Bad,1,1,0,100.0,0.0,inf,2021-08
0.1,2,Core CPI m/m|CPI y/y,Good|Good,4,4,0,100.0,0.0,inf,2022-08|2022-11|2025-04|2025-06
0.1,2,Core CPI m/m|CPI y/y,Bad|Neutral,2,1,1,50.0,50.0,1.0,2022-10|2023-05
0.2,2,Core CPI m/m|CPI y/y,Neutral|Neutral,64,45,19,70.3,29.7,2.37,2018-01|2018-03|2018-04|2018-05|2018-06|2018-09|2018-10|2018-11|2018-12|2019-02|2019-05|2019-07|2019-08|2019-10|2019-12|2020-06|2020-09|2020-10|2020-12|2021-01|2021-02|2021-03|2021-04|2021-08|2021-09|2021-10|2021-12|2022-01|2022-03|2022-04|2022-08|2022-10|2023-01|2023-03|2023-04|2023-05|2023-07|2023-08|2023-09|2023-10|2023-12|2024-01|2024-03|2024-04|2024-05|2024-06|2024-07|2024-08|2024-09|2024-10|2024-11|2024-12|2025-01|2025-02|2025-03|2025-04|2025-05|2025-06|2025-07|2025-08|2025-09|2025-10|2026-01|2026-02
0.2,2,Core CPI m/m|CPI y/y,Bad|Bad,3,2,1,66.7,33.3,2.0,2021-05|2021-07|2022-09
0.2,2,Core CPI m/m|CPI y/y,Neutral|Bad,8,6,2,75.0,25.0,3.0,2021-06|2021-11|2022-02|2022-05|2022-06|2022-07|2023-02|2024-02
0.2,2,Core CPI m/m|CPI y/y,Neutral|Good,1,1,0,100.0,0.0,inf,2022-11
0.3,2,Core CPI m/m|CPI y/y,Neutral|Neutral,73,51,22,69.9,30.1,2.32,2018-01|2018-03|2018-04|2018-05|2018-06|2018-09|2018-10|2018-11|2018-12|2019-02|2019-05|2019-07|2019-08|2019-10|2019-12|2020-06|2020-09|2020-10|2020-12|2021-01|2021-02|2021-03|2021-04|2021-06|2021-08|2021-09|2021-10|2021-11|2021-12|2022-01|2022-02|2022-03|2022-04|2022-05|2022-06|2022-08|2022-09|2022-10|2022-11|2023-01|2023-02|2023-03|2023-04|2023-05|2023-07|2023-08|2023-09|2023-10|2023-12|2024-01|2024-02|2024-03|2024-04|2024-05|2024-06|2024-07|2024-08|2024-09|2024-10|2024-11|2024-12|2025-01|2025-02|2025-03|2025-04|2025-05|2025-06|2025-07|2025-08|2025-09|2025-10|2026-01|2026-02
0.3,2,Core CPI m/m|CPI y/y,Bad|Bad,2,2,0,100.0,0.0,inf,2021-05|2021-07
0.3,2,Core CPI m/m|CPI y/y,Neutral|Bad,1,1,0,100.0,0.0,inf,2022-07
0.0,2,PPI m/m|Core PPI m/m,Good|Good,21,17,4,81.0,19.0,4.25,2018-01|2018-09|2019-10|2019-12|2021-10|2022-03|2022-08|2022-11|2023-03|2023-04|2023-07|2024-01|2024-06|2024-08|2025-01|2025-03|2025-04|2025-05|2025-06|2025-07|2025-09
0.0,2,PPI m/m|Core PPI m/m,Bad|Neutral,7,5,2,71.4,28.6,2.5,2018-03|2020-06|2021-03|2022-10|2023-09|2024-12|2025-02
0.0,2,PPI m/m|Core PPI m/m,Bad|Bad,27,18,9,66.7,33.3,2.0,2018-04|2018-06|2018-11|2018-12|2020-09|2020-10|2021-02|2021-04|2021-05|2021-06|2021-07|2021-08|2021-09|2021-12|2022-02|2022-04|2023-02|2023-08|2023-10|2024-02|2024-03|2024-05|2024-07|2024-09|2025-08|2026-01|2026-02
0.0,2,PPI m/m|Core PPI m/m,Good|Neutral,7,5,2,71.4,28.6,2.5,2018-05|2021-01|2022-01|2023-01|2023-05|2024-04|2024-10
0.0,2,PPI m/m|Core PPI m/m,Neutral|Neutral,2,0,2,0.0,100.0,0.0,2018-10|2024-11
0.0,2,PPI m/m|Core PPI m/m,Good|Bad,1,1,0,100.0,0.0,inf,2019-02
0.0,2,PPI m/m|Core PPI m/m,Neutral|Good,8,6,2,75.0,25.0,3.0,2019-05|2019-08|2020-12|2021-11|2022-05|2022-06|2023-12|2025-11
0.0,2,PPI m/m|Core PPI m/m,Neutral|Bad,2,1,1,50.0,50.0,1.0,2019-07|2022-09
0.0,2,PPI m/m|Core PPI m/m,Bad|Good,1,1,0,100.0,0.0,inf,2022-07
0.1,2,PPI m/m|Core PPI m/m,Good|Good,17,14,3,82.4,17.6,4.67,2018-01|2018-09|2019-10|2019-12|2022-03|2022-08|2022-11|2023-03|2023-04|2024-01|2024-06|2025-01|2025-03|2025-04|2025-05|2025-07|2025-09
0.1,2,PPI m/m|Core PPI m/m,Neutral|Neutral,18,14,4,77.8,22.2,3.5,2018-03|2018-05|2018-10|2019-05|2019-07|2020-12|2021-03|2021-09|2021-11|2022-06|2023-05|2023-07|2023-08|2024-04|2024-09|2024-10|2024-11|2025-11
0.1,2,PPI m/m|Core PPI m/m,Bad|Neutral,10,8,2,80.0,20.0,4.0,2018-04|2018-06|2020-06|2022-07|2022-10|2023-09|2023-10|2024-03|2024-12|2025-02
0.1,2,PPI m/m|Core PPI m/m,Bad|Bad,17,10,7,58.8,41.2,1.43,2018-11|2020-10|2021-02|2021-04|2021-05|2021-06|2021-07|2021-08|2021-12|2022-02|2022-04|2023-02|2024-02|2024-05|2025-08|2026-01|2026-02
0.1,2,PPI m/m|Core PPI m/m,Neutral|Bad,4,2,2,50.0,50.0,1.0,2018-12|2020-09|2022-09|2024-07
0.1,2,PPI m/m|Core PPI m/m,Good|Neutral,4,2,2,50.0,50.0,1.0,2019-02|2021-01|2022-01|2023-01
0.1,2,PPI m/m|Core PPI m/m,Neutral|Good,6,4,2,66.7,33.3,2.0,2019-08|2021-10|2022-05|2023-12|2024-08|2025-06
0.2,2,PPI m/m|Core PPI m/m,Good|Good,10,8,2,80.0,20.0,4.0,2018-01|2018-09|2019-10|2023-03|2023-04|2024-06|2025-03|2025-04|2025-05|2025-09
0.2,2,PPI m/m|Core PPI m/m,Neutral|Neutral,40,26,14,65.0,35.0,1.86,2018-03|2018-04|2018-05|2018-06|2018-10|2018-12|2019-02|2019-05|2019-07|2020-09|2020-10|2020-12|2021-01|2021-03|2021-09|2021-11|2022-01|2022-05|2022-06|2022-09|2022-10|2023-05|2023-07|2023-08|2023-10|2023-12|2024-01|2024-04|2024-07|2024-08|2024-09|2024-10|2024-11|2024-12|2025-01|2025-02|2025-06|2025-07|2025-11|2026-01
0.2,2,PPI m/m|Core PPI m/m,Bad|Bad,10,8,2,80.0,20.0,4.0,2018-11|2021-02|2021-04|2021-05|2021-07|2021-08|2021-12|2022-02|2022-04|2025-08
0.2,2,PPI m/m|Core PPI m/m,Neutral|Good,5,5,0,100.0,0.0,inf,2019-08|2019-12|2021-10|2022-03|2022-11
0.2,2,PPI m/m|Core PPI m/m,Bad|Neutral,6,5,1,83.3,16.7,5.0,2020-06|2021-06|2022-07|2023-02|2023-09|2024-03
0.2,2,PPI m/m|Core PPI m/m,Good|Neutral,2,1,1,50.0,50.0,1.0,2022-08|2023-01
0.2,2,PPI m/m|Core PPI m/m,Neutral|Bad,3,1,2,33.3,66.7,0.5,2024-02|2024-05|2026-02
0.3,2,PPI m/m|Core PPI m/m,Good|Good,8,7,1,87.5,12.5,7.0,2018-01|2018-09|2019-10|2023-03|2023-04|2025-04|2025-05|2025-09
0.3,2,PPI m/m|Core PPI m/m,Neutral|Neutral,47,31,16,66.0,34.0,1.94,2018-03|2018-04|2018-05|2018-06|2018-10|2018-12|2019-02|2019-05|2019-07|2020-09|2020-10|2020-12|2021-01|2021-03|2021-05|2021-09|2021-10|2021-11|2022-01|2022-05|2022-06|2022-09|2022-10|2022-11|2023-02|2023-05|2023-07|2023-08|2023-09|2023-10|2023-12|2024-01|2024-03|2024-04|2024-05|2024-07|2024-08|2024-09|2024-10|2024-11|2024-12|2025-01|2025-02|2025-06|2025-07|2025-11|2026-01
0.3,2,PPI m/m|Core PPI m/m,Bad|Neutral,5,4,1,80.0,20.0,4.0,2018-11|2020-06|2021-06|2021-12|2022-07
0.3,2,PPI m/m|Core PPI m/m,Neutral|Good,4,3,1,75.0,25.0,3.0,2019-08|2019-12|2022-03|2025-03
0.3,2,PPI m/m|Core PPI m/m,Bad|Bad,6,6,0,100.0,0.0,inf,2021-02|2021-04|2021-07|2021-08|2022-02|2025-08
0.3,2,PPI m/m|Core PPI m/m,Neutral|Bad,3,1,2,33.3,66.7,0.5,2022-04|2024-02|2026-02
0.3,2,PPI m/m|Core PPI m/m,Good|Neutral,3,2,1,66.7,33.3,2.0,2022-08|2023-01|2024-06
0.0,2,PPI m/m|FOMC,Good|Neutral,5,3,2,60.0,40.0,1.5,2023-03|2023-05|2023-07|2024-06|2025-01
0.0,2,PPI m/m|FOMC,Bad|Neutral,3,1,2,33.3,66.7,0.5,2023-09|2024-07|2024-12
0.0,2,PPI m/m|FOMC,Neutral|Neutral,2,0,2,0.0,100.0,0.0,2023-12|2024-11
0.0,2,PPI m/m|FOMC,Bad|Good,1,0,1,0.0,100.0,0.0,2024-09
0.1,2,PPI m/m|FOMC,Good|Neutral,3,2,1,66.7,33.3,2.0,2023-03|2024-06|2025-01
0.1,2,PPI m/m|FOMC,Neutral|Neutral,5,1,4,20.0,80.0,0.25,2023-05|2023-07|2023-12|2024-07|2024-11
0.1,2,PPI m/m|FOMC,Bad|Neutral,2,1,1,50.0,50.0,1.0,2023-09|2024-12
0.1,2,PPI m/m|FOMC,Neutral|Good,1,0,1,0.0,100.0,0.0,2024-09
0.2,2,PPI m/m|FOMC,Good|Neutral,2,2,0,100.0,0.0,inf,2023-03|2024-06
0.2,2,PPI m/m|FOMC,Neutral|Neutral,7,1,6,14.3,85.7,0.17,2023-05|2023-07|2023-12|2024-07|2024-11|2024-12|2025-01
0.2,2,PPI m/m|FOMC,Bad|Neutral,1,1,0,100.0,0.0,inf,2023-09
0.2,2,PPI m/m|FOMC,Neutral|Good,1,0,1,0.0,100.0,0.0,2024-09
0.3,2,PPI m/m|FOMC,Good|Neutral,2,2,0,100.0,0.0,inf,2023-03|2024-06
0.3,2,PPI m/m|FOMC,Neutral|Neutral,9,2,7,22.2,77.8,0.29,2023-05|2023-07|2023-09|2023-12|2024-07|2024-09|2024-11|2024-12|2025-01
0.0,2,PPI m/m|CPI y/y,Good|Neutral,9,6,3,66.7,33.3,2.0,2018-01|2018-05|2021-01|2022-01|2022-03|2023-01|2023-03|2025-01|2025-09
0.0,2,PPI m/m|CPI y/y,Bad|Neutral,14,8,6,57.1,42.9,1.33,2018-03|2018-04|2018-06|2018-11|2018-12|2020-10|2021-02|2021-03|2021-09|2021-12|2024-05|2024-09|2024-12|2026-01
0.0,2,PPI m/m|CPI y/y,Good|Good,13,10,3,76.9,23.1,3.33,2018-09|2019-10|2022-08|2022-11|2023-04|2023-05|2023-07|2024-06|2024-08|2025-03|2025-04|2025-05|2025-06
0.0,2,PPI m/m|CPI y/y,Neutral|Good,2,1,1,50.0,50.0,1.0,2018-10|2019-05
0.0,2,PPI m/m|CPI y/y,Good|Bad,7,7,0,100.0,0.0,inf,2019-02|2019-12|2021-10|2024-01|2024-04|2024-10|2025-07
0.0,2,PPI m/m|CPI y/y,Neutral|Neutral,4,2,2,50.0,50.0,1.0,2019-07|2020-12|2023-12|2024-11
0.0,2,PPI m/m|CPI y/y,Neutral|Bad,5,3,2,60.0,40.0,1.5,2019-08|2021-11|2022-05|2022-06|2022-09
0.0,2,PPI m/m|CPI y/y,Bad|Good,5,3,2,60.0,40.0,1.5,2020-06|2023-08|2024-07|2025-08|2026-02
0.0,2,PPI m/m|CPI y/y,Bad|Bad,16,13,3,81.2,18.8,4.33,2020-09|2021-04|2021-05|2021-06|2021-07|2021-08|2022-02|2022-04|2022-07|2022-10|2023-02|2023-09|2023-10|2024-02|2024-03|2025-02
0.1,2,PPI m/m|CPI y/y,Good|Neutral,10,7,3,70.0,30.0,2.33,2018-01|2018-09|2021-01|2022-01|2022-03|2023-01|2023-03|2023-04|2025-01|2025-09
0.1,2,PPI m/m|CPI y/y,Neutral|Neutral,12,9,3,75.0,25.0,3.0,2018-03|2018-05|2018-12|2019-07|2020-12|2021-03|2021-09|2023-05|2023-08|2023-12|2024-09|2024-11
0.1,2,PPI m/m|CPI y/y,Bad|Neutral,12,5,7,41.7,58.3,0.71,2018-04|2018-06|2018-11|2020-10|2021-02|2021-12|2022-04|2022-10|2024-05|2024-12|2025-08|2026-01
0.1,2,PPI m/m|CPI y/y,Neutral|Good,6,3,3,50.0,50.0,1.0,2018-10|2019-05|2023-07|2024-07|2024-08|2025-06
0.1,2,PPI m/m|CPI y/y,Good|Bad,4,4,0,100.0,0.0,inf,2019-02|2019-12|2024-01|2025-07
0.1,2,PPI m/m|CPI y/y,Neutral|Bad,9,7,2,77.8,22.2,3.5,2019-08|2020-09|2021-10|2021-11|2022-05|2022-06|2022-09|2024-04|2024-10
0.1,2,PPI m/m|CPI y/y,Good|Good,7,5,2,71.4,28.6,2.5,2019-10|2022-08|2022-11|2024-06|2025-03|2025-04|2025-05
0.1,2,PPI m/m|CPI y/y,Bad|Good,2,1,1,50.0,50.0,1.0,2020-06|2026-02
0.1,2,PPI m/m|CPI y/y,Bad|Bad,13,12,1,92.3,7.7,12.0,2021-04|2021-05|2021-06|2021-07|2021-08|2022-02|2022-07|2023-02|2023-09|2023-10|2024-02|2024-03|2025-02
0.2,2,PPI m/m|CPI y/y,Good|Neutral,12,9,3,75.0,25.0,3.0,2018-01|2018-09|2019-10|2022-08|2023-01|2023-03|2023-04|2024-06|2025-03|2025-04|2025-05|2025-09
0.2,2,PPI m/m|CPI y/y,Neutral|Neutral,41,27,14,65.9,34.1,1.93,2018-03|2018-04|2018-05|2018-06|2018-10|2018-12|2019-02|2019-05|2019-07|2019-08|2019-12|2020-09|2020-10|2020-12|2021-01|2021-03|2021-09|2021-10|2022-01|2022-03|2022-10|2023-05|2023-07|2023-08|2023-10|2023-12|2024-01|2024-04|2024-05|2024-07|2024-08|2024-09|2024-10|2024-11|2024-12|2025-01|2025-02|2025-06|2025-07|2026-01|2026-02
0.2,2,PPI m/m|CPI y/y,Bad|Neutral,10,8,2,80.0,20.0,4.0,2018-11|2020-06|2021-02|2021-04|2021-08|2021-12|2022-04|2023-09|2024-03|2025-08
0.2,2,PPI m/m|CPI y/y,Bad|Bad,6,5,1,83.3,16.7,5.0,2021-05|2021-06|2021-07|2022-02|2022-07|2023-02
0.2,2,PPI m/m|CPI y/y,Neutral|Bad,5,3,2,60.0,40.0,1.5,2021-11|2022-05|2022-06|2022-09|2024-02
0.2,2,PPI m/m|CPI y/y,Neutral|Good,1,1,0,100.0,0.0,inf,2022-11
0.3,2,PPI m/m|CPI y/y,Good|Neutral,11,9,2,81.8,18.2,4.5,2018-01|2018-09|2019-10|2022-08|2023-01|2023-03|2023-04|2024-06|2025-04|2025-05|2025-09
0.3,2,PPI m/m|CPI y/y,Neutral|Neutral,52,33,19,63.5,36.5,1.74,2018-03|2018-04|2018-05|2018-06|2018-10|2018-12|2019-02|2019-05|2019-07|2019-08|2019-12|2020-09|2020-10|2020-12|2021-01|2021-03|2021-09|2021-10|2021-11|2022-01|2022-03|2022-04|2022-05|2022-06|2022-09|2022-10|2022-11|2023-02|2023-05|2023-07|2023-08|2023-09|2023-10|2023-12|2024-01|2024-02|2024-03|2024-04|2024-05|2024-07|2024-08|2024-09|2024-10|2024-11|2024-12|2025-01|2025-02|2025-03|2025-06|2025-07|2026-01|2026-02
0.3,2,PPI m/m|CPI y/y,Bad|Neutral,9,8,1,88.9,11.1,8.0,2018-11|2020-06|2021-02|2021-04|2021-06|2021-08|2021-12|2022-02|2025-08
0.3,2,PPI m/m|CPI y/y,Neutral|Bad,1,1,0,100.0,0.0,inf,2021-05
0.3,2,PPI m/m|CPI y/y,Bad|Bad,2,2,0,100.0,0.0,inf,2021-07|2022-07
0.0,2,Core PPI m/m|FOMC,Good|Neutral,5,2,3,40.0,60.0,0.67,2023-03|2023-07|2023-12|2024-06|2025-01
0.0,2,Core PPI m/m|FOMC,Neutral|Neutral,4,2,2,50.0,50.0,1.0,2023-05|2023-09|2024-11|2024-12
0.0,2,Core PPI m/m|FOMC,Bad|Neutral,1,0,1,0.0,100.0,0.0,2024-07
0.0,2,Core PPI m/m|FOMC,Bad|Good,1,0,1,0.0,100.0,0.0,2024-09
0.1,2,Core PPI m/m|FOMC,Good|Neutral,4,2,2,50.0,50.0,1.0,2023-03|2023-12|2024-06|2025-01
0.1,2,Core PPI m/m|FOMC,Neutral|Neutral,5,2,3,40.0,60.0,0.67,2023-05|2023-07|2023-09|2024-11|2024-12
0.1,2,Core PPI m/m|FOMC,Bad|Neutral,1,0,1,0.0,100.0,0.0,2024-07
0.1,2,Core PPI m/m|FOMC,Neutral|Good,1,0,1,0.0,100.0,0.0,2024-09
0.2,2,Core PPI m/m|FOMC,Good|Neutral,2,2,0,100.0,0.0,inf,2023-03|2024-06
0.2,2,Core PPI m/m|FOMC,Neutral|Neutral,8,2,6,25.0,75.0,0.33,2023-05|2023-07|2023-09|2023-12|2024-07|2024-11|2024-12|2025-01
0.2,2,Core PPI m/m|FOMC,Neutral|Good,1,0,1,0.0,100.0,0.0,2024-09
0.3,2,Core PPI m/m|FOMC,Good|Neutral,1,1,0,100.0,0.0,inf,2023-03
0.3,2,Core PPI m/m|FOMC,Neutral|Neutral,10,3,7,30.0,70.0,0.43,2023-05|2023-07|2023-09|2023-12|2024-06|2024-07|2024-09|2024-11|2024-12|2025-01
0.0,2,Core PPI m/m|CPI y/y,Good|Neutral,7,5,2,71.4,28.6,2.5,2018-01|2020-12|2022-03|2023-03|2023-12|2025-01|2025-09
0.0,2,Core PPI m/m|CPI y/y,Neutral|Neutral,8,4,4,50.0,50.0,1.0,2018-03|2018-05|2021-01|2021-03|2022-01|2023-01|2024-11|2024-12
0.0,2,Core PPI m/m|CPI y/y,Bad|Neutral,12,7,5,58.3,41.7,1.4,2018-04|2018-06|2018-11|2018-12|2019-07|2020-10|2021-02|2021-09|2021-12|2024-05|2024-09|2026-01
0.0,2,Core PPI m/m|CPI y/y,Good|Good,13,10,3,76.9,23.1,3.33,2018-09|2019-05|2019-10|2022-08|2022-11|2023-04|2023-07|2024-06|2024-08|2025-03|2025-04|2025-05|2025-06
0.0,2,Core PPI m/m|CPI y/y,Neutral|Good,3,2,1,66.7,33.3,2.0,2018-10|2020-06|2023-05
0.0,2,Core PPI m/m|CPI y/y,Bad|Bad,14,11,3,78.6,21.4,3.67,2019-02|2020-09|2021-04|2021-05|2021-06|2021-07|2021-08|2022-02|2022-04|2022-09|2023-02|2023-10|2024-02|2024-03
0.0,2,Core PPI m/m|CPI y/y,Good|Bad,9,8,1,88.9,11.1,8.0,2019-08|2019-12|2021-10|2021-11|2022-05|2022-06|2022-07|2024-01|2025-07
0.0,2,Core PPI m/m|CPI y/y,Neutral|Bad,5,4,1,80.0,20.0,4.0,2022-10|2023-09|2024-04|2024-10|2025-02
0.0,2,Core PPI m/m|CPI y/y,Bad|Good,4,2,2,50.0,50.0,1.0,2023-08|2024-07|2025-08|2026-02
0.1,2,Core PPI m/m|CPI y/y,Good|Neutral,8,6,2,75.0,25.0,3.0,2018-01|2018-09|2022-03|2023-03|2023-04|2023-12|2025-01|2025-09
0.1,2,Core PPI m/m|CPI y/y,Neutral|Neutral,17,11,6,64.7,35.3,1.83,2018-03|2018-04|2018-05|2018-06|2019-07|2020-12|2021-01|2021-03|2021-09|2022-01|2022-10|2023-01|2023-05|2023-08|2024-09|2024-11|2024-12
0.1,2,Core PPI m/m|CPI y/y,Neutral|Good,4,2,2,50.0,50.0,1.0,2018-10|2019-05|2020-06|2023-07
0.1,2,Core PPI m/m|CPI y/y,Bad|Neutral,9,4,5,44.4,55.6,0.8,2018-11|2018-12|2020-10|2021-02|2021-12|2022-04|2024-05|2025-08|2026-01
0.1,2,Core PPI m/m|CPI y/y,Neutral|Bad,10,10,0,100.0,0.0,inf,2019-02|2021-11|2022-06|2022-07|2023-09|2023-10|2024-03|2024-04|2024-10|2025-02
0.1,2,Core PPI m/m|CPI y/y,Good|Bad,6,5,1,83.3,16.7,5.0,2019-08|2019-12|2021-10|2022-05|2024-01|2025-07
0.1,2,Core PPI m/m|CPI y/y,Good|Good,9,7,2,77.8,22.2,3.5,2019-10|2022-08|2022-11|2024-06|2024-08|2025-03|2025-04|2025-05|2025-06
0.1,2,Core PPI m/m|CPI y/y,Bad|Bad,10,8,2,80.0,20.0,4.0,2020-09|2021-04|2021-05|2021-06|2021-07|2021-08|2022-02|2022-09|2023-02|2024-02
0.1,2,Core PPI m/m|CPI y/y,Bad|Good,2,0,2,0.0,100.0,0.0,2024-07|2026-02
0.2,2,Core PPI m/m|CPI y/y,Good|Neutral,14,12,2,85.7,14.3,6.0,2018-01|2018-09|2019-08|2019-10|2019-12|2021-10|2022-03|2023-03|2023-04|2024-06|2025-03|2025-04|2025-05|2025-09
0.2,2,Core PPI m/m|CPI y/y,Neutral|Neutral,40,27,13,67.5,32.5,2.08,2018-03|2018-04|2018-05|2018-06|2018-10|2018-12|2019-02|2019-05|2019-07|2020-06|2020-09|2020-10|2020-12|2021-01|2021-03|2021-09|2022-01|2022-08|2022-10|2023-01|2023-05|2023-07|2023-08|2023-09|2023-10|2023-12|2024-01|2024-03|2024-04|2024-07|2024-08|2024-09|2024-10|2024-11|2024-12|2025-01|2025-02|2025-06|2025-07|2026-01
0.2,2,Core PPI m/m|CPI y/y,Bad|Neutral,9,5,4,55.6,44.4,1.25,2018-11|2021-02|2021-04|2021-08|2021-12|2022-04|2024-05|2025-08|2026-02
0.2,2,Core PPI m/m|CPI y/y,Bad|Bad,4,4,0,100.0,0.0,inf,2021-05|2021-07|2022-02|2024-02
0.2,2,Core PPI m/m|CPI y/y,Neutral|Bad,7,4,3,57.1,42.9,1.33,2021-06|2021-11|2022-05|2022-06|2022-07|2022-09|2023-02
0.2,2,Core PPI m/m|CPI y/y,Good|Good,1,1,0,100.0,0.0,inf,2022-11
0.3,2,Core PPI m/m|CPI y/y,Good|Neutral,12,10,2,83.3,16.7,5.0,2018-01|2018-09|2019-08|2019-10|2019-12|2022-03|2023-03|2023-04|2025-03|2025-04|2025-05|2025-09
0.3,2,Core PPI m/m|CPI y/y,Neutral|Neutral,52,34,18,65.4,34.6,1.89,2018-03|2018-04|2018-05|2018-06|2018-10|2018-11|2018-12|2019-02|2019-05|2019-07|2020-06|2020-09|2020-10|2020-12|2021-01|2021-03|2021-06|2021-09|2021-10|2021-11|2021-12|2022-01|2022-05|2022-06|2022-08|2022-09|2022-10|2022-11|2023-01|2023-02|2023-05|2023-07|2023-08|2023-09|2023-10|2023-12|2024-01|2024-03|2024-04|2024-05|2024-06|2024-07|2024-08|2024-09|2024-10|2024-11|2024-12|2025-01|2025-02|2025-06|2025-07|2026-01
0.3,2,Core PPI m/m|CPI y/y,Bad|Neutral,8,6,2,75.0,25.0,3.0,2021-02|2021-04|2021-08|2022-02|2022-04|2024-02|2025-08|2026-02
0.3,2,Core PPI m/m|CPI y/y,Neutral|Bad,2,2,0,100.0,0.0,inf,2021-05|2022-07
0.3,2,Core PPI m/m|CPI y/y,Bad|Bad,1,1,0,100.0,0.0,inf,2021-07
0.0,2,FOMC|CPI y/y,Neutral|Neutral,5,1,4,20.0,80.0,0.25,2023-03|2023-12|2024-11|2024-12|2025-01
0.0,2,FOMC|CPI y/y,Neutral|Good,4,2,2,50.0,50.0,1.0,2023-05|2023-07|2024-06|2024-07
0.0,2,FOMC|CPI y/y,Neutral|Bad,1,1,0,100.0,0.0,inf,2023-09
0.0,2,FOMC|CPI y/y,Good|Neutral,1,0,1,0.0,100.0,0.0,2024-09
0.1,2,FOMC|CPI y/y,Neutral|Neutral,6,2,4,33.3,66.7,0.5,2023-03|2023-05|2023-12|2024-11|2024-12|2025-01
0.1,2,FOMC|CPI y/y,Neutral|Good,3,1,2,33.3,66.7,0.5,2023-07|2024-06|2024-07
0.1,2,FOMC|CPI y/y,Neutral|Bad,1,1,0,100.0,0.0,inf,2023-09
0.1,2,FOMC|CPI y/y,Good|Neutral,1,0,1,0.0,100.0,0.0,2024-09
0.2,2,FOMC|CPI y/y,Neutral|Neutral,10,4,6,40.0,60.0,0.67,2023-03|2023-05|2023-07|2023-09|2023-12|2024-06|2024-07|2024-11|2024-12|2025-01
0.2,2,FOMC|CPI y/y,Good|Neutral,1,0,1,0.0,100.0,0.0,2024-09
0.3,2,FOMC|CPI y/y,Neutral|Neutral,11,4,7,36.4,63.6,0.57,2023-03|2023-05|2023-07|2023-09|2023-12|2024-06|2024-07|2024-09|2024-11|2024-12|2025-01
0.0,3,CPI m/m|Core CPI m/m|PPI m/m,Neutral|Bad|Good,3,3,0,100.0,0.0,inf,2018-01|2023-03|2023-05
0.0,3,CPI m/m|Core CPI m/m|PPI m/m,Neutral|Neutral|Bad,8,5,3,62.5,37.5,1.67,2018-03|2018-11|2018-12|2020-10|2023-02|2023-08|2024-12|2025-08
0.0,3,CPI m/m|Core CPI m/m|PPI m/m,Good|Neutral|Bad,3,1,2,33.3,66.7,0.5,2018-04|2024-05|2026-02
0.0,3,CPI m/m|Core CPI m/m|PPI m/m,Good|Good|Good,11,8,3,72.7,27.3,2.67,2018-05|2018-09|2019-10|2022-08|2022-11|2023-07|2024-06|2025-03|2025-04|2025-05|2025-06
0.0,3,CPI m/m|Core CPI m/m|PPI m/m,Neutral|Bad|Bad,4,3,1,75.0,25.0,3.0,2018-06|2023-09|2024-03|2024-09
0.0,3,CPI m/m|Core CPI m/m|PPI m/m,Good|Good|Neutral,2,1,1,50.0,50.0,1.0,2018-10|2019-05
0.0,3,CPI m/m|Core CPI m/m|PPI m/m,Good|Neutral|Good,2,2,0,100.0,0.0,inf,2019-02|2023-04
0.0,3,CPI m/m|Core CPI m/m|PPI m/m,Bad|Bad|Neutral,6,4,2,66.7,33.3,2.0,2019-07|2020-12|2021-11|2022-05|2022-06|2022-09
0.0,3,CPI m/m|Core CPI m/m|PPI m/m,Neutral|Bad|Neutral,1,1,0,100.0,0.0,inf,2019-08
0.0,3,CPI m/m|Core CPI m/m|PPI m/m,Bad|Neutral|Good,4,4,0,100.0,0.0,inf,2019-12|2021-10|2024-01|2025-09
0.0,3,CPI m/m|Core CPI m/m|PPI m/m,Good|Good|Bad,3,2,1,66.7,33.3,2.0,2020-06|2021-09|2024-07
0.0,3,CPI m/m|Core CPI m/m|PPI m/m,Bad|Bad|Bad,10,9,1,90.0,10.0,9.0,2020-09|2021-04|2021-05|2021-06|2021-07|2022-02|2022-07|2022-10|2024-02|2025-02
0.0,3,CPI m/m|Core CPI m/m|PPI m/m,Neutral|Neutral|Good,4,2,2,50.0,50.0,1.0,2021-01|2022-03|2023-01|2024-08
0.0,3,CPI m/m|Core CPI m/m|PPI m/m,Neutral|Good|Bad,5,3,2,60.0,40.0,1.5,2021-02|2021-03|2021-08|2022-04|2026-01
0.0,3,CPI m/m|Core CPI m/m|PPI m/m,Bad|Neutral|Bad,2,1,1,50.0,50.0,1.0,2021-12|2023-10
0.0,3,CPI m/m|Core CPI m/m|PPI m/m,Bad|Bad|Good,3,3,0,100.0,0.0,inf,2022-01|2024-04|2024-10
0.0,3,CPI m/m|Core CPI m/m|PPI m/m,Bad|Neutral|Neutral,1,0,1,0.0,100.0,0.0,2023-12
0.0,3,CPI m/m|Core CPI m/m|PPI m/m,Neutral|Neutral|Neutral,1,0,1,0.0,100.0,0.0,2024-11
0.0,3,CPI m/m|Core CPI m/m|PPI m/m,Neutral|Good|Good,2,1,1,50.0,50.0,1.0,2025-01|2025-07
0.1,3,CPI m/m|Core CPI m/m|PPI m/m,Neutral|Neutral|Good,17,12,5,70.6,29.4,2.4,2018-01|2018-09|2019-02|2019-10|2019-12|2021-01|2022-01|2022-03|2023-01|2023-03|2023-04|2024-01|2024-06|2025-01|2025-03|2025-05|2025-07
0.1,3,CPI m/m|Core CPI m/m|PPI m/m,Neutral|Neutral|Neutral,15,10,5,66.7,33.3,2.0,2018-03|2018-05|2018-10|2018-12|2019-07|2019-08|2020-12|2021-03|2023-07|2023-08|2023-12|2024-08|2024-09|2024-10|2024-11
0.1,3,CPI m/m|Core CPI m/m|PPI m/m,Neutral|Neutral|Bad,12,7,5,58.3,41.7,1.4,2018-04|2018-06|2018-11|2020-06|2020-10|2021-04|2023-02|2023-09|2024-12|2025-08|2026-01|2026-02
0.1,3,CPI m/m|Core CPI m/m|PPI m/m,Good|Neutral|Neutral,2,1,1,50.0,50.0,1.0,2019-05|2024-07
0.1,3,CPI m/m|Core CPI m/m|PPI m/m,Bad|Bad|Neutral,4,3,1,75.0,25.0,3.0,2020-09|2021-11|2022-09|2024-04
0.1,3,CPI m/m|Core CPI m/m|PPI m/m,Neutral|Good|Bad,3,2,1,66.7,33.3,2.0,2021-02|2021-08|2022-04
0.1,3,CPI m/m|Core CPI m/m|PPI m/m,Bad|Bad|Bad,6,5,1,83.3,16.7,5.0,2021-05|2021-06|2021-07|2022-07|2022-10|2025-02
0.1,3,CPI m/m|Core CPI m/m|PPI m/m,Good|Good|Neutral,1,1,0,100.0,0.0,inf,2021-09
0.1,3,CPI m/m|Core CPI m/m|PPI m/m,Bad|Neutral|Neutral,2,2,0,100.0,0.0,inf,2021-10|2022-06
0.1,3,CPI m/m|Core CPI m/m|PPI m/m,Bad|Neutral|Bad,3,2,1,66.7,33.3,2.0,2021-12|2022-02|2023-10
0.1,3,CPI m/m|Core CPI m/m|PPI m/m,Neutral|Bad|Neutral,2,1,1,50.0,50.0,1.0,2022-05|2023-05
0.1,3,CPI m/m|Core CPI m/m|PPI m/m,Good|Good|Good,3,3,0,100.0,0.0,inf,2022-08|2022-11|2025-04
0.1,3,CPI m/m|Core CPI m/m|PPI m/m,Neutral|Bad|Bad,2,2,0,100.0,0.0,inf,2024-02|2024-03
0.1,3,CPI m/m|Core CPI m/m|PPI m/m,Good|Neutral|Bad,1,0,1,0.0,100.0,0.0,2024-05
0.1,3,CPI m/m|Core CPI m/m|PPI m/m,Neutral|Good|Neutral,1,1,0,100.0,0.0,inf,2025-06
0.1,3,CPI m/m|Core CPI m/m|PPI m/m,Bad|Neutral|Good,1,1,0,100.0,0.0,inf,2025-09
0.2,3,CPI m/m|Core CPI m/m|PPI m/m,Neutral|Neutral|Good,12,9,3,75.0,25.0,3.0,2018-01|2018-09|2019-10|2022-08|2023-01|2023-03|2023-04|2024-06|2025-03|2025-04|2025-05|2025-09
0.2,3,CPI m/m|Core CPI m/m|PPI m/m,Neutral|Neutral|Neutral,44,29,15,65.9,34.1,1.93,2018-03|2018-04|2018-05|2018-06|2018-10|2018-12|2019-02|2019-05|2019-07|2019-08|2019-12|2020-09|2020-10|2020-12|2021-01|2021-03|2021-09|2021-10|2022-01|2022-03|2022-05|2022-10|2022-11|2023-05|2023-07|2023-08|2023-10|2023-12|2024-01|2024-02|2024-04|2024-05|2024-07|2024-08|2024-09|2024-10|2024-11|2024-12|2025-01|2025-02|2025-06|2025-07|2026-01|2026-02
0.2,3,CPI m/m|Core CPI m/m|PPI m/m,Neutral|Neutral|Bad,14,11,3,78.6,21.4,3.67,2018-11|2020-06|2021-02|2021-04|2021-06|2021-08|2021-12|2022-02|2022-04|2022-07|2023-02|2023-09|2024-03|2025-08
0.2,3,CPI m/m|Core CPI m/m|PPI m/m,Bad|Bad|Bad,2,2,0,100.0,0.0,inf,2021-05|2021-07
0.2,3,CPI m/m|Core CPI m/m|PPI m/m,Bad|Neutral|Neutral,2,2,0,100.0,0.0,inf,2021-11|2022-06
0.2,3,CPI m/m|Core CPI m/m|PPI m/m,Neutral|Bad|Neutral,1,0,1,0.0,100.0,0.0,2022-09
0.3,3,CPI m/m|Core CPI m/m|PPI m/m,Neutral|Neutral|Good,11,9,2,81.8,18.2,4.5,2018-01|2018-09|2019-10|2022-08|2023-01|2023-03|2023-04|2024-06|2025-04|2025-05|2025-09
0.3,3,CPI m/m|Core CPI m/m|PPI m/m,Neutral|Neutral|Neutral,50,31,19,62.0,38.0,1.63,2018-03|2018-04|2018-05|2018-06|2018-10|2018-12|2019-02|2019-05|2019-07|2019-08|2019-12|2020-09|2020-10|2020-12|2021-01|2021-03|2021-09|2021-10|2022-01|2022-03|2022-04|2022-05|2022-09|2022-10|2022-11|2023-02|2023-05|2023-07|2023-08|2023-09|2023-10|2023-12|2024-01|2024-02|2024-03|2024-04|2024-05|2024-07|2024-08|2024-09|2024-10|2024-11|2024-12|2025-01|2025-02|2025-03|2025-06|2025-07|2026-01|2026-02
0.3,3,CPI m/m|Core CPI m/m|PPI m/m,Neutral|Neutral|Bad,10,9,1,90.0,10.0,9.0,2018-11|2020-06|2021-02|2021-04|2021-06|2021-08|2021-12|2022-02|2022-07|2025-08
0.3,3,CPI m/m|Core CPI m/m|PPI m/m,Bad|Bad|Neutral,1,1,0,100.0,0.0,inf,2021-05
0.3,3,CPI m/m|Core CPI m/m|PPI m/m,Bad|Bad|Bad,1,1,0,100.0,0.0,inf,2021-07
0.3,3,CPI m/m|Core CPI m/m|PPI m/m,Bad|Neutral|Neutral,2,2,0,100.0,0.0,inf,2021-11|2022-06
0.0,3,CPI m/m|Core CPI m/m|Core PPI m/m,Neutral|Bad|Good,3,3,0,100.0,0.0,inf,2018-01|2019-08|2023-03
0.0,3,CPI m/m|Core CPI m/m|Core PPI m/m,Neutral|Neutral|Neutral,5,1,4,20.0,80.0,0.25,2018-03|2021-01|2023-01|2024-11|2024-12
0.0,3,CPI m/m|Core CPI m/m|Core PPI m/m,Good|Neutral|Bad,4,2,2,50.0,50.0,1.0,2018-04|2019-02|2024-05|2026-02
0.0,3,CPI m/m|Core CPI m/m|Core PPI m/m,Good|Good|Neutral,3,2,1,66.7,33.3,2.0,2018-05|2018-10|2020-06
0.0,3,CPI m/m|Core CPI m/m|Core PPI m/m,Neutral|Bad|Bad,3,2,1,66.7,33.3,2.0,2018-06|2024-03|2024-09
0.0,3,CPI m/m|Core CPI m/m|Core PPI m/m,Good|Good|Good,11,8,3,72.7,27.3,2.67,2018-09|2019-05|2019-10|2022-08|2022-11|2023-07|2024-06|2025-03|2025-04|2025-05|2025-06
0.0,3,CPI m/m|Core CPI m/m|Core PPI m/m,Neutral|Neutral|Bad,6,4,2,66.7,33.3,2.0,2018-11|2018-12|2020-10|2023-02|2023-08|2025-08
0.0,3,CPI m/m|Core CPI m/m|Core PPI m/m,Bad|Bad|Bad,9,8,1,88.9,11.1,8.0,2019-07|2020-09|2021-04|2021-05|2021-06|2021-07|2022-02|2022-09|2024-02
0.0,3,CPI m/m|Core CPI m/m|Core PPI m/m,Bad|Neutral|Good,5,4,1,80.0,20.0,4.0,2019-12|2021-10|2023-12|2024-01|2025-09
0.0,3,CPI m/m|Core CPI m/m|Core PPI m/m,Bad|Bad|Good,5,4,1,80.0,20.0,4.0,2020-12|2021-11|2022-05|2022-06|2022-07
0.0,3,CPI m/m|Core CPI m/m|Core PPI m/m,Neutral|Good|Bad,4,2,2,50.0,50.0,1.0,2021-02|2021-08|2022-04|2026-01
0.0,3,CPI m/m|Core CPI m/m|Core PPI m/m,Neutral|Good|Neutral,1,1,0,100.0,0.0,inf,2021-03
0.0,3,CPI m/m|Core CPI m/m|Core PPI m/m,Good|Good|Bad,2,1,1,50.0,50.0,1.0,2021-09|2024-07
0.0,3,CPI m/m|Core CPI m/m|Core PPI m/m,Bad|Neutral|Bad,2,1,1,50.0,50.0,1.0,2021-12|2023-10
0.0,3,CPI m/m|Core CPI m/m|Core PPI m/m,Bad|Bad|Neutral,5,4,1,80.0,20.0,4.0,2022-01|2022-10|2024-04|2024-10|2025-02
0.0,3,CPI m/m|Core CPI m/m|Core PPI m/m,Neutral|Neutral|Good,2,2,0,100.0,0.0,inf,2022-03|2024-08
0.0,3,CPI m/m|Core CPI m/m|Core PPI m/m,Good|Neutral|Good,1,1,0,100.0,0.0,inf,2023-04
0.0,3,CPI m/m|Core CPI m/m|Core PPI m/m,Neutral|Bad|Neutral,2,2,0,100.0,0.0,inf,2023-05|2023-09
0.0,3,CPI m/m|Core CPI m/m|Core PPI m/m,Neutral|Good|Good,2,1,1,50.0,50.0,1.0,2025-01|2025-07
0.1,3,CPI m/m|Core CPI m/m|Core PPI m/m,Neutral|Neutral|Good,16,12,4,75.0,25.0,3.0,2018-01|2018-09|2019-08|2019-10|2019-12|2022-03|2023-03|2023-04|2023-12|2024-01|2024-06|2024-08|2025-01|2025-03|2025-05|2025-07
0.1,3,CPI m/m|Core CPI m/m|Core PPI m/m,Neutral|Neutral|Neutral,20,13,7,65.0,35.0,1.86,2018-03|2018-04|2018-05|2018-06|2018-10|2019-02|2019-07|2020-06|2020-12|2021-01|2021-03|2022-01|2023-01|2023-07|2023-08|2023-09|2024-09|2024-10|2024-11|2024-12
0.1,3,CPI m/m|Core CPI m/m|Core PPI m/m,Neutral|Neutral|Bad,8,4,4,50.0,50.0,1.0,2018-11|2018-12|2020-10|2021-04|2023-02|2025-08|2026-01|2026-02
0.1,3,CPI m/m|Core CPI m/m|Core PPI m/m,Good|Neutral|Neutral,1,1,0,100.0,0.0,inf,2019-05
0.1,3,CPI m/m|Core CPI m/m|Core PPI m/m,Bad|Bad|Bad,5,4,1,80.0,20.0,4.0,2020-09|2021-05|2021-06|2021-07|2022-09
0.1,3,CPI m/m|Core CPI m/m|Core PPI m/m,Neutral|Good|Bad,3,2,1,66.7,33.3,2.0,2021-02|2021-08|2022-04
0.1,3,CPI m/m|Core CPI m/m|Core PPI m/m,Good|Good|Neutral,1,1,0,100.0,0.0,inf,2021-09
0.1,3,CPI m/m|Core CPI m/m|Core PPI m/m,Bad|Neutral|Good,2,2,0,100.0,0.0,inf,2021-10|2025-09
0.1,3,CPI m/m|Core CPI m/m|Core PPI m/m,Bad|Bad|Neutral,5,4,1,80.0,20.0,4.0,2021-11|2022-07|2022-10|2024-04|2025-02
0.1,3,CPI m/m|Core CPI m/m|Core PPI m/m,Bad|Neutral|Bad,2,1,1,50.0,50.0,1.0,2021-12|2022-02
0.1,3,CPI m/m|Core CPI m/m|Core PPI m/m,Neutral|Bad|Good,1,0,1,0.0,100.0,0.0,2022-05
0.1,3,CPI m/m|Core CPI m/m|Core PPI m/m,Bad|Neutral|Neutral,2,2,0,100.0,0.0,inf,2022-06|2023-10
0.1,3,CPI m/m|Core CPI m/m|Core PPI m/m,Good|Good|Good,3,3,0,100.0,0.0,inf,2022-08|2022-11|2025-04
0.1,3,CPI m/m|Core CPI m/m|Core PPI m/m,Neutral|Bad|Neutral,2,2,0,100.0,0.0,inf,2023-05|2024-03
0.1,3,CPI m/m|Core CPI m/m|Core PPI m/m,Neutral|Bad|Bad,1,1,0,100.0,0.0,inf,2024-02
0.1,3,CPI m/m|Core CPI m/m|Core PPI m/m,Good|Neutral|Bad,2,0,2,0.0,100.0,0.0,2024-05|2024-07
0.1,3,CPI m/m|Core CPI m/m|Core PPI m/m,Neutral|Good|Good,1,1,0,100.0,0.0,inf,2025-06
0.2,3,CPI m/m|Core CPI m/m|Core PPI m/m,Neutral|Neutral|Good,15,13,2,86.7,13.3,6.5,2018-01|2018-09|2019-08|2019-10|2019-12|2021-10|2022-03|2022-11|2023-03|2023-04|2024-06|2025-03|2025-04|2025-05|2025-09
0.2,3,CPI m/m|Core CPI m/m|Core PPI m/m,Neutral|Neutral|Neutral,44,29,15,65.9,34.1,1.93,2018-03|2018-04|2018-05|2018-06|2018-10|2018-12|2019-02|2019-05|2019-07|2020-06|2020-09|2020-10|2020-12|2021-01|2021-03|2021-06|2021-09|2022-01|2022-05|2022-07|2022-08|2022-10|2023-01|2023-02|2023-05|2023-07|2023-08|2023-09|2023-10|2023-12|2024-01|2024-03|2024-04|2024-07|2024-08|2024-09|2024-10|2024-11|2024-12|2025-01|2025-02|2025-06|2025-07|2026-01
0.2,3,CPI m/m|Core CPI m/m|Core PPI m/m,Neutral|Neutral|Bad,11,7,4,63.6,36.4,1.75,2018-11|2021-02|2021-04|2021-08|2021-12|2022-02|2022-04|2024-02|2024-05|2025-08|2026-02
0.2,3,CPI m/m|Core CPI m/m|Core PPI m/m,Bad|Bad|Bad,2,2,0,100.0,0.0,inf,2021-05|2021-07
0.2,3,CPI m/m|Core CPI m/m|Core PPI m/m,Bad|Neutral|Neutral,2,2,0,100.0,0.0,inf,2021-11|2022-06
0.2,3,CPI m/m|Core CPI m/m|Core PPI m/m,Neutral|Bad|Neutral,1,0,1,0.0,100.0,0.0,2022-09
0.3,3,CPI m/m|Core CPI m/m|Core PPI m/m,Neutral|Neutral|Good,12,10,2,83.3,16.7,5.0,2018-01|2018-09|2019-08|2019-10|2019-12|2022-03|2023-03|2023-04|2025-03|2025-04|2025-05|2025-09
0.3,3,CPI m/m|Core CPI m/m|Core PPI m/m,Neutral|Neutral|Neutral,51,33,18,64.7,35.3,1.83,2018-03|2018-04|2018-05|2018-06|2018-10|2018-11|2018-12|2019-02|2019-05|2019-07|2020-06|2020-09|2020-10|2020-12|2021-01|2021-03|2021-06|2021-09|2021-10|2021-12|2022-01|2022-05|2022-07|2022-08|2022-09|2022-10|2022-11|2023-01|2023-02|2023-05|2023-07|2023-08|2023-09|2023-10|2023-12|2024-01|2024-03|2024-04|2024-05|2024-06|2024-07|2024-08|2024-09|2024-10|2024-11|2024-12|2025-01|2025-02|2025-06|2025-07|2026-01
0.3,3,CPI m/m|Core CPI m/m|Core PPI m/m,Neutral|Neutral|Bad,8,6,2,75.0,25.0,3.0,2021-02|2021-04|2021-08|2022-02|2022-04|2024-02|2025-08|2026-02
0.3,3,CPI m/m|Core CPI m/m|Core PPI m/m,Bad|Bad|Neutral,1,1,0,100.0,0.0,inf,2021-05
0.3,3,CPI m/m|Core CPI m/m|Core PPI m/m,Bad|Bad|Bad,1,1,0,100.0,0.0,inf,2021-07
0.3,3,CPI m/m|Core CPI m/m|Core PPI m/m,Bad|Neutral|Neutral,2,2,0,100.0,0.0,inf,2021-11|2022-06
0.0,3,CPI m/m|Core CPI m/m|FOMC,Neutral|Bad|Neutral,3,3,0,100.0,0.0,inf,2023-03|2023-05|2023-09
0.0,3,CPI m/m|Core CPI m/m|FOMC,Good|Good|Neutral,3,1,2,33.3,66.7,0.5,2023-07|2024-06|2024-07
0.0,3,CPI m/m|Core CPI m/m|FOMC,Bad|Neutral|Neutral,1,0,1,0.0,100.0,0.0,2023-12
0.0,3,CPI m/m|Core CPI m/m|FOMC,Neutral|Bad|Good,1,0,1,0.0,100.0,0.0,2024-09
0.0,3,CPI m/m|Core CPI m/m|FOMC,Neutral|Neutral|Neutral,2,0,2,0.0,100.0,0.0,2024-11|2024-12
0.0,3,CPI m/m|Core CPI m/m|FOMC,Neutral|Good|Neutral,1,0,1,0.0,100.0,0.0,2025-01
0.1,3,CPI m/m|Core CPI m/m|FOMC,Neutral|Neutral|Neutral,8,3,5,37.5,62.5,0.6,2023-03|2023-07|2023-09|2023-12|2024-06|2024-11|2024-12|2025-01
0.1,3,CPI m/m|Core CPI m/m|FOMC,Neutral|Bad|Neutral,1,1,0,100.0,0.0,inf,2023-05
0.1,3,CPI m/m|Core CPI m/m|FOMC,Good|Neutral|Neutral,1,0,1,0.0,100.0,0.0,2024-07
0.1,3,CPI m/m|Core CPI m/m|FOMC,Neutral|Neutral|Good,1,0,1,0.0,100.0,0.0,2024-09
0.2,3,CPI m/m|Core CPI m/m|FOMC,Neutral|Neutral|Neutral,10,4,6,40.0,60.0,0.67,2023-03|2023-05|2023-07|2023-09|2023-12|2024-06|2024-07|2024-11|2024-12|2025-01
0.2,3,CPI m/m|Core CPI m/m|FOMC,Neutral|Neutral|Good,1,0,1,0.0,100.0,0.0,2024-09
0.3,3,CPI m/m|Core CPI m/m|FOMC,Neutral|Neutral|Neutral,11,4,7,36.4,63.6,0.57,2023-03|2023-05|2023-07|2023-09|2023-12|2024-06|2024-07|2024-09|2024-11|2024-12|2025-01
0.0,3,CPI m/m|Core CPI m/m|CPI y/y,Neutral|Bad|Neutral,4,3,1,75.0,25.0,3.0,2018-01|2018-06|2023-03|2024-09
0.0,3,CPI m/m|Core CPI m/m|CPI y/y,Neutral|Neutral|Neutral,9,4,5,44.4,55.6,0.8,2018-03|2018-11|2018-12|2020-10|2021-01|2022-03|2023-01|2024-11|2024-12
0.0,3,CPI m/m|Core CPI m/m|CPI y/y,Good|Neutral|Neutral,2,1,1,50.0,50.0,1.0,2018-04|2024-05
0.0,3,CPI m/m|Core CPI m/m|CPI y/y,Good|Good|Neutral,2,2,0,100.0,0.0,inf,2018-05|2021-09
0.0,3,CPI m/m|Core CPI m/m|CPI y/y,Good|Good|Good,15,10,5,66.7,33.3,2.0,2018-09|2018-10|2019-05|2019-10|2020-06|2022-08|2022-11|2023-07|2024-06|2024-07|2025-03|2025-04|2025-05|2025-06|2025-10
0.0,3,CPI m/m|Core CPI m/m|CPI y/y,Good|Neutral|Bad,1,1,0,100.0,0.0,inf,2019-02
0.0,3,CPI m/m|Core CPI m/m|CPI y/y,Bad|Bad|Neutral,3,3,0,100.0,0.0,inf,2019-07|2020-12|2022-01
0.0,3,CPI m/m|Core CPI m/m|CPI y/y,Neutral|Bad|Bad,3,3,0,100.0,0.0,inf,2019-08|2023-09|2024-03
0.0,3,CPI m/m|Core CPI m/m|CPI y/y,Bad|Neutral|Bad,4,4,0,100.0,0.0,inf,2019-12|2021-10|2023-10|2024-01
0.0,3,CPI m/m|Core CPI m/m|CPI y/y,Bad|Bad|Bad,16,13,3,81.2,18.8,4.33,2020-09|2021-04|2021-05|2021-06|2021-07|2021-11|2022-02|2022-05|2022-06|2022-07|2022-09|2022-10|2024-02|2024-04|2024-10|2025-02
0.0,3,CPI m/m|Core CPI m/m|CPI y/y,Neutral|Good|Neutral,4,2,2,50.0,50.0,1.0,2021-02|2021-03|2025-01|2026-01
0.0,3,CPI m/m|Core CPI m/m|CPI y/y,Neutral|Good|Bad,3,2,1,66.7,33.3,2.0,2021-08|2022-04|2025-07
0.0,3,CPI m/m|Core CPI m/m|CPI y/y,Bad|Neutral|Neutral,3,1,2,33.3,66.7,0.5,2021-12|2023-12|2025-09
0.0,3,CPI m/m|Core CPI m/m|CPI y/y,Neutral|Neutral|Bad,1,0,1,0.0,100.0,0.0,2023-02
0.0,3,CPI m/m|Core CPI m/m|CPI y/y,Good|Neutral|Good,2,1,1,50.0,50.0,1.0,2023-04|2026-02
0.0,3,CPI m/m|Core CPI m/m|CPI y/y,Neutral|Bad|Good,1,1,0,100.0,0.0,inf,2023-05
0.0,3,CPI m/m|Core CPI m/m|CPI y/y,Neutral|Neutral|Good,3,3,0,100.0,0.0,inf,2023-08|2024-08|2025-08
0.1,3,CPI m/m|Core CPI m/m|CPI y/y,Neutral|Neutral|Neutral,26,17,9,65.4,34.6,1.89,2018-01|2018-03|2018-04|2018-05|2018-06|2018-09|2018-11|2018-12|2019-07|2020-10|2020-12|2021-01|2021-03|2022-01|2022-03|2023-01|2023-03|2023-04|2023-08|2023-12|2024-09|2024-11|2024-12|2025-01|2025-08|2026-01
0.1,3,CPI m/m|Core CPI m/m|CPI y/y,Neutral|Neutral|Good,9,4,5,44.4,55.6,0.8,2018-10|2019-10|2020-06|2023-07|2024-06|2024-08|2025-03|2025-05|2026-02
0.1,3,CPI m/m|Core CPI m/m|CPI y/y,Neutral|Neutral|Bad,9,8,1,88.9,11.1,8.0,2019-02|2019-08|2019-12|2021-04|2023-02|2023-09|2024-01|2024-10|2025-07
0.1,3,CPI m/m|Core CPI m/m|CPI y/y,Good|Neutral|Good,3,2,1,66.7,33.3,2.0,2019-05|2024-07|2025-10
0.1,3,CPI m/m|Core CPI m/m|CPI y/y,Bad|Bad|Bad,9,8,1,88.9,11.1,8.0,2020-09|2021-05|2021-06|2021-07|2021-11|2022-07|2022-09|2024-04|2025-02
0.1,3,CPI m/m|Core CPI m/m|CPI y/y,Neutral|Good|Neutral,2,1,1,50.0,50.0,1.0,2021-02|2022-04
0.1,3,CPI m/m|Core CPI m/m|CPI y/y,Neutral|Good|Bad,1,1,0,100.0,0.0,inf,2021-08
0.1,3,CPI m/m|Core CPI m/m|CPI y/y,Good|Good|Neutral,1,1,0,100.0,0.0,inf,2021-09
0.1,3,CPI m/m|Core CPI m/m|CPI y/y,Bad|Neutral|Bad,4,4,0,100.0,0.0,inf,2021-10|2022-02|2022-06|2023-10
0.1,3,CPI m/m|Core CPI m/m|CPI y/y,Bad|Neutral|Neutral,2,1,1,50.0,50.0,1.0,2021-12|2025-09
0.1,3,CPI m/m|Core CPI m/m|CPI y/y,Neutral|Bad|Bad,3,2,1,66.7,33.3,2.0,2022-05|2024-02|2024-03
0.1,3,CPI m/m|Core CPI m/m|CPI y/y,Good|Good|Good,3,3,0,100.0,0.0,inf,2022-08|2022-11|2025-04
0.1,3,CPI m/m|Core CPI m/m|CPI y/y,Bad|Bad|Neutral,1,0,1,0.0,100.0,0.0,2022-10
0.1,3,CPI m/m|Core CPI m/m|CPI y/y,Neutral|Bad|Neutral,1,1,0,100.0,0.0,inf,2023-05
0.1,3,CPI m/m|Core CPI m/m|CPI y/y,Good|Neutral|Neutral,1,0,1,0.0,100.0,0.0,2024-05
0.1,3,CPI m/m|Core CPI m/m|CPI y/y,Neutral|Good|Good,1,1,0,100.0,0.0,inf,2025-06
0.2,3,CPI m/m|Core CPI m/m|CPI y/y,Neutral|Neutral|Neutral,64,45,19,70.3,29.7,2.37,2018-01|2018-03|2018-04|2018-05|2018-06|2018-09|2018-10|2018-11|2018-12|2019-02|2019-05|2019-07|2019-08|2019-10|2019-12|2020-06|2020-09|2020-10|2020-12|2021-01|2021-02|2021-03|2021-04|2021-08|2021-09|2021-10|2021-12|2022-01|2022-03|2022-04|2022-08|2022-10|2023-01|2023-03|2023-04|2023-05|2023-07|2023-08|2023-09|2023-10|2023-12|2024-01|2024-03|2024-04|2024-05|2024-06|2024-07|2024-08|2024-09|2024-10|2024-11|2024-12|2025-01|2025-02|2025-03|2025-04|2025-05|2025-06|2025-07|2025-08|2025-09|2025-10|2026-01|2026-02
0.2,3,CPI m/m|Core CPI m/m|CPI y/y,Bad|Bad|Bad,2,2,0,100.0,0.0,inf,2021-05|2021-07
0.2,3,CPI m/m|Core CPI m/m|CPI y/y,Neutral|Neutral|Bad,6,4,2,66.7,33.3,2.0,2021-06|2022-02|2022-05|2022-07|2023-02|2024-02
0.2,3,CPI m/m|Core CPI m/m|CPI y/y,Bad|Neutral|Bad,2,2,0,100.0,0.0,inf,2021-11|2022-06
0.2,3,CPI m/m|Core CPI m/m|CPI y/y,Neutral|Bad|Bad,1,0,1,0.0,100.0,0.0,2022-09
0.2,3,CPI m/m|Core CPI m/m|CPI y/y,Neutral|Neutral|Good,1,1,0,100.0,0.0,inf,2022-11
0.3,3,CPI m/m|Core CPI m/m|CPI y/y,Neutral|Neutral|Neutral,71,49,22,69.0,31.0,2.23,2018-01|2018-03|2018-04|2018-05|2018-06|2018-09|2018-10|2018-11|2018-12|2019-02|2019-05|2019-07|2019-08|2019-10|2019-12|2020-06|2020-09|2020-10|2020-12|2021-01|2021-02|2021-03|2021-04|2021-06|2021-08|2021-09|2021-10|2021-12|2022-01|2022-02|2022-03|2022-04|2022-05|2022-08|2022-09|2022-10|2022-11|2023-01|2023-02|2023-03|2023-04|2023-05|2023-07|2023-08|2023-09|2023-10|2023-12|2024-01|2024-02|2024-03|2024-04|2024-05|2024-06|2024-07|2024-08|2024-09|2024-10|2024-11|2024-12|2025-01|2025-02|2025-03|2025-04|2025-05|2025-06|2025-07|2025-08|2025-09|2025-10|2026-01|2026-02
0.3,3,CPI m/m|Core CPI m/m|CPI y/y,Bad|Bad|Bad,2,2,0,100.0,0.0,inf,2021-05|2021-07
0.3,3,CPI m/m|Core CPI m/m|CPI y/y,Bad|Neutral|Neutral,2,2,0,100.0,0.0,inf,2021-11|2022-06
0.3,3,CPI m/m|Core CPI m/m|CPI y/y,Neutral|Neutral|Bad,1,1,0,100.0,0.0,inf,2022-07
0.0,3,CPI m/m|PPI m/m|Core PPI m/m,Neutral|Good|Good,6,5,1,83.3,16.7,5.0,2018-01|2022-03|2023-03|2024-08|2025-01|2025-07
0.0,3,CPI m/m|PPI m/m|Core PPI m/m,Neutral|Bad|Neutral,4,3,1,75.0,25.0,3.0,2018-03|2021-03|2023-09|2024-12
0.0,3,CPI m/m|PPI m/m|Core PPI m/m,Good|Bad|Bad,5,2,3,40.0,60.0,0.67,2018-04|2021-09|2024-05|2024-07|2026-02
0.0,3,CPI m/m|PPI m/m|Core PPI m/m,Good|Good|Neutral,1,1,0,100.0,0.0,inf,2018-05
0.0,3,CPI m/m|PPI m/m|Core PPI m/m,Neutral|Bad|Bad,13,8,5,61.5,38.5,1.6,2018-06|2018-11|2018-12|2020-10|2021-02|2021-08|2022-04|2023-02|2023-08|2024-03|2024-09|2025-08|2026-01
0.0,3,CPI m/m|PPI m/m|Core PPI m/m,Good|Good|Good,11,8,3,72.7,27.3,2.67,2018-09|2019-10|2022-08|2022-11|2023-04|2023-07|2024-06|2025-03|2025-04|2025-05|2025-06
0.0,3,CPI m/m|PPI m/m|Core PPI m/m,Good|Neutral|Neutral,1,0,1,0.0,100.0,0.0,2018-10
0.0,3,CPI m/m|PPI m/m|Core PPI m/m,Good|Good|Bad,1,1,0,100.0,0.0,inf,2019-02
0.0,3,CPI m/m|PPI m/m|Core PPI m/m,Good|Neutral|Good,1,1,0,100.0,0.0,inf,2019-05
0.0,3,CPI m/m|PPI m/m|Core PPI m/m,Bad|Neutral|Bad,2,1,1,50.0,50.0,1.0,2019-07|2022-09
0.0,3,CPI m/m|PPI m/m|Core PPI m/m,Neutral|Neutral|Good,1,1,0,100.0,0.0,inf,2019-08
0.0,3,CPI m/m|PPI m/m|Core PPI m/m,Bad|Good|Good,4,4,0,100.0,0.0,inf,2019-12|2021-10|2024-01|2025-09
0.0,3,CPI m/m|PPI m/m|Core PPI m/m,Good|Bad|Neutral,1,1,0,100.0,0.0,inf,2020-06
0.0,3,CPI m/m|PPI m/m|Core PPI m/m,Bad|Bad|Bad,9,8,1,88.9,11.1,8.0,2020-09|2021-04|2021-05|2021-06|2021-07|2021-12|2022-02|2023-10|2024-02
0.0,3,CPI m/m|PPI m/m|Core PPI m/m,Bad|Neutral|Good,5,3,2,60.0,40.0,1.5,2020-12|2021-11|2022-05|2022-06|2023-12
0.0,3,CPI m/m|PPI m/m|Core PPI m/m,Neutral|Good|Neutral,3,1,2,33.3,66.7,0.5,2021-01|2023-01|2023-05
0.0,3,CPI m/m|PPI m/m|Core PPI m/m,Bad|Good|Neutral,3,3,0,100.0,0.0,inf,2022-01|2024-04|2024-10
0.0,3,CPI m/m|PPI m/m|Core PPI m/m,Bad|Bad|Good,1,1,0,100.0,0.0,inf,2022-07
0.0,3,CPI m/m|PPI m/m|Core PPI m/m,Bad|Bad|Neutral,2,1,1,50.0,50.0,1.0,2022-10|2025-02
0.0,3,CPI m/m|PPI m/m|Core PPI m/m,Neutral|Neutral|Neutral,1,0,1,0.0,100.0,0.0,2024-11
0.1,3,CPI m/m|PPI m/m|Core PPI m/m,Neutral|Good|Good,13,10,3,76.9,23.1,3.33,2018-01|2018-09|2019-10|2019-12|2022-03|2023-03|2023-04|2024-01|2024-06|2025-01|2025-03|2025-05|2025-07
0.1,3,CPI m/m|PPI m/m|Core PPI m/m,Neutral|Neutral|Neutral,12,8,4,66.7,33.3,2.0,2018-03|2018-05|2018-10|2019-07|2020-12|2021-03|2023-05|2023-07|2023-08|2024-09|2024-10|2024-11
0.1,3,CPI m/m|PPI m/m|Core PPI m/m,Neutral|Bad|Neutral,6,5,1,83.3,16.7,5.0,2018-04|2018-06|2020-06|2023-09|2024-03|2024-12
0.1,3,CPI m/m|PPI m/m|Core PPI m/m,Neutral|Bad|Bad,11,6,5,54.5,45.5,1.2,2018-11|2020-10|2021-02|2021-04|2021-08|2022-04|2023-02|2024-02|2025-08|2026-01|2026-02
0.1,3,CPI m/m|PPI m/m|Core PPI m/m,Neutral|Neutral|Bad,1,1,0,100.0,0.0,inf,2018-12
0.1,3,CPI m/m|PPI m/m|Core PPI m/m,Neutral|Good|Neutral,4,2,2,50.0,50.0,1.0,2019-02|2021-01|2022-01|2023-01
0.1,3,CPI m/m|PPI m/m|Core PPI m/m,Good|Neutral|Neutral,2,2,0,100.0,0.0,inf,2019-05|2021-09
0.1,3,CPI m/m|PPI m/m|Core PPI m/m,Neutral|Neutral|Good,5,3,2,60.0,40.0,1.5,2019-08|2022-05|2023-12|2024-08|2025-06
0.1,3,CPI m/m|PPI m/m|Core PPI m/m,Bad|Neutral|Bad,2,1,1,50.0,50.0,1.0,2020-09|2022-09
0.1,3,CPI m/m|PPI m/m|Core PPI m/m,Bad|Bad|Bad,5,4,1,80.0,20.0,4.0,2021-05|2021-06|2021-07|2021-12|2022-02
0.1,3,CPI m/m|PPI m/m|Core PPI m/m,Bad|Neutral|Good,1,1,0,100.0,0.0,inf,2021-10
0.1,3,CPI m/m|PPI m/m|Core PPI m/m,Bad|Neutral|Neutral,3,3,0,100.0,0.0,inf,2021-11|2022-06|2024-04
0.1,3,CPI m/m|PPI m/m|Core PPI m/m,Bad|Bad|Neutral,4,3,1,75.0,25.0,3.0,2022-07|2022-10|2023-10|2025-02
0.1,3,CPI m/m|PPI m/m|Core PPI m/m,Good|Good|Good,3,3,0,100.0,0.0,inf,2022-08|2022-11|2025-04
0.1,3,CPI m/m|PPI m/m|Core PPI m/m,Good|Bad|Bad,1,0,1,0.0,100.0,0.0,2024-05
0.1,3,CPI m/m|PPI m/m|Core PPI m/m,Good|Neutral|Bad,1,0,1,0.0,100.0,0.0,2024-07
0.1,3,CPI m/m|PPI m/m|Core PPI m/m,Bad|Good|Good,1,1,0,100.0,0.0,inf,2025-09
0.2,3,CPI m/m|PPI m/m|Core PPI m/m,Neutral|Good|Good,10,8,2,80.0,20.0,4.0,2018-01|2018-09|2019-10|2023-03|2023-04|2024-06|2025-03|2025-04|2025-05|2025-09
0.2,3,CPI m/m|PPI m/m|Core PPI m/m,Neutral|Neutral|Neutral,37,23,14,62.2,37.8,1.64,2018-03|2018-04|2018-05|2018-06|2018-10|2018-12|2019-02|2019-05|2019-07|2020-09|2020-10|2020-12|2021-01|2021-03|2021-09|2022-01|2022-05|2022-09|2022-10|2023-05|2023-07|2023-08|2023-10|2023-12|2024-01|2024-04|2024-07|2024-08|2024-09|2024-10|2024-11|2024-12|2025-01|2025-02|2025-06|2025-07|2026-01
0.2,3,CPI m/m|PPI m/m|Core PPI m/m,Neutral|Bad|Bad,8,6,2,75.0,25.0,3.0,2018-11|2021-02|2021-04|2021-08|2021-12|2022-02|2022-04|2025-08
0.2,3,CPI m/m|PPI m/m|Core PPI m/m,Neutral|Neutral|Good,5,5,0,100.0,0.0,inf,2019-08|2019-12|2021-10|2022-03|2022-11
0.2,3,CPI m/m|PPI m/m|Core PPI m/m,Neutral|Bad|Neutral,6,5,1,83.3,16.7,5.0,2020-06|2021-06|2022-07|2023-02|2023-09|2024-03
0.2,3,CPI m/m|PPI m/m|Core PPI m/m,Bad|Bad|Bad,2,2,0,100.0,0.0,inf,2021-05|2021-07
0.2,3,CPI m/m|PPI m/m|Core PPI m/m,Bad|Neutral|Neutral,2,2,0,100.0,0.0,inf,2021-11|2022-06
0.2,3,CPI m/m|PPI m/m|Core PPI m/m,Neutral|Good|Neutral,2,1,1,50.0,50.0,1.0,2022-08|2023-01
0.2,3,CPI m/m|PPI m/m|Core PPI m/m,Neutral|Neutral|Bad,3,1,2,33.3,66.7,0.5,2024-02|2024-05|2026-02
0.3,3,CPI m/m|PPI m/m|Core PPI m/m,Neutral|Good|Good,8,7,1,87.5,12.5,7.0,2018-01|2018-09|2019-10|2023-03|2023-04|2025-04|2025-05|2025-09
0.3,3,CPI m/m|PPI m/m|Core PPI m/m,Neutral|Neutral|Neutral,43,27,16,62.8,37.2,1.69,2018-03|2018-04|2018-05|2018-06|2018-10|2018-12|2019-02|2019-05|2019-07|2020-09|2020-10|2020-12|2021-01|2021-03|2021-09|2021-10|2022-01|2022-05|2022-09|2022-10|2022-11|2023-02|2023-05|2023-07|2023-08|2023-09|2023-10|2023-12|2024-01|2024-03|2024-04|2024-05|2024-07|2024-08|2024-09|2024-10|2024-11|2024-12|2025-01|2025-02|2025-06|2025-07|2026-01
0.3,3,CPI m/m|PPI m/m|Core PPI m/m,Neutral|Bad|Neutral,5,4,1,80.0,20.0,4.0,2018-11|2020-06|2021-06|2021-12|2022-07
0.3,3,CPI m/m|PPI m/m|Core PPI m/m,Neutral|Neutral|Good,4,3,1,75.0,25.0,3.0,2019-08|2019-12|2022-03|2025-03
0.3,3,CPI m/m|PPI m/m|Core PPI m/m,Neutral|Bad|Bad,5,5,0,100.0,0.0,inf,2021-02|2021-04|2021-08|2022-02|2025-08
0.3,3,CPI m/m|PPI m/m|Core PPI m/m,Bad|Neutral|Neutral,3,3,0,100.0,0.0,inf,2021-05|2021-11|2022-06
0.3,3,CPI m/m|PPI m/m|Core PPI m/m,Bad|Bad|Bad,1,1,0,100.0,0.0,inf,2021-07
0.3,3,CPI m/m|PPI m/m|Core PPI m/m,Neutral|Neutral|Bad,3,1,2,33.3,66.7,0.5,2022-04|2024-02|2026-02
0.3,3,CPI m/m|PPI m/m|Core PPI m/m,Neutral|Good|Neutral,3,2,1,66.7,33.3,2.0,2022-08|2023-01|2024-06
0.0,3,CPI m/m|PPI m/m|FOMC,Neutral|Good|Neutral,3,2,1,66.7,33.3,2.0,2023-03|2023-05|2025-01
0.0,3,CPI m/m|PPI m/m|FOMC,Good|Good|Neutral,2,1,1,50.0,50.0,1.0,2023-07|2024-06
0.0,3,CPI m/m|PPI m/m|FOMC,Neutral|Bad|Neutral,2,1,1,50.0,50.0,1.0,2023-09|2024-12
0.0,3,CPI m/m|PPI m/m|FOMC,Bad|Neutral|Neutral,1,0,1,0.0,100.0,0.0,2023-12
0.0,3,CPI m/m|PPI m/m|FOMC,Good|Bad|Neutral,1,0,1,0.0,100.0,0.0,2024-07
0.0,3,CPI m/m|PPI m/m|FOMC,Neutral|Bad|Good,1,0,1,0.0,100.0,0.0,2024-09
0.0,3,CPI m/m|PPI m/m|FOMC,Neutral|Neutral|Neutral,1,0,1,0.0,100.0,0.0,2024-11
0.1,3,CPI m/m|PPI m/m|FOMC,Neutral|Good|Neutral,3,2,1,66.7,33.3,2.0,2023-03|2024-06|2025-01
0.1,3,CPI m/m|PPI m/m|FOMC,Neutral|Neutral|Neutral,4,1,3,25.0,75.0,0.33,2023-05|2023-07|2023-12|2024-11
0.1,3,CPI m/m|PPI m/m|FOMC,Neutral|Bad|Neutral,2,1,1,50.0,50.0,1.0,2023-09|2024-12
0.1,3,CPI m/m|PPI m/m|FOMC,Good|Neutral|Neutral,1,0,1,0.0,100.0,0.0,2024-07
0.1,3,CPI m/m|PPI m/m|FOMC,Neutral|Neutral|Good,1,0,1,0.0,100.0,0.0,2024-09
0.2,3,CPI m/m|PPI m/m|FOMC,Neutral|Good|Neutral,2,2,0,100.0,0.0,inf,2023-03|2024-06
0.2,3,CPI m/m|PPI m/m|FOMC,Neutral|Neutral|Neutral,7,1,6,14.3,85.7,0.17,2023-05|2023-07|2023-12|2024-07|2024-11|2024-12|2025-01
0.2,3,CPI m/m|PPI m/m|FOMC,Neutral|Bad|Neutral,1,1,0,100.0,0.0,inf,2023-09
0.2,3,CPI m/m|PPI m/m|FOMC,Neutral|Neutral|Good,1,0,1,0.0,100.0,0.0,2024-09
0.3,3,CPI m/m|PPI m/m|FOMC,Neutral|Good|Neutral,2,2,0,100.0,0.0,inf,2023-03|2024-06
0.3,3,CPI m/m|PPI m/m|FOMC,Neutral|Neutral|Neutral,9,2,7,22.2,77.8,0.29,2023-05|2023-07|2023-09|2023-12|2024-07|2024-09|2024-11|2024-12|2025-01
0.0,3,CPI m/m|PPI m/m|CPI y/y,Neutral|Good|Neutral,6,3,3,50.0,50.0,1.0,2018-01|2021-01|2022-03|2023-01|2023-03|2025-01
0.0,3,CPI m/m|PPI m/m|CPI y/y,Neutral|Bad|Neutral,10,6,4,60.0,40.0,1.5,2018-03|2018-06|2018-11|2018-12|2020-10|2021-02|2021-03|2024-09|2024-12|2026-01
0.0,3,CPI m/m|PPI m/m|CPI y/y,Good|Bad|Neutral,3,2,1,66.7,33.3,2.0,2018-04|2021-09|2024-05
0.0,3,CPI m/m|PPI m/m|CPI y/y,Good|Good|Neutral,1,1,0,100.0,0.0,inf,2018-05
0.0,3,CPI m/m|PPI m/m|CPI y/y,Good|Good|Good,11,8,3,72.7,27.3,2.67,2018-09|2019-10|2022-08|2022-11|2023-04|2023-07|2024-06|2025-03|2025-04|2025-05|2025-06
0.0,3,CPI m/m|PPI m/m|CPI y/y,Good|Neutral|Good,2,1,1,50.0,50.0,1.0,2018-10|2019-05
0.0,3,CPI m/m|PPI m/m|CPI y/y,Good|Good|Bad,1,1,0,100.0,0.0,inf,2019-02
0.0,3,CPI m/m|PPI m/m|CPI y/y,Bad|Neutral|Neutral,3,2,1,66.7,33.3,2.0,2019-07|2020-12|2023-12
0.0,3,CPI m/m|PPI m/m|CPI y/y,Neutral|Neutral|Bad,1,1,0,100.0,0.0,inf,2019-08
0.0,3,CPI m/m|PPI m/m|CPI y/y,Bad|Good|Bad,5,5,0,100.0,0.0,inf,2019-12|2021-10|2024-01|2024-04|2024-10
0.0,3,CPI m/m|PPI m/m|CPI y/y,Good|Bad|Good,3,1,2,33.3,66.7,0.5,2020-06|2024-07|2026-02
0.0,3,CPI m/m|PPI m/m|CPI y/y,Bad|Bad|Bad,11,10,1,90.9,9.1,10.0,2020-09|2021-04|2021-05|2021-06|2021-07|2022-02|2022-07|2022-10|2023-10|2024-02|2025-02
0.0,3,CPI m/m|PPI m/m|CPI y/y,Neutral|Bad|Bad,5,3,2,60.0,40.0,1.5,2021-08|2022-04|2023-02|2023-09|2024-03
0.0,3,CPI m/m|PPI m/m|CPI y/y,Bad|Neutral|Bad,4,2,2,50.0,50.0,1.0,2021-11|2022-05|2022-06|2022-09
0.0,3,CPI m/m|PPI m/m|CPI y/y,Bad|Bad|Neutral,1,0,1,0.0,100.0,0.0,2021-12
0.0,3,CPI m/m|PPI m/m|CPI y/y,Bad|Good|Neutral,2,2,0,100.0,0.0,inf,2022-01|2025-09
0.0,3,CPI m/m|PPI m/m|CPI y/y,Neutral|Good|Good,2,2,0,100.0,0.0,inf,2023-05|2024-08
0.0,3,CPI m/m|PPI m/m|CPI y/y,Neutral|Bad|Good,2,2,0,100.0,0.0,inf,2023-08|2025-08
0.0,3,CPI m/m|PPI m/m|CPI y/y,Neutral|Neutral|Neutral,1,0,1,0.0,100.0,0.0,2024-11
0.0,3,CPI m/m|PPI m/m|CPI y/y,Neutral|Good|Bad,1,1,0,100.0,0.0,inf,2025-07
0.1,3,CPI m/m|PPI m/m|CPI y/y,Neutral|Good|Neutral,9,6,3,66.7,33.3,2.0,2018-01|2018-09|2021-01|2022-01|2022-03|2023-01|2023-03|2023-04|2025-01
0.1,3,CPI m/m|PPI m/m|CPI y/y,Neutral|Neutral|Neutral,11,8,3,72.7,27.3,2.67,2018-03|2018-05|2018-12|2019-07|2020-12|2021-03|2023-05|2023-08|2023-12|2024-09|2024-11
0.1,3,CPI m/m|PPI m/m|CPI y/y,Neutral|Bad|Neutral,9,5,4,55.6,44.4,1.25,2018-04|2018-06|2018-11|2020-10|2021-02|2022-04|2024-12|2025-08|2026-01
0.1,3,CPI m/m|PPI m/m|CPI y/y,Neutral|Neutral|Good,4,2,2,50.0,50.0,1.0,2018-10|2023-07|2024-08|2025-06
0.1,3,CPI m/m|PPI m/m|CPI y/y,Neutral|Good|Bad,4,4,0,100.0,0.0,inf,2019-02|2019-12|2024-01|2025-07
0.1,3,CPI m/m|PPI m/m|CPI y/y,Good|Neutral|Good,2,1,1,50.0,50.0,1.0,2019-05|2024-07
0.1,3,CPI m/m|PPI m/m|CPI y/y,Neutral|Neutral|Bad,3,2,1,66.7,33.3,2.0,2019-08|2022-05|2024-10
0.1,3,CPI m/m|PPI m/m|CPI y/y,Neutral|Good|Good,4,2,2,50.0,50.0,1.0,2019-10|2024-06|2025-03|2025-05
0.1,3,CPI m/m|PPI m/m|CPI y/y,Neutral|Bad|Good,2,1,1,50.0,50.0,1.0,2020-06|2026-02
0.1,3,CPI m/m|PPI m/m|CPI y/y,Bad|Neutral|Bad,6,5,1,83.3,16.7,5.0,2020-09|2021-10|2021-11|2022-06|2022-09|2024-04
0.1,3,CPI m/m|PPI m/m|CPI y/y,Neutral|Bad|Bad,6,5,1,83.3,16.7,5.0,2021-04|2021-08|2023-02|2023-09|2024-02|2024-03
0.1,3,CPI m/m|PPI m/m|CPI y/y,Bad|Bad|Bad,7,7,0,100.0,0.0,inf,2021-05|2021-06|2021-07|2022-02|2022-07|2023-10|2025-02
0.1,3,CPI m/m|PPI m/m|CPI y/y,Good|Neutral|Neutral,1,1,0,100.0,0.0,inf,2021-09
0.1,3,CPI m/m|PPI m/m|CPI y/y,Bad|Bad|Neutral,2,0,2,0.0,100.0,0.0,2021-12|2022-10
0.1,3,CPI m/m|PPI m/m|CPI y/y,Good|Good|Good,3,3,0,100.0,0.0,inf,2022-08|2022-11|2025-04
0.1,3,CPI m/m|PPI m/m|CPI y/y,Good|Bad|Neutral,1,0,1,0.0,100.0,0.0,2024-05
0.1,3,CPI m/m|PPI m/m|CPI y/y,Bad|Good|Neutral,1,1,0,100.0,0.0,inf,2025-09
0.2,3,CPI m/m|PPI m/m|CPI y/y,Neutral|Good|Neutral,12,9,3,75.0,25.0,3.0,2018-01|2018-09|2019-10|2022-08|2023-01|2023-03|2023-04|2024-06|2025-03|2025-04|2025-05|2025-09
0.2,3,CPI m/m|PPI m/m|CPI y/y,Neutral|Neutral|Neutral,41,27,14,65.9,34.1,1.93,2018-03|2018-04|2018-05|2018-06|2018-10|2018-12|2019-02|2019-05|2019-07|2019-08|2019-12|2020-09|2020-10|2020-12|2021-01|2021-03|2021-09|2021-10|2022-01|2022-03|2022-10|2023-05|2023-07|2023-08|2023-10|2023-12|2024-01|2024-04|2024-05|2024-07|2024-08|2024-09|2024-10|2024-11|2024-12|2025-01|2025-02|2025-06|2025-07|2026-01|2026-02
0.2,3,CPI m/m|PPI m/m|CPI y/y,Neutral|Bad|Neutral,10,8,2,80.0,20.0,4.0,2018-11|2020-06|2021-02|2021-04|2021-08|2021-12|2022-04|2023-09|2024-03|2025-08
0.2,3,CPI m/m|PPI m/m|CPI y/y,Bad|Bad|Bad,2,2,0,100.0,0.0,inf,2021-05|2021-07
0.2,3,CPI m/m|PPI m/m|CPI y/y,Neutral|Bad|Bad,4,3,1,75.0,25.0,3.0,2021-06|2022-02|2022-07|2023-02
0.2,3,CPI m/m|PPI m/m|CPI y/y,Bad|Neutral|Bad,2,2,0,100.0,0.0,inf,2021-11|2022-06
0.2,3,CPI m/m|PPI m/m|CPI y/y,Neutral|Neutral|Bad,3,1,2,33.3,66.7,0.5,2022-05|2022-09|2024-02
0.2,3,CPI m/m|PPI m/m|CPI y/y,Neutral|Neutral|Good,1,1,0,100.0,0.0,inf,2022-11
0.3,3,CPI m/m|PPI m/m|CPI y/y,Neutral|Good|Neutral,11,9,2,81.8,18.2,4.5,2018-01|2018-09|2019-10|2022-08|2023-01|2023-03|2023-04|2024-06|2025-04|2025-05|2025-09
0.3,3,CPI m/m|PPI m/m|CPI y/y,Neutral|Neutral|Neutral,50,31,19,62.0,38.0,1.63,2018-03|2018-04|2018-05|2018-06|2018-10|2018-12|2019-02|2019-05|2019-07|2019-08|2019-12|2020-09|2020-10|2020-12|2021-01|2021-03|2021-09|2021-10|2022-01|2022-03|2022-04|2022-05|2022-09|2022-10|2022-11|2023-02|2023-05|2023-07|2023-08|2023-09|2023-10|2023-12|2024-01|2024-02|2024-03|2024-04|2024-05|2024-07|2024-08|2024-09|2024-10|2024-11|2024-12|2025-01|2025-02|2025-03|2025-06|2025-07|2026-01|2026-02
0.3,3,CPI m/m|PPI m/m|CPI y/y,Neutral|Bad|Neutral,9,8,1,88.9,11.1,8.0,2018-11|2020-06|2021-02|2021-04|2021-06|2021-08|2021-12|2022-02|2025-08
0.3,3,CPI m/m|PPI m/m|CPI y/y,Bad|Neutral|Bad,1,1,0,100.0,0.0,inf,2021-05
0.3,3,CPI m/m|PPI m/m|CPI y/y,Bad|Bad|Bad,1,1,0,100.0,0.0,inf,2021-07
0.3,3,CPI m/m|PPI m/m|CPI y/y,Bad|Neutral|Neutral,2,2,0,100.0,0.0,inf,2021-11|2022-06
0.3,3,CPI m/m|PPI m/m|CPI y/y,Neutral|Bad|Bad,1,1,0,100.0,0.0,inf,2022-07
0.0,3,CPI m/m|Core PPI m/m|FOMC,Neutral|Good|Neutral,2,1,1,50.0,50.0,1.0,2023-03|2025-01
0.0,3,CPI m/m|Core PPI m/m|FOMC,Neutral|Neutral|Neutral,4,2,2,50.0,50.0,1.0,2023-05|2023-09|2024-11|2024-12
0.0,3,CPI m/m|Core PPI m/m|FOMC,Good|Good|Neutral,2,1,1,50.0,50.0,1.0,2023-07|2024-06
0.0,3,CPI m/m|Core PPI m/m|FOMC,Bad|Good|Neutral,1,0,1,0.0,100.0,0.0,2023-12
0.0,3,CPI m/m|Core PPI m/m|FOMC,Good|Bad|Neutral,1,0,1,0.0,100.0,0.0,2024-07
0.0,3,CPI m/m|Core PPI m/m|FOMC,Neutral|Bad|Good,1,0,1,0.0,100.0,0.0,2024-09
0.1,3,CPI m/m|Core PPI m/m|FOMC,Neutral|Good|Neutral,4,2,2,50.0,50.0,1.0,2023-03|2023-12|2024-06|2025-01
0.1,3,CPI m/m|Core PPI m/m|FOMC,Neutral|Neutral|Neutral,5,2,3,40.0,60.0,0.67,2023-05|2023-07|2023-09|2024-11|2024-12
0.1,3,CPI m/m|Core PPI m/m|FOMC,Good|Bad|Neutral,1,0,1,0.0,100.0,0.0,2024-07
0.1,3,CPI m/m|Core PPI m/m|FOMC,Neutral|Neutral|Good,1,0,1,0.0,100.0,0.0,2024-09
0.2,3,CPI m/m|Core PPI m/m|FOMC,Neutral|Good|Neutral,2,2,0,100.0,0.0,inf,2023-03|2024-06
0.2,3,CPI m/m|Core PPI m/m|FOMC,Neutral|Neutral|Neutral,8,2,6,25.0,75.0,0.33,2023-05|2023-07|2023-09|2023-12|2024-07|2024-11|2024-12|2025-01
0.2,3,CPI m/m|Core PPI m/m|FOMC,Neutral|Neutral|Good,1,0,1,0.0,100.0,0.0,2024-09
0.3,3,CPI m/m|Core PPI m/m|FOMC,Neutral|Good|Neutral,1,1,0,100.0,0.0,inf,2023-03
0.3,3,CPI m/m|Core PPI m/m|FOMC,Neutral|Neutral|Neutral,10,3,7,30.0,70.0,0.43,2023-05|2023-07|2023-09|2023-12|2024-06|2024-07|2024-09|2024-11|2024-12|2025-01
0.0,3,CPI m/m|Core PPI m/m|CPI y/y,Neutral|Good|Neutral,4,3,1,75.0,25.0,3.0,2018-01|2022-03|2023-03|2025-01
0.0,3,CPI m/m|Core PPI m/m|CPI y/y,Neutral|Neutral|Neutral,6,2,4,33.3,66.7,0.5,2018-03|2021-01|2021-03|2023-01|2024-11|2024-12
0.0,3,CPI m/m|Core PPI m/m|CPI y/y,Good|Bad|Neutral,3,2,1,66.7,33.3,2.0,2018-04|2021-09|2024-05
0.0,3,CPI m/m|Core PPI m/m|CPI y/y,Good|Neutral|Neutral,1,1,0,100.0,0.0,inf,2018-05
0.0,3,CPI m/m|Core PPI m/m|CPI y/y,Neutral|Bad|Neutral,7,4,3,57.1,42.9,1.33,2018-06|2018-11|2018-12|2020-10|2021-02|2024-09|2026-01
0.0,3,CPI m/m|Core PPI m/m|CPI y/y,Good|Good|Good,12,9,3,75.0,25.0,3.0,2018-09|2019-05|2019-10|2022-08|2022-11|2023-04|2023-07|2024-06|2025-03|2025-04|2025-05|2025-06
0.0,3,CPI m/m|Core PPI m/m|CPI y/y,Good|Neutral|Good,2,1,1,50.0,50.0,1.0,2018-10|2020-06
0.0,3,CPI m/m|Core PPI m/m|CPI y/y,Good|Bad|Bad,1,1,0,100.0,0.0,inf,2019-02
0.0,3,CPI m/m|Core PPI m/m|CPI y/y,Bad|Bad|Neutral,2,1,1,50.0,50.0,1.0,2019-07|2021-12
0.0,3,CPI m/m|Core PPI m/m|CPI y/y,Neutral|Good|Bad,2,2,0,100.0,0.0,inf,2019-08|2025-07
0.0,3,CPI m/m|Core PPI m/m|CPI y/y,Bad|Good|Bad,7,6,1,85.7,14.3,6.0,2019-12|2021-10|2021-11|2022-05|2022-06|2022-07|2024-01
0.0,3,CPI m/m|Core PPI m/m|CPI y/y,Bad|Bad|Bad,9,8,1,88.9,11.1,8.0,2020-09|2021-04|2021-05|2021-06|2021-07|2022-02|2022-09|2023-10|2024-02
0.0,3,CPI m/m|Core PPI m/m|CPI y/y,Bad|Good|Neutral,3,2,1,66.7,33.3,2.0,2020-12|2023-12|2025-09
0.0,3,CPI m/m|Core PPI m/m|CPI y/y,Neutral|Bad|Bad,4,2,2,50.0,50.0,1.0,2021-08|2022-04|2023-02|2024-03
0.0,3,CPI m/m|Core PPI m/m|CPI y/y,Bad|Neutral|Neutral,1,1,0,100.0,0.0,inf,2022-01
0.0,3,CPI m/m|Core PPI m/m|CPI y/y,Bad|Neutral|Bad,4,3,1,75.0,25.0,3.0,2022-10|2024-04|2024-10|2025-02
0.0,3,CPI m/m|Core PPI m/m|CPI y/y,Neutral|Neutral|Good,1,1,0,100.0,0.0,inf,2023-05
0.0,3,CPI m/m|Core PPI m/m|CPI y/y,Neutral|Bad|Good,2,2,0,100.0,0.0,inf,2023-08|2025-08
0.0,3,CPI m/m|Core PPI m/m|CPI y/y,Neutral|Neutral|Bad,1,1,0,100.0,0.0,inf,2023-09
0.0,3,CPI m/m|Core PPI m/m|CPI y/y,Good|Bad|Good,2,0,2,0.0,100.0,0.0,2024-07|2026-02
0.0,3,CPI m/m|Core PPI m/m|CPI y/y,Neutral|Good|Good,1,1,0,100.0,0.0,inf,2024-08
0.1,3,CPI m/m|Core PPI m/m|CPI y/y,Neutral|Good|Neutral,7,5,2,71.4,28.6,2.5,2018-01|2018-09|2022-03|2023-03|2023-04|2023-12|2025-01
0.1,3,CPI m/m|Core PPI m/m|CPI y/y,Neutral|Neutral|Neutral,15,10,5,66.7,33.3,2.0,2018-03|2018-04|2018-05|2018-06|2019-07|2020-12|2021-01|2021-03|2022-01|2023-01|2023-05|2023-08|2024-09|2024-11|2024-12
0.1,3,CPI m/m|Core PPI m/m|CPI y/y,Neutral|Neutral|Good,3,1,2,33.3,66.7,0.5,2018-10|2020-06|2023-07
0.1,3,CPI m/m|Core PPI m/m|CPI y/y,Neutral|Bad|Neutral,7,4,3,57.1,42.9,1.33,2018-11|2018-12|2020-10|2021-02|2022-04|2025-08|2026-01
0.1,3,CPI m/m|Core PPI m/m|CPI y/y,Neutral|Neutral|Bad,4,4,0,100.0,0.0,inf,2019-02|2023-09|2024-03|2024-10
0.1,3,CPI m/m|Core PPI m/m|CPI y/y,Good|Neutral|Good,1,1,0,100.0,0.0,inf,2019-05
0.1,3,CPI m/m|Core PPI m/m|CPI y/y,Neutral|Good|Bad,5,4,1,80.0,20.0,4.0,2019-08|2019-12|2022-05|2024-01|2025-07
0.1,3,CPI m/m|Core PPI m/m|CPI y/y,Neutral|Good|Good,6,4,2,66.7,33.3,2.0,2019-10|2024-06|2024-08|2025-03|2025-05|2025-06
0.1,3,CPI m/m|Core PPI m/m|CPI y/y,Bad|Bad|Bad,6,5,1,83.3,16.7,5.0,2020-09|2021-05|2021-06|2021-07|2022-02|2022-09
0.1,3,CPI m/m|Core PPI m/m|CPI y/y,Neutral|Bad|Bad,4,3,1,75.0,25.0,3.0,2021-04|2021-08|2023-02|2024-02
0.1,3,CPI m/m|Core PPI m/m|CPI y/y,Good|Neutral|Neutral,1,1,0,100.0,0.0,inf,2021-09
0.1,3,CPI m/m|Core PPI m/m|CPI y/y,Bad|Good|Bad,1,1,0,100.0,0.0,inf,2021-10
0.1,3,CPI m/m|Core PPI m/m|CPI y/y,Bad|Neutral|Bad,6,6,0,100.0,0.0,inf,2021-11|2022-06|2022-07|2023-10|2024-04|2025-02
0.1,3,CPI m/m|Core PPI m/m|CPI y/y,Bad|Bad|Neutral,1,0,1,0.0,100.0,0.0,2021-12
0.1,3,CPI m/m|Core PPI m/m|CPI y/y,Good|Good|Good,3,3,0,100.0,0.0,inf,2022-08|2022-11|2025-04
0.1,3,CPI m/m|Core PPI m/m|CPI y/y,Bad|Neutral|Neutral,1,0,1,0.0,100.0,0.0,2022-10
0.1,3,CPI m/m|Core PPI m/m|CPI y/y,Good|Bad|Neutral,1,0,1,0.0,100.0,0.0,2024-05
0.1,3,CPI m/m|Core PPI m/m|CPI y/y,Good|Bad|Good,1,0,1,0.0,100.0,0.0,2024-07
0.1,3,CPI m/m|Core PPI m/m|CPI y/y,Bad|Good|Neutral,1,1,0,100.0,0.0,inf,2025-09
0.1,3,CPI m/m|Core PPI m/m|CPI y/y,Neutral|Bad|Good,1,0,1,0.0,100.0,0.0,2026-02
0.2,3,CPI m/m|Core PPI m/m|CPI y/y,Neutral|Good|Neutral,14,12,2,85.7,14.3,6.0,2018-01|2018-09|2019-08|2019-10|2019-12|2021-10|2022-03|2023-03|2023-04|2024-06|2025-03|2025-04|2025-05|2025-09
0.2,3,CPI m/m|Core PPI m/m|CPI y/y,Neutral|Neutral|Neutral,40,27,13,67.5,32.5,2.08,2018-03|2018-04|2018-05|2018-06|2018-10|2018-12|2019-02|2019-05|2019-07|2020-06|2020-09|2020-10|2020-12|2021-01|2021-03|2021-09|2022-01|2022-08|2022-10|2023-01|2023-05|2023-07|2023-08|2023-09|2023-10|2023-12|2024-01|2024-03|2024-04|2024-07|2024-08|2024-09|2024-10|2024-11|2024-12|2025-01|2025-02|2025-06|2025-07|2026-01
0.2,3,CPI m/m|Core PPI m/m|CPI y/y,Neutral|Bad|Neutral,9,5,4,55.6,44.4,1.25,2018-11|2021-02|2021-04|2021-08|2021-12|2022-04|2024-05|2025-08|2026-02
0.2,3,CPI m/m|Core PPI m/m|CPI y/y,Bad|Bad|Bad,2,2,0,100.0,0.0,inf,2021-05|2021-07
0.2,3,CPI m/m|Core PPI m/m|CPI y/y,Neutral|Neutral|Bad,5,2,3,40.0,60.0,0.67,2021-06|2022-05|2022-07|2022-09|2023-02
0.2,3,CPI m/m|Core PPI m/m|CPI y/y,Bad|Neutral|Bad,2,2,0,100.0,0.0,inf,2021-11|2022-06
0.2,3,CPI m/m|Core PPI m/m|CPI y/y,Neutral|Bad|Bad,2,2,0,100.0,0.0,inf,2022-02|2024-02
0.2,3,CPI m/m|Core PPI m/m|CPI y/y,Neutral|Good|Good,1,1,0,100.0,0.0,inf,2022-11
0.3,3,CPI m/m|Core PPI m/m|CPI y/y,Neutral|Good|Neutral,12,10,2,83.3,16.7,5.0,2018-01|2018-09|2019-08|2019-10|2019-12|2022-03|2023-03|2023-04|2025-03|2025-04|2025-05|2025-09
0.3,3,CPI m/m|Core PPI m/m|CPI y/y,Neutral|Neutral|Neutral,50,32,18,64.0,36.0,1.78,2018-03|2018-04|2018-05|2018-06|2018-10|2018-11|2018-12|2019-02|2019-05|2019-07|2020-06|2020-09|2020-10|2020-12|2021-01|2021-03|2021-06|2021-09|2021-10|2021-12|2022-01|2022-05|2022-08|2022-09|2022-10|2022-11|2023-01|2023-02|2023-05|2023-07|2023-08|2023-09|2023-10|2023-12|2024-01|2024-03|2024-04|2024-05|2024-06|2024-07|2024-08|2024-09|2024-10|2024-11|2024-12|2025-01|2025-02|2025-06|2025-07|2026-01
0.3,3,CPI m/m|Core PPI m/m|CPI y/y,Neutral|Bad|Neutral,8,6,2,75.0,25.0,3.0,2021-02|2021-04|2021-08|2022-02|2022-04|2024-02|2025-08|2026-02
0.3,3,CPI m/m|Core PPI m/m|CPI y/y,Bad|Neutral|Bad,1,1,0,100.0,0.0,inf,2021-05
0.3,3,CPI m/m|Core PPI m/m|CPI y/y,Bad|Bad|Bad,1,1,0,100.0,0.0,inf,2021-07
0.3,3,CPI m/m|Core PPI m/m|CPI y/y,Bad|Neutral|Neutral,2,2,0,100.0,0.0,inf,2021-11|2022-06
0.3,3,CPI m/m|Core PPI m/m|CPI y/y,Neutral|Neutral|Bad,1,1,0,100.0,0.0,inf,2022-07
0.0,3,CPI m/m|FOMC|CPI y/y,Neutral|Neutral|Neutral,4,1,3,25.0,75.0,0.33,2023-03|2024-11|2024-12|2025-01
0.0,3,CPI m/m|FOMC|CPI y/y,Neutral|Neutral|Good,1,1,0,100.0,0.0,inf,2023-05
0.0,3,CPI m/m|FOMC|CPI y/y,Good|Neutral|Good,3,1,2,33.3,66.7,0.5,2023-07|2024-06|2024-07
0.0,3,CPI m/m|FOMC|CPI y/y,Neutral|Neutral|Bad,1,1,0,100.0,0.0,inf,2023-09
0.0,3,CPI m/m|FOMC|CPI y/y,Bad|Neutral|Neutral,1,0,1,0.0,100.0,0.0,2023-12
0.0,3,CPI m/m|FOMC|CPI y/y,Neutral|Good|Neutral,1,0,1,0.0,100.0,0.0,2024-09
0.1,3,CPI m/m|FOMC|CPI y/y,Neutral|Neutral|Neutral,6,2,4,33.3,66.7,0.5,2023-03|2023-05|2023-12|2024-11|2024-12|2025-01
0.1,3,CPI m/m|FOMC|CPI y/y,Neutral|Neutral|Good,2,1,1,50.0,50.0,1.0,2023-07|2024-06
0.1,3,CPI m/m|FOMC|CPI y/y,Neutral|Neutral|Bad,1,1,0,100.0,0.0,inf,2023-09
0.1,3,CPI m/m|FOMC|CPI y/y,Good|Neutral|Good,1,0,1,0.0,100.0,0.0,2024-07
0.1,3,CPI m/m|FOMC|CPI y/y,Neutral|Good|Neutral,1,0,1,0.0,100.0,0.0,2024-09
0.2,3,CPI m/m|FOMC|CPI y/y,Neutral|Neutral|Neutral,10,4,6,40.0,60.0,0.67,2023-03|2023-05|2023-07|2023-09|2023-12|2024-06|2024-07|2024-11|2024-12|2025-01
0.2,3,CPI m/m|FOMC|CPI y/y,Neutral|Good|Neutral,1,0,1,0.0,100.0,0.0,2024-09
0.3,3,CPI m/m|FOMC|CPI y/y,Neutral|Neutral|Neutral,11,4,7,36.4,63.6,0.57,2023-03|2023-05|2023-07|2023-09|2023-12|2024-06|2024-07|2024-09|2024-11|2024-12|2025-01
0.0,3,Core CPI m/m|PPI m/m|Core PPI m/m,Bad|Good|Good,2,2,0,100.0,0.0,inf,2018-01|2023-03
0.0,3,Core CPI m/m|PPI m/m|Core PPI m/m,Neutral|Bad|Neutral,2,1,1,50.0,50.0,1.0,2018-03|2024-12
0.0,3,Core CPI m/m|PPI m/m|Core PPI m/m,Neutral|Bad|Bad,11,6,5,54.5,45.5,1.2,2018-04|2018-11|2018-12|2020-10|2021-12|2023-02|2023-08|2023-10|2024-05|2025-08|2026-02
0.0,3,Core CPI m/m|PPI m/m|Core PPI m/m,Good|Good|Neutral,1,1,0,100.0,0.0,inf,2018-05
0.0,3,Core CPI m/m|PPI m/m|Core PPI m/m,Bad|Bad|Bad,10,9,1,90.0,10.0,9.0,2018-06|2020-09|2021-04|2021-05|2021-06|2021-07|2022-02|2024-02|2024-03|2024-09
0.0,3,Core CPI m/m|PPI m/m|Core PPI m/m,Good|Good|Good,12,8,4,66.7,33.3,2.0,2018-09|2019-10|2022-08|2022-11|2023-07|2024-06|2025-01|2025-03|2025-04|2025-05|2025-06|2025-07
0.0,3,Core CPI m/m|PPI m/m|Core PPI m/m,Good|Neutral|Neutral,1,0,1,0.0,100.0,0.0,2018-10
0.0,3,Core CPI m/m|PPI m/m|Core PPI m/m,Neutral|Good|Bad,1,1,0,100.0,0.0,inf,2019-02
0.0,3,Core CPI m/m|PPI m/m|Core PPI m/m,Good|Neutral|Good,1,1,0,100.0,0.0,inf,2019-05
0.0,3,Core CPI m/m|PPI m/m|Core PPI m/m,Bad|Neutral|Bad,2,1,1,50.0,50.0,1.0,2019-07|2022-09
0.0,3,Core CPI m/m|PPI m/m|Core PPI m/m,Bad|Neutral|Good,5,4,1,80.0,20.0,4.0,2019-08|2020-12|2021-11|2022-05|2022-06
0.0,3,Core CPI m/m|PPI m/m|Core PPI m/m,Neutral|Good|Good,7,7,0,100.0,0.0,inf,2019-12|2021-10|2022-03|2023-04|2024-01|2024-08|2025-09
0.0,3,Core CPI m/m|PPI m/m|Core PPI m/m,Good|Bad|Neutral,2,2,0,100.0,0.0,inf,2020-06|2021-03
0.0,3,Core CPI m/m|PPI m/m|Core PPI m/m,Neutral|Good|Neutral,2,0,2,0.0,100.0,0.0,2021-01|2023-01
0.0,3,Core CPI m/m|PPI m/m|Core PPI m/m,Good|Bad|Bad,6,3,3,50.0,50.0,1.0,2021-02|2021-08|2021-09|2022-04|2024-07|2026-01
0.0,3,Core CPI m/m|PPI m/m|Core PPI m/m,Bad|Good|Neutral,4,4,0,100.0,0.0,inf,2022-01|2023-05|2024-04|2024-10
0.0,3,Core CPI m/m|PPI m/m|Core PPI m/m,Bad|Bad|Good,1,1,0,100.0,0.0,inf,2022-07
0.0,3,Core CPI m/m|PPI m/m|Core PPI m/m,Bad|Bad|Neutral,3,2,1,66.7,33.3,2.0,2022-10|2023-09|2025-02
0.0,3,Core CPI m/m|PPI m/m|Core PPI m/m,Neutral|Neutral|Good,1,0,1,0.0,100.0,0.0,2023-12
0.0,3,Core CPI m/m|PPI m/m|Core PPI m/m,Neutral|Neutral|Neutral,1,0,1,0.0,100.0,0.0,2024-11
0.1,3,Core CPI m/m|PPI m/m|Core PPI m/m,Neutral|Good|Good,14,11,3,78.6,21.4,3.67,2018-01|2018-09|2019-10|2019-12|2022-03|2023-03|2023-04|2024-01|2024-06|2025-01|2025-03|2025-05|2025-07|2025-09
0.1,3,Core CPI m/m|PPI m/m|Core PPI m/m,Neutral|Neutral|Neutral,13,9,4,69.2,30.8,2.25,2018-03|2018-05|2018-10|2019-05|2019-07|2020-12|2021-03|2022-06|2023-07|2023-08|2024-09|2024-10|2024-11
0.1,3,Core CPI m/m|PPI m/m|Core PPI m/m,Neutral|Bad|Neutral,6,5,1,83.3,16.7,5.0,2018-04|2018-06|2020-06|2023-09|2023-10|2024-12
0.1,3,Core CPI m/m|PPI m/m|Core PPI m/m,Neutral|Bad|Bad,10,4,6,40.0,60.0,0.67,2018-11|2020-10|2021-04|2021-12|2022-02|2023-02|2024-05|2025-08|2026-01|2026-02
0.1,3,Core CPI m/m|PPI m/m|Core PPI m/m,Neutral|Neutral|Bad,2,1,1,50.0,50.0,1.0,2018-12|2024-07
0.1,3,Core CPI m/m|PPI m/m|Core PPI m/m,Neutral|Good|Neutral,4,2,2,50.0,50.0,1.0,2019-02|2021-01|2022-01|2023-01
0.1,3,Core CPI m/m|PPI m/m|Core PPI m/m,Neutral|Neutral|Good,4,3,1,75.0,25.0,3.0,2019-08|2021-10|2023-12|2024-08
0.1,3,Core CPI m/m|PPI m/m|Core PPI m/m,Bad|Neutral|Bad,2,1,1,50.0,50.0,1.0,2020-09|2022-09
0.1,3,Core CPI m/m|PPI m/m|Core PPI m/m,Good|Bad|Bad,3,2,1,66.7,33.3,2.0,2021-02|2021-08|2022-04
0.1,3,Core CPI m/m|PPI m/m|Core PPI m/m,Bad|Bad|Bad,4,4,0,100.0,0.0,inf,2021-05|2021-06|2021-07|2024-02
0.1,3,Core CPI m/m|PPI m/m|Core PPI m/m,Good|Neutral|Neutral,1,1,0,100.0,0.0,inf,2021-09
0.1,3,Core CPI m/m|PPI m/m|Core PPI m/m,Bad|Neutral|Neutral,3,3,0,100.0,0.0,inf,2021-11|2023-05|2024-04
0.1,3,Core CPI m/m|PPI m/m|Core PPI m/m,Bad|Neutral|Good,1,0,1,0.0,100.0,0.0,2022-05
0.1,3,Core CPI m/m|PPI m/m|Core PPI m/m,Bad|Bad|Neutral,4,3,1,75.0,25.0,3.0,2022-07|2022-10|2024-03|2025-02
0.1,3,Core CPI m/m|PPI m/m|Core PPI m/m,Good|Good|Good,3,3,0,100.0,0.0,inf,2022-08|2022-11|2025-04
0.1,3,Core CPI m/m|PPI m/m|Core PPI m/m,Good|Neutral|Good,1,1,0,100.0,0.0,inf,2025-06
0.2,3,Core CPI m/m|PPI m/m|Core PPI m/m,Neutral|Good|Good,10,8,2,80.0,20.0,4.0,2018-01|2018-09|2019-10|2023-03|2023-04|2024-06|2025-03|2025-04|2025-05|2025-09
0.2,3,Core CPI m/m|PPI m/m|Core PPI m/m,Neutral|Neutral|Neutral,38,25,13,65.8,34.2,1.92,2018-03|2018-04|2018-05|2018-06|2018-10|2018-12|2019-02|2019-05|2019-07|2020-09|2020-10|2020-12|2021-01|2021-03|2021-09|2021-11|2022-01|2022-05|2022-06|2022-10|2023-05|2023-07|2023-08|2023-10|2023-12|2024-01|2024-04|2024-07|2024-08|2024-09|2024-10|2024-11|2024-12|2025-01|2025-02|2025-06|2025-07|2026-01
0.2,3,Core CPI m/m|PPI m/m|Core PPI m/m,Neutral|Bad|Bad,8,6,2,75.0,25.0,3.0,2018-11|2021-02|2021-04|2021-08|2021-12|2022-02|2022-04|2025-08
0.2,3,Core CPI m/m|PPI m/m|Core PPI m/m,Neutral|Neutral|Good,5,5,0,100.0,0.0,inf,2019-08|2019-12|2021-10|2022-03|2022-11
0.2,3,Core CPI m/m|PPI m/m|Core PPI m/m,Neutral|Bad|Neutral,6,5,1,83.3,16.7,5.0,2020-06|2021-06|2022-07|2023-02|2023-09|2024-03
0.2,3,Core CPI m/m|PPI m/m|Core PPI m/m,Bad|Bad|Bad,2,2,0,100.0,0.0,inf,2021-05|2021-07
0.2,3,Core CPI m/m|PPI m/m|Core PPI m/m,Neutral|Good|Neutral,2,1,1,50.0,50.0,1.0,2022-08|2023-01
0.2,3,Core CPI m/m|PPI m/m|Core PPI m/m,Bad|Neutral|Neutral,1,0,1,0.0,100.0,0.0,2022-09
0.2,3,Core CPI m/m|PPI m/m|Core PPI m/m,Neutral|Neutral|Bad,3,1,2,33.3,66.7,0.5,2024-02|2024-05|2026-02
0.3,3,Core CPI m/m|PPI m/m|Core PPI m/m,Neutral|Good|Good,8,7,1,87.5,12.5,7.0,2018-01|2018-09|2019-10|2023-03|2023-04|2025-04|2025-05|2025-09
0.3,3,Core CPI m/m|PPI m/m|Core PPI m/m,Neutral|Neutral|Neutral,45,29,16,64.4,35.6,1.81,2018-03|2018-04|2018-05|2018-06|2018-10|2018-12|2019-02|2019-05|2019-07|2020-09|2020-10|2020-12|2021-01|2021-03|2021-09|2021-10|2021-11|2022-01|2022-05|2022-06|2022-09|2022-10|2022-11|2023-02|2023-05|2023-07|2023-08|2023-09|2023-10|2023-12|2024-01|2024-03|2024-04|2024-05|2024-07|2024-08|2024-09|2024-10|2024-11|2024-12|2025-01|2025-02|2025-06|2025-07|2026-01
0.3,3,Core CPI m/m|PPI m/m|Core PPI m/m,Neutral|Bad|Neutral,5,4,1,80.0,20.0,4.0,2018-11|2020-06|2021-06|2021-12|2022-07
0.3,3,Core CPI m/m|PPI m/m|Core PPI m/m,Neutral|Neutral|Good,4,3,1,75.0,25.0,3.0,2019-08|2019-12|2022-03|2025-03
0.3,3,Core CPI m/m|PPI m/m|Core PPI m/m,Neutral|Bad|Bad,5,5,0,100.0,0.0,inf,2021-02|2021-04|2021-08|2022-02|2025-08
0.3,3,Core CPI m/m|PPI m/m|Core PPI m/m,Bad|Neutral|Neutral,1,1,0,100.0,0.0,inf,2021-05
0.3,3,Core CPI m/m|PPI m/m|Core PPI m/m,Bad|Bad|Bad,1,1,0,100.0,0.0,inf,2021-07
0.3,3,Core CPI m/m|PPI m/m|Core PPI m/m,Neutral|Neutral|Bad,3,1,2,33.3,66.7,0.5,2022-04|2024-02|2026-02
0.3,3,Core CPI m/m|PPI m/m|Core PPI m/m,Neutral|Good|Neutral,3,2,1,66.7,33.3,2.0,2022-08|2023-01|2024-06
0.0,3,Core CPI m/m|PPI m/m|FOMC,Bad|Good|Neutral,2,2,0,100.0,0.0,inf,2023-03|2023-05
0.0,3,Core CPI m/m|PPI m/m|FOMC,Good|Good|Neutral,3,1,2,33.3,66.7,0.5,2023-07|2024-06|2025-01
0.0,3,Core CPI m/m|PPI m/m|FOMC,Bad|Bad|Neutral,1,1,0,100.0,0.0,inf,2023-09
0.0,3,Core CPI m/m|PPI m/m|FOMC,Neutral|Neutral|Neutral,2,0,2,0.0,100.0,0.0,2023-12|2024-11
0.0,3,Core CPI m/m|PPI m/m|FOMC,Good|Bad|Neutral,1,0,1,0.0,100.0,0.0,2024-07
0.0,3,Core CPI m/m|PPI m/m|FOMC,Bad|Bad|Good,1,0,1,0.0,100.0,0.0,2024-09
0.0,3,Core CPI m/m|PPI m/m|FOMC,Neutral|Bad|Neutral,1,0,1,0.0,100.0,0.0,2024-12
0.1,3,Core CPI m/m|PPI m/m|FOMC,Neutral|Good|Neutral,3,2,1,66.7,33.3,2.0,2023-03|2024-06|2025-01
0.1,3,Core CPI m/m|PPI m/m|FOMC,Bad|Neutral|Neutral,1,1,0,100.0,0.0,inf,2023-05
0.1,3,Core CPI m/m|PPI m/m|FOMC,Neutral|Neutral|Neutral,4,0,4,0.0,100.0,0.0,2023-07|2023-12|2024-07|2024-11
0.1,3,Core CPI m/m|PPI m/m|FOMC,Neutral|Bad|Neutral,2,1,1,50.0,50.0,1.0,2023-09|2024-12
0.1,3,Core CPI m/m|PPI m/m|FOMC,Neutral|Neutral|Good,1,0,1,0.0,100.0,0.0,2024-09
0.2,3,Core CPI m/m|PPI m/m|FOMC,Neutral|Good|Neutral,2,2,0,100.0,0.0,inf,2023-03|2024-06
0.2,3,Core CPI m/m|PPI m/m|FOMC,Neutral|Neutral|Neutral,7,1,6,14.3,85.7,0.17,2023-05|2023-07|2023-12|2024-07|2024-11|2024-12|2025-01
0.2,3,Core CPI m/m|PPI m/m|FOMC,Neutral|Bad|Neutral,1,1,0,100.0,0.0,inf,2023-09
0.2,3,Core CPI m/m|PPI m/m|FOMC,Neutral|Neutral|Good,1,0,1,0.0,100.0,0.0,2024-09
0.3,3,Core CPI m/m|PPI m/m|FOMC,Neutral|Good|Neutral,2,2,0,100.0,0.0,inf,2023-03|2024-06
0.3,3,Core CPI m/m|PPI m/m|FOMC,Neutral|Neutral|Neutral,9,2,7,22.2,77.8,0.29,2023-05|2023-07|2023-09|2023-12|2024-07|2024-09|2024-11|2024-12|2025-01
0.0,3,Core CPI m/m|PPI m/m|CPI y/y,Bad|Good|Neutral,3,3,0,100.0,0.0,inf,2018-01|2022-01|2023-03
0.0,3,Core CPI m/m|PPI m/m|CPI y/y,Neutral|Bad|Neutral,8,4,4,50.0,50.0,1.0,2018-03|2018-04|2018-11|2018-12|2020-10|2021-12|2024-05|2024-12
0.0,3,Core CPI m/m|PPI m/m|CPI y/y,Good|Good|Neutral,2,1,1,50.0,50.0,1.0,2018-05|2025-01
0.0,3,Core CPI m/m|PPI m/m|CPI y/y,Bad|Bad|Neutral,2,1,1,50.0,50.0,1.0,2018-06|2024-09
0.0,3,Core CPI m/m|PPI m/m|CPI y/y,Good|Good|Good,10,7,3,70.0,30.0,2.33,2018-09|2019-10|2022-08|2022-11|2023-07|2024-06|2025-03|2025-04|2025-05|2025-06
0.0,3,Core CPI m/m|PPI m/m|CPI y/y,Good|Neutral|Good,2,1,1,50.0,50.0,1.0,2018-10|2019-05
0.0,3,Core CPI m/m|PPI m/m|CPI y/y,Neutral|Good|Bad,4,4,0,100.0,0.0,inf,2019-02|2019-12|2021-10|2024-01
0.0,3,Core CPI m/m|PPI m/m|CPI y/y,Bad|Neutral|Neutral,2,2,0,100.0,0.0,inf,2019-07|2020-12
0.0,3,Core CPI m/m|PPI m/m|CPI y/y,Bad|Neutral|Bad,5,3,2,60.0,40.0,1.5,2019-08|2021-11|2022-05|2022-06|2022-09
0.0,3,Core CPI m/m|PPI m/m|CPI y/y,Good|Bad|Good,2,1,1,50.0,50.0,1.0,2020-06|2024-07
0.0,3,Core CPI m/m|PPI m/m|CPI y/y,Bad|Bad|Bad,12,11,1,91.7,8.3,11.0,2020-09|2021-04|2021-05|2021-06|2021-07|2022-02|2022-07|2022-10|2023-09|2024-02|2024-03|2025-02
0.0,3,Core CPI m/m|PPI m/m|CPI y/y,Neutral|Good|Neutral,4,2,2,50.0,50.0,1.0,2021-01|2022-03|2023-01|2025-09
0.0,3,Core CPI m/m|PPI m/m|CPI y/y,Good|Bad|Neutral,4,3,1,75.0,25.0,3.0,2021-02|2021-03|2021-09|2026-01
0.0,3,Core CPI m/m|PPI m/m|CPI y/y,Good|Bad|Bad,2,1,1,50.0,50.0,1.0,2021-08|2022-04
0.0,3,Core CPI m/m|PPI m/m|CPI y/y,Neutral|Bad|Bad,2,1,1,50.0,50.0,1.0,2023-02|2023-10
0.0,3,Core CPI m/m|PPI m/m|CPI y/y,Neutral|Good|Good,2,2,0,100.0,0.0,inf,2023-04|2024-08
0.0,3,Core CPI m/m|PPI m/m|CPI y/y,Bad|Good|Good,1,1,0,100.0,0.0,inf,2023-05
0.0,3,Core CPI m/m|PPI m/m|CPI y/y,Neutral|Bad|Good,3,2,1,66.7,33.3,2.0,2023-08|2025-08|2026-02
0.0,3,Core CPI m/m|PPI m/m|CPI y/y,Neutral|Neutral|Neutral,2,0,2,0.0,100.0,0.0,2023-12|2024-11
0.0,3,Core CPI m/m|PPI m/m|CPI y/y,Bad|Good|Bad,2,2,0,100.0,0.0,inf,2024-04|2024-10
0.0,3,Core CPI m/m|PPI m/m|CPI y/y,Good|Good|Bad,1,1,0,100.0,0.0,inf,2025-07
0.1,3,Core CPI m/m|PPI m/m|CPI y/y,Neutral|Good|Neutral,10,7,3,70.0,30.0,2.33,2018-01|2018-09|2021-01|2022-01|2022-03|2023-01|2023-03|2023-04|2025-01|2025-09
0.1,3,Core CPI m/m|PPI m/m|CPI y/y,Neutral|Neutral|Neutral,10,7,3,70.0,30.0,2.33,2018-03|2018-05|2018-12|2019-07|2020-12|2021-03|2023-08|2023-12|2024-09|2024-11
0.1,3,Core CPI m/m|PPI m/m|CPI y/y,Neutral|Bad|Neutral,9,4,5,44.4,55.6,0.8,2018-04|2018-06|2018-11|2020-10|2021-12|2024-05|2024-12|2025-08|2026-01
0.1,3,Core CPI m/m|PPI m/m|CPI y/y,Neutral|Neutral|Good,5,2,3,40.0,60.0,0.67,2018-10|2019-05|2023-07|2024-07|2024-08
0.1,3,Core CPI m/m|PPI m/m|CPI y/y,Neutral|Good|Bad,4,4,0,100.0,0.0,inf,2019-02|2019-12|2024-01|2025-07
0.1,3,Core CPI m/m|PPI m/m|CPI y/y,Neutral|Neutral|Bad,4,4,0,100.0,0.0,inf,2019-08|2021-10|2022-06|2024-10
0.1,3,Core CPI m/m|PPI m/m|CPI y/y,Neutral|Good|Good,4,2,2,50.0,50.0,1.0,2019-10|2024-06|2025-03|2025-05
0.1,3,Core CPI m/m|PPI m/m|CPI y/y,Neutral|Bad|Good,2,1,1,50.0,50.0,1.0,2020-06|2026-02
0.1,3,Core CPI m/m|PPI m/m|CPI y/y,Bad|Neutral|Bad,5,3,2,60.0,40.0,1.5,2020-09|2021-11|2022-05|2022-09|2024-04
0.1,3,Core CPI m/m|PPI m/m|CPI y/y,Good|Bad|Neutral,2,1,1,50.0,50.0,1.0,2021-02|2022-04
0.1,3,Core CPI m/m|PPI m/m|CPI y/y,Neutral|Bad|Bad,5,4,1,80.0,20.0,4.0,2021-04|2022-02|2023-02|2023-09|2023-10
0.1,3,Core CPI m/m|PPI m/m|CPI y/y,Bad|Bad|Bad,7,7,0,100.0,0.0,inf,2021-05|2021-06|2021-07|2022-07|2024-02|2024-03|2025-02
0.1,3,Core CPI m/m|PPI m/m|CPI y/y,Good|Bad|Bad,1,1,0,100.0,0.0,inf,2021-08
0.1,3,Core CPI m/m|PPI m/m|CPI y/y,Good|Neutral|Neutral,1,1,0,100.0,0.0,inf,2021-09
0.1,3,Core CPI m/m|PPI m/m|CPI y/y,Good|Good|Good,3,3,0,100.0,0.0,inf,2022-08|2022-11|2025-04
0.1,3,Core CPI m/m|PPI m/m|CPI y/y,Bad|Bad|Neutral,1,0,1,0.0,100.0,0.0,2022-10
0.1,3,Core CPI m/m|PPI m/m|CPI y/y,Bad|Neutral|Neutral,1,1,0,100.0,0.0,inf,2023-05
0.1,3,Core CPI m/m|PPI m/m|CPI y/y,Good|Neutral|Good,1,1,0,100.0,0.0,inf,2025-06
0.2,3,Core CPI m/m|PPI m/m|CPI y/y,Neutral|Good|Neutral,12,9,3,75.0,25.0,3.0,2018-01|2018-09|2019-10|2022-08|2023-01|2023-03|2023-04|2024-06|2025-03|2025-04|2025-05|2025-09
0.2,3,Core CPI m/m|PPI m/m|CPI y/y,Neutral|Neutral|Neutral,41,27,14,65.9,34.1,1.93,2018-03|2018-04|2018-05|2018-06|2018-10|2018-12|2019-02|2019-05|2019-07|2019-08|2019-12|2020-09|2020-10|2020-12|2021-01|2021-03|2021-09|2021-10|2022-01|2022-03|2022-10|2023-05|2023-07|2023-08|2023-10|2023-12|2024-01|2024-04|2024-05|2024-07|2024-08|2024-09|2024-10|2024-11|2024-12|2025-01|2025-02|2025-06|2025-07|2026-01|2026-02
0.2,3,Core CPI m/m|PPI m/m|CPI y/y,Neutral|Bad|Neutral,10,8,2,80.0,20.0,4.0,2018-11|2020-06|2021-02|2021-04|2021-08|2021-12|2022-04|2023-09|2024-03|2025-08
0.2,3,Core CPI m/m|PPI m/m|CPI y/y,Bad|Bad|Bad,2,2,0,100.0,0.0,inf,2021-05|2021-07
0.2,3,Core CPI m/m|PPI m/m|CPI y/y,Neutral|Bad|Bad,4,3,1,75.0,25.0,3.0,2021-06|2022-02|2022-07|2023-02
0.2,3,Core CPI m/m|PPI m/m|CPI y/y,Neutral|Neutral|Bad,4,3,1,75.0,25.0,3.0,2021-11|2022-05|2022-06|2024-02
0.2,3,Core CPI m/m|PPI m/m|CPI y/y,Bad|Neutral|Bad,1,0,1,0.0,100.0,0.0,2022-09
0.2,3,Core CPI m/m|PPI m/m|CPI y/y,Neutral|Neutral|Good,1,1,0,100.0,0.0,inf,2022-11
0.3,3,Core CPI m/m|PPI m/m|CPI y/y,Neutral|Good|Neutral,11,9,2,81.8,18.2,4.5,2018-01|2018-09|2019-10|2022-08|2023-01|2023-03|2023-04|2024-06|2025-04|2025-05|2025-09
0.3,3,Core CPI m/m|PPI m/m|CPI y/y,Neutral|Neutral|Neutral,52,33,19,63.5,36.5,1.74,2018-03|2018-04|2018-05|2018-06|2018-10|2018-12|2019-02|2019-05|2019-07|2019-08|2019-12|2020-09|2020-10|2020-12|2021-01|2021-03|2021-09|2021-10|2021-11|2022-01|2022-03|2022-04|2022-05|2022-06|2022-09|2022-10|2022-11|2023-02|2023-05|2023-07|2023-08|2023-09|2023-10|2023-12|2024-01|2024-02|2024-03|2024-04|2024-05|2024-07|2024-08|2024-09|2024-10|2024-11|2024-12|2025-01|2025-02|2025-03|2025-06|2025-07|2026-01|2026-02
0.3,3,Core CPI m/m|PPI m/m|CPI y/y,Neutral|Bad|Neutral,9,8,1,88.9,11.1,8.0,2018-11|2020-06|2021-02|2021-04|2021-06|2021-08|2021-12|2022-02|2025-08
0.3,3,Core CPI m/m|PPI m/m|CPI y/y,Bad|Neutral|Bad,1,1,0,100.0,0.0,inf,2021-05
0.3,3,Core CPI m/m|PPI m/m|CPI y/y,Bad|Bad|Bad,1,1,0,100.0,0.0,inf,2021-07
0.3,3,Core CPI m/m|PPI m/m|CPI y/y,Neutral|Bad|Bad,1,1,0,100.0,0.0,inf,2022-07
0.0,3,Core CPI m/m|Core PPI m/m|FOMC,Bad|Good|Neutral,1,1,0,100.0,0.0,inf,2023-03
0.0,3,Core CPI m/m|Core PPI m/m|FOMC,Bad|Neutral|Neutral,2,2,0,100.0,0.0,inf,2023-05|2023-09
0.0,3,Core CPI m/m|Core PPI m/m|FOMC,Good|Good|Neutral,3,1,2,33.3,66.7,0.5,2023-07|2024-06|2025-01
0.0,3,Core CPI m/m|Core PPI m/m|FOMC,Neutral|Good|Neutral,1,0,1,0.0,100.0,0.0,2023-12
0.0,3,Core CPI m/m|Core PPI m/m|FOMC,Good|Bad|Neutral,1,0,1,0.0,100.0,0.0,2024-07
0.0,3,Core CPI m/m|Core PPI m/m|FOMC,Bad|Bad|Good,1,0,1,0.0,100.0,0.0,2024-09
0.0,3,Core CPI m/m|Core PPI m/m|FOMC,Neutral|Neutral|Neutral,2,0,2,0.0,100.0,0.0,2024-11|2024-12
0.1,3,Core CPI m/m|Core PPI m/m|FOMC,Neutral|Good|Neutral,4,2,2,50.0,50.0,1.0,2023-03|2023-12|2024-06|2025-01
0.1,3,Core CPI m/m|Core PPI m/m|FOMC,Bad|Neutral|Neutral,1,1,0,100.0,0.0,inf,2023-05
0.1,3,Core CPI m/m|Core PPI m/m|FOMC,Neutral|Neutral|Neutral,4,1,3,25.0,75.0,0.33,2023-07|2023-09|2024-11|2024-12
0.1,3,Core CPI m/m|Core PPI m/m|FOMC,Neutral|Bad|Neutral,1,0,1,0.0,100.0,0.0,2024-07
0.1,3,Core CPI m/m|Core PPI m/m|FOMC,Neutral|Neutral|Good,1,0,1,0.0,100.0,0.0,2024-09
0.2,3,Core CPI m/m|Core PPI m/m|FOMC,Neutral|Good|Neutral,2,2,0,100.0,0.0,inf,2023-03|2024-06
0.2,3,Core CPI m/m|Core PPI m/m|FOMC,Neutral|Neutral|Neutral,8,2,6,25.0,75.0,0.33,2023-05|2023-07|2023-09|2023-12|2024-07|2024-11|2024-12|2025-01
0.2,3,Core CPI m/m|Core PPI m/m|FOMC,Neutral|Neutral|Good,1,0,1,0.0,100.0,0.0,2024-09
0.3,3,Core CPI m/m|Core PPI m/m|FOMC,Neutral|Good|Neutral,1,1,0,100.0,0.0,inf,2023-03
0.3,3,Core CPI m/m|Core PPI m/m|FOMC,Neutral|Neutral|Neutral,10,3,7,30.0,70.0,0.43,2023-05|2023-07|2023-09|2023-12|2024-06|2024-07|2024-09|2024-11|2024-12|2025-01
0.0,3,Core CPI m/m|Core PPI m/m|CPI y/y,Bad|Good|Neutral,3,3,0,100.0,0.0,inf,2018-01|2020-12|2023-03
0.0,3,Core CPI m/m|Core PPI m/m|CPI y/y,Neutral|Neutral|Neutral,5,1,4,20.0,80.0,0.25,2018-03|2021-01|2023-01|2024-11|2024-12
0.0,3,Core CPI m/m|Core PPI m/m|CPI y/y,Neutral|Bad|Neutral,6,3,3,50.0,50.0,1.0,2018-04|2018-11|2018-12|2020-10|2021-12|2024-05
0.0,3,Core CPI m/m|Core PPI m/m|CPI y/y,Good|Neutral|Neutral,2,2,0,100.0,0.0,inf,2018-05|2021-03
0.0,3,Core CPI m/m|Core PPI m/m|CPI y/y,Bad|Bad|Neutral,3,2,1,66.7,33.3,2.0,2018-06|2019-07|2024-09
0.0,3,Core CPI m/m|Core PPI m/m|CPI y/y,Good|Good|Good,11,8,3,72.7,27.3,2.67,2018-09|2019-05|2019-10|2022-08|2022-11|2023-07|2024-06|2025-03|2025-04|2025-05|2025-06
0.0,3,Core CPI m/m|Core PPI m/m|CPI y/y,Good|Neutral|Good,2,1,1,50.0,50.0,1.0,2018-10|2020-06
0.0,3,Core CPI m/m|Core PPI m/m|CPI y/y,Neutral|Bad|Bad,3,2,1,66.7,33.3,2.0,2019-02|2023-02|2023-10
0.0,3,Core CPI m/m|Core PPI m/m|CPI y/y,Bad|Good|Bad,5,4,1,80.0,20.0,4.0,2019-08|2021-11|2022-05|2022-06|2022-07
0.0,3,Core CPI m/m|Core PPI m/m|CPI y/y,Neutral|Good|Bad,3,3,0,100.0,0.0,inf,2019-12|2021-10|2024-01
0.0,3,Core CPI m/m|Core PPI m/m|CPI y/y,Bad|Bad|Bad,9,8,1,88.9,11.1,8.0,2020-09|2021-04|2021-05|2021-06|2021-07|2022-02|2022-09|2024-02|2024-03
0.0,3,Core CPI m/m|Core PPI m/m|CPI y/y,Good|Bad|Neutral,3,2,1,66.7,33.3,2.0,2021-02|2021-09|2026-01
0.0,3,Core CPI m/m|Core PPI m/m|CPI y/y,Good|Bad|Bad,2,1,1,50.0,50.0,1.0,2021-08|2022-04
0.0,3,Core CPI m/m|Core PPI m/m|CPI y/y,Bad|Neutral|Neutral,1,1,0,100.0,0.0,inf,2022-01
0.0,3,Core CPI m/m|Core PPI m/m|CPI y/y,Neutral|Good|Neutral,3,2,1,66.7,33.3,2.0,2022-03|2023-12|2025-09
0.0,3,Core CPI m/m|Core PPI m/m|CPI y/y,Bad|Neutral|Bad,5,4,1,80.0,20.0,4.0,2022-10|2023-09|2024-04|2024-10|2025-02
0.0,3,Core CPI m/m|Core PPI m/m|CPI y/y,Neutral|Good|Good,2,2,0,100.0,0.0,inf,2023-04|2024-08
0.0,3,Core CPI m/m|Core PPI m/m|CPI y/y,Bad|Neutral|Good,1,1,0,100.0,0.0,inf,2023-05
0.0,3,Core CPI m/m|Core PPI m/m|CPI y/y,Neutral|Bad|Good,3,2,1,66.7,33.3,2.0,2023-08|2025-08|2026-02
0.0,3,Core CPI m/m|Core PPI m/m|CPI y/y,Good|Bad|Good,1,0,1,0.0,100.0,0.0,2024-07
0.0,3,Core CPI m/m|Core PPI m/m|CPI y/y,Good|Good|Neutral,1,0,1,0.0,100.0,0.0,2025-01
0.0,3,Core CPI m/m|Core PPI m/m|CPI y/y,Good|Good|Bad,1,1,0,100.0,0.0,inf,2025-07
0.1,3,Core CPI m/m|Core PPI m/m|CPI y/y,Neutral|Good|Neutral,8,6,2,75.0,25.0,3.0,2018-01|2018-09|2022-03|2023-03|2023-04|2023-12|2025-01|2025-09
0.1,3,Core CPI m/m|Core PPI m/m|CPI y/y,Neutral|Neutral|Neutral,14,9,5,64.3,35.7,1.8,2018-03|2018-04|2018-05|2018-06|2019-07|2020-12|2021-01|2021-03|2022-01|2023-01|2023-08|2024-09|2024-11|2024-12
0.1,3,Core CPI m/m|Core PPI m/m|CPI y/y,Neutral|Neutral|Good,4,2,2,50.0,50.0,1.0,2018-10|2019-05|2020-06|2023-07
0.1,3,Core CPI m/m|Core PPI m/m|CPI y/y,Neutral|Bad|Neutral,7,3,4,42.9,57.1,0.75,2018-11|2018-12|2020-10|2021-12|2024-05|2025-08|2026-01
0.1,3,Core CPI m/m|Core PPI m/m|CPI y/y,Neutral|Neutral|Bad,5,5,0,100.0,0.0,inf,2019-02|2022-06|2023-09|2023-10|2024-10
0.1,3,Core CPI m/m|Core PPI m/m|CPI y/y,Neutral|Good|Bad,5,5,0,100.0,0.0,inf,2019-08|2019-12|2021-10|2024-01|2025-07
0.1,3,Core CPI m/m|Core PPI m/m|CPI y/y,Neutral|Good|Good,5,3,2,60.0,40.0,1.5,2019-10|2024-06|2024-08|2025-03|2025-05
0.1,3,Core CPI m/m|Core PPI m/m|CPI y/y,Bad|Bad|Bad,6,5,1,83.3,16.7,5.0,2020-09|2021-05|2021-06|2021-07|2022-09|2024-02
0.1,3,Core CPI m/m|Core PPI m/m|CPI y/y,Good|Bad|Neutral,2,1,1,50.0,50.0,1.0,2021-02|2022-04
0.1,3,Core CPI m/m|Core PPI m/m|CPI y/y,Neutral|Bad|Bad,3,2,1,66.7,33.3,2.0,2021-04|2022-02|2023-02
0.1,3,Core CPI m/m|Core PPI m/m|CPI y/y,Good|Bad|Bad,1,1,0,100.0,0.0,inf,2021-08
0.1,3,Core CPI m/m|Core PPI m/m|CPI y/y,Good|Neutral|Neutral,1,1,0,100.0,0.0,inf,2021-09
0.1,3,Core CPI m/m|Core PPI m/m|CPI y/y,Bad|Neutral|Bad,5,5,0,100.0,0.0,inf,2021-11|2022-07|2024-03|2024-04|2025-02
0.1,3,Core CPI m/m|Core PPI m/m|CPI y/y,Bad|Good|Bad,1,0,1,0.0,100.0,0.0,2022-05
0.1,3,Core CPI m/m|Core PPI m/m|CPI y/y,Good|Good|Good,4,4,0,100.0,0.0,inf,2022-08|2022-11|2025-04|2025-06
0.1,3,Core CPI m/m|Core PPI m/m|CPI y/y,Bad|Neutral|Neutral,2,1,1,50.0,50.0,1.0,2022-10|2023-05
0.1,3,Core CPI m/m|Core PPI m/m|CPI y/y,Neutral|Bad|Good,2,0,2,0.0,100.0,0.0,2024-07|2026-02
0.2,3,Core CPI m/m|Core PPI m/m|CPI y/y,Neutral|Good|Neutral,14,12,2,85.7,14.3,6.0,2018-01|2018-09|2019-08|2019-10|2019-12|2021-10|2022-03|2023-03|2023-04|2024-06|2025-03|2025-04|2025-05|2025-09
0.2,3,Core CPI m/m|Core PPI m/m|CPI y/y,Neutral|Neutral|Neutral,40,27,13,67.5,32.5,2.08,2018-03|2018-04|2018-05|2018-06|2018-10|2018-12|2019-02|2019-05|2019-07|2020-06|2020-09|2020-10|2020-12|2021-01|2021-03|2021-09|2022-01|2022-08|2022-10|2023-01|2023-05|2023-07|2023-08|2023-09|2023-10|2023-12|2024-01|2024-03|2024-04|2024-07|2024-08|2024-09|2024-10|2024-11|2024-12|2025-01|2025-02|2025-06|2025-07|2026-01
0.2,3,Core CPI m/m|Core PPI m/m|CPI y/y,Neutral|Bad|Neutral,9,5,4,55.6,44.4,1.25,2018-11|2021-02|2021-04|2021-08|2021-12|2022-04|2024-05|2025-08|2026-02
0.2,3,Core CPI m/m|Core PPI m/m|CPI y/y,Bad|Bad|Bad,2,2,0,100.0,0.0,inf,2021-05|2021-07
0.2,3,Core CPI m/m|Core PPI m/m|CPI y/y,Neutral|Neutral|Bad,6,4,2,66.7,33.3,2.0,2021-06|2021-11|2022-05|2022-06|2022-07|2023-02
0.2,3,Core CPI m/m|Core PPI m/m|CPI y/y,Neutral|Bad|Bad,2,2,0,100.0,0.0,inf,2022-02|2024-02
0.2,3,Core CPI m/m|Core PPI m/m|CPI y/y,Bad|Neutral|Bad,1,0,1,0.0,100.0,0.0,2022-09
0.2,3,Core CPI m/m|Core PPI m/m|CPI y/y,Neutral|Good|Good,1,1,0,100.0,0.0,inf,2022-11
0.3,3,Core CPI m/m|Core PPI m/m|CPI y/y,Neutral|Good|Neutral,12,10,2,83.3,16.7,5.0,2018-01|2018-09|2019-08|2019-10|2019-12|2022-03|2023-03|2023-04|2025-03|2025-04|2025-05|2025-09
0.3,3,Core CPI m/m|Core PPI m/m|CPI y/y,Neutral|Neutral|Neutral,52,34,18,65.4,34.6,1.89,2018-03|2018-04|2018-05|2018-06|2018-10|2018-11|2018-12|2019-02|2019-05|2019-07|2020-06|2020-09|2020-10|2020-12|2021-01|2021-03|2021-06|2021-09|2021-10|2021-11|2021-12|2022-01|2022-05|2022-06|2022-08|2022-09|2022-10|2022-11|2023-01|2023-02|2023-05|2023-07|2023-08|2023-09|2023-10|2023-12|2024-01|2024-03|2024-04|2024-05|2024-06|2024-07|2024-08|2024-09|2024-10|2024-11|2024-12|2025-01|2025-02|2025-06|2025-07|2026-01
0.3,3,Core CPI m/m|Core PPI m/m|CPI y/y,Neutral|Bad|Neutral,8,6,2,75.0,25.0,3.0,2021-02|2021-04|2021-08|2022-02|2022-04|2024-02|2025-08|2026-02
0.3,3,Core CPI m/m|Core PPI m/m|CPI y/y,Bad|Neutral|Bad,1,1,0,100.0,0.0,inf,2021-05
0.3,3,Core CPI m/m|Core PPI m/m|CPI y/y,Bad|Bad|Bad,1,1,0,100.0,0.0,inf,2021-07
0.3,3,Core CPI m/m|Core PPI m/m|CPI y/y,Neutral|Neutral|Bad,1,1,0,100.0,0.0,inf,2022-07
0.0,3,Core CPI m/m|FOMC|CPI y/y,Bad|Neutral|Neutral,1,1,0,100.0,0.0,inf,2023-03
0.0,3,Core CPI m/m|FOMC|CPI y/y,Bad|Neutral|Good,1,1,0,100.0,0.0,inf,2023-05
0.0,3,Core CPI m/m|FOMC|CPI y/y,Good|Neutral|Good,3,1,2,33.3,66.7,0.5,2023-07|2024-06|2024-07
0.0,3,Core CPI m/m|FOMC|CPI y/y,Bad|Neutral|Bad,1,1,0,100.0,0.0,inf,2023-09
0.0,3,Core CPI m/m|FOMC|CPI y/y,Neutral|Neutral|Neutral,3,0,3,0.0,100.0,0.0,2023-12|2024-11|2024-12
0.0,3,Core CPI m/m|FOMC|CPI y/y,Bad|Good|Neutral,1,0,1,0.0,100.0,0.0,2024-09
0.0,3,Core CPI m/m|FOMC|CPI y/y,Good|Neutral|Neutral,1,0,1,0.0,100.0,0.0,2025-01
0.1,3,Core CPI m/m|FOMC|CPI y/y,Neutral|Neutral|Neutral,5,1,4,20.0,80.0,0.25,2023-03|2023-12|2024-11|2024-12|2025-01
0.1,3,Core CPI m/m|FOMC|CPI y/y,Bad|Neutral|Neutral,1,1,0,100.0,0.0,inf,2023-05
0.1,3,Core CPI m/m|FOMC|CPI y/y,Neutral|Neutral|Good,3,1,2,33.3,66.7,0.5,2023-07|2024-06|2024-07
0.1,3,Core CPI m/m|FOMC|CPI y/y,Neutral|Neutral|Bad,1,1,0,100.0,0.0,inf,2023-09
0.1,3,Core CPI m/m|FOMC|CPI y/y,Neutral|Good|Neutral,1,0,1,0.0,100.0,0.0,2024-09
0.2,3,Core CPI m/m|FOMC|CPI y/y,Neutral|Neutral|Neutral,10,4,6,40.0,60.0,0.67,2023-03|2023-05|2023-07|2023-09|2023-12|2024-06|2024-07|2024-11|2024-12|2025-01
0.2,3,Core CPI m/m|FOMC|CPI y/y,Neutral|Good|Neutral,1,0,1,0.0,100.0,0.0,2024-09
0.3,3,Core CPI m/m|FOMC|CPI y/y,Neutral|Neutral|Neutral,11,4,7,36.4,63.6,0.57,2023-03|2023-05|2023-07|2023-09|2023-12|2024-06|2024-07|2024-09|2024-11|2024-12|2025-01
0.0,3,PPI m/m|Core PPI m/m|FOMC,Good|Good|Neutral,4,2,2,50.0,50.0,1.0,2023-03|2023-07|2024-06|2025-01
0.0,3,PPI m/m|Core PPI m/m|FOMC,Good|Neutral|Neutral,1,1,0,100.0,0.0,inf,2023-05
0.0,3,PPI m/m|Core PPI m/m|FOMC,Bad|Neutral|Neutral,2,1,1,50.0,50.0,1.0,2023-09|2024-12
0.0,3,PPI m/m|Core PPI m/m|FOMC,Neutral|Good|Neutral,1,0,1,0.0,100.0,0.0,2023-12
0.0,3,PPI m/m|Core PPI m/m|FOMC,Bad|Bad|Neutral,1,0,1,0.0,100.0,0.0,2024-07
0.0,3,PPI m/m|Core PPI m/m|FOMC,Bad|Bad|Good,1,0,1,0.0,100.0,0.0,2024-09
0.0,3,PPI m/m|Core PPI m/m|FOMC,Neutral|Neutral|Neutral,1,0,1,0.0,100.0,0.0,2024-11
0.1,3,PPI m/m|Core PPI m/m|FOMC,Good|Good|Neutral,3,2,1,66.7,33.3,2.0,2023-03|2024-06|2025-01
0.1,3,PPI m/m|Core PPI m/m|FOMC,Neutral|Neutral|Neutral,3,1,2,33.3,66.7,0.5,2023-05|2023-07|2024-11
0.1,3,PPI m/m|Core PPI m/m|FOMC,Bad|Neutral|Neutral,2,1,1,50.0,50.0,1.0,2023-09|2024-12
0.1,3,PPI m/m|Core PPI m/m|FOMC,Neutral|Good|Neutral,1,0,1,0.0,100.0,0.0,2023-12
0.1,3,PPI m/m|Core PPI m/m|FOMC,Neutral|Bad|Neutral,1,0,1,0.0,100.0,0.0,2024-07
0.1,3,PPI m/m|Core PPI m/m|FOMC,Neutral|Neutral|Good,1,0,1,0.0,100.0,0.0,2024-09
0.2,3,PPI m/m|Core PPI m/m|FOMC,Good|Good|Neutral,2,2,0,100.0,0.0,inf,2023-03|2024-06
0.2,3,PPI m/m|Core PPI m/m|FOMC,Neutral|Neutral|Neutral,7,1,6,14.3,85.7,0.17,2023-05|2023-07|2023-12|2024-07|2024-11|2024-12|2025-01
0.2,3,PPI m/m|Core PPI m/m|FOMC,Bad|Neutral|Neutral,1,1,0,100.0,0.0,inf,2023-09
0.2,3,PPI m/m|Core PPI m/m|FOMC,Neutral|Neutral|Good,1,0,1,0.0,100.0,0.0,2024-09
0.3,3,PPI m/m|Core PPI m/m|FOMC,Good|Good|Neutral,1,1,0,100.0,0.0,inf,2023-03
0.3,3,PPI m/m|Core PPI m/m|FOMC,Neutral|Neutral|Neutral,9,2,7,22.2,77.8,0.29,2023-05|2023-07|2023-09|2023-12|2024-07|2024-09|2024-11|2024-12|2025-01
0.3,3,PPI m/m|Core PPI m/m|FOMC,Good|Neutral|Neutral,1,1,0,100.0,0.0,inf,2024-06
0.0,3,PPI m/m|Core PPI m/m|CPI y/y,Good|Good|Neutral,5,4,1,80.0,20.0,4.0,2018-01|2022-03|2023-03|2025-01|2025-09
0.0,3,PPI m/m|Core PPI m/m|CPI y/y,Bad|Neutral|Neutral,3,2,1,66.7,33.3,2.0,2018-03|2021-03|2024-12
0.0,3,PPI m/m|Core PPI m/m|CPI y/y,Bad|Bad|Neutral,11,6,5,54.5,45.5,1.2,2018-04|2018-06|2018-11|2018-12|2020-10|2021-02|2021-09|2021-12|2024-05|2024-09|2026-01
0.0,3,PPI m/m|Core PPI m/m|CPI y/y,Good|Neutral|Neutral,4,2,2,50.0,50.0,1.0,2018-05|2021-01|2022-01|2023-01
0.0,3,PPI m/m|Core PPI m/m|CPI y/y,Good|Good|Good,12,9,3,75.0,25.0,3.0,2018-09|2019-10|2022-08|2022-11|2023-04|2023-07|2024-06|2024-08|2025-03|2025-04|2025-05|2025-06
0.0,3,PPI m/m|Core PPI m/m|CPI y/y,Neutral|Neutral|Good,1,0,1,0.0,100.0,0.0,2018-10
0.0,3,PPI m/m|Core PPI m/m|CPI y/y,Good|Bad|Bad,1,1,0,100.0,0.0,inf,2019-02
0.0,3,PPI m/m|Core PPI m/m|CPI y/y,Neutral|Good|Good,1,1,0,100.0,0.0,inf,2019-05
0.0,3,PPI m/m|Core PPI m/m|CPI y/y,Neutral|Bad|Neutral,1,1,0,100.0,0.0,inf,2019-07
0.0,3,PPI m/m|Core PPI m/m|CPI y/y,Neutral|Good|Bad,4,3,1,75.0,25.0,3.0,2019-08|2021-11|2022-05|2022-06
0.0,3,PPI m/m|Core PPI m/m|CPI y/y,Good|Good|Bad,4,4,0,100.0,0.0,inf,2019-12|2021-10|2024-01|2025-07
0.0,3,PPI m/m|Core PPI m/m|CPI y/y,Bad|Neutral|Good,1,1,0,100.0,0.0,inf,2020-06
0.0,3,PPI m/m|Core PPI m/m|CPI y/y,Bad|Bad|Bad,12,10,2,83.3,16.7,5.0,2020-09|2021-04|2021-05|2021-06|2021-07|2021-08|2022-02|2022-04|2023-02|2023-10|2024-02|2024-03
0.0,3,PPI m/m|Core PPI m/m|CPI y/y,Neutral|Good|Neutral,2,1,1,50.0,50.0,1.0,2020-12|2023-12
0.0,3,PPI m/m|Core PPI m/m|CPI y/y,Bad|Good|Bad,1,1,0,100.0,0.0,inf,2022-07
0.0,3,PPI m/m|Core PPI m/m|CPI y/y,Neutral|Bad|Bad,1,0,1,0.0,100.0,0.0,2022-09
0.0,3,PPI m/m|Core PPI m/m|CPI y/y,Bad|Neutral|Bad,3,2,1,66.7,33.3,2.0,2022-10|2023-09|2025-02
0.0,3,PPI m/m|Core PPI m/m|CPI y/y,Good|Neutral|Good,1,1,0,100.0,0.0,inf,2023-05
0.0,3,PPI m/m|Core PPI m/m|CPI y/y,Bad|Bad|Good,4,2,2,50.0,50.0,1.0,2023-08|2024-07|2025-08|2026-02
0.0,3,PPI m/m|Core PPI m/m|CPI y/y,Good|Neutral|Bad,2,2,0,100.0,0.0,inf,2024-04|2024-10
0.0,3,PPI m/m|Core PPI m/m|CPI y/y,Neutral|Neutral|Neutral,1,0,1,0.0,100.0,0.0,2024-11
0.1,3,PPI m/m|Core PPI m/m|CPI y/y,Good|Good|Neutral,7,6,1,85.7,14.3,6.0,2018-01|2018-09|2022-03|2023-03|2023-04|2025-01|2025-09
0.1,3,PPI m/m|Core PPI m/m|CPI y/y,Neutral|Neutral|Neutral,10,8,2,80.0,20.0,4.0,2018-03|2018-05|2019-07|2020-12|2021-03|2021-09|2023-05|2023-08|2024-09|2024-11
0.1,3,PPI m/m|Core PPI m/m|CPI y/y,Bad|Neutral|Neutral,4,2,2,50.0,50.0,1.0,2018-04|2018-06|2022-10|2024-12
0.1,3,PPI m/m|Core PPI m/m|CPI y/y,Neutral|Neutral|Good,3,1,2,33.3,66.7,0.5,2018-10|2019-05|2023-07
0.1,3,PPI m/m|Core PPI m/m|CPI y/y,Bad|Bad|Neutral,8,3,5,37.5,62.5,0.6,2018-11|2020-10|2021-02|2021-12|2022-04|2024-05|2025-08|2026-01
0.1,3,PPI m/m|Core PPI m/m|CPI y/y,Neutral|Bad|Neutral,1,1,0,100.0,0.0,inf,2018-12
0.1,3,PPI m/m|Core PPI m/m|CPI y/y,Good|Neutral|Bad,1,1,0,100.0,0.0,inf,2019-02
0.1,3,PPI m/m|Core PPI m/m|CPI y/y,Neutral|Good|Bad,3,2,1,66.7,33.3,2.0,2019-08|2021-10|2022-05
0.1,3,PPI m/m|Core PPI m/m|CPI y/y,Good|Good|Good,7,5,2,71.4,28.6,2.5,2019-10|2022-08|2022-11|2024-06|2025-03|2025-04|2025-05
0.1,3,PPI m/m|Core PPI m/m|CPI y/y,Good|Good|Bad,3,3,0,100.0,0.0,inf,2019-12|2024-01|2025-07
0.1,3,PPI m/m|Core PPI m/m|CPI y/y,Bad|Neutral|Good,1,1,0,100.0,0.0,inf,2020-06
0.1,3,PPI m/m|Core PPI m/m|CPI y/y,Neutral|Bad|Bad,2,1,1,50.0,50.0,1.0,2020-09|2022-09
0.1,3,PPI m/m|Core PPI m/m|CPI y/y,Good|Neutral|Neutral,3,1,2,33.3,66.7,0.5,2021-01|2022-01|2023-01
0.1,3,PPI m/m|Core PPI m/m|CPI y/y,Bad|Bad|Bad,8,7,1,87.5,12.5,7.0,2021-04|2021-05|2021-06|2021-07|2021-08|2022-02|2023-02|2024-02
0.1,3,PPI m/m|Core PPI m/m|CPI y/y,Neutral|Neutral|Bad,4,4,0,100.0,0.0,inf,2021-11|2022-06|2024-04|2024-10
0.1,3,PPI m/m|Core PPI m/m|CPI y/y,Bad|Neutral|Bad,5,5,0,100.0,0.0,inf,2022-07|2023-09|2023-10|2024-03|2025-02
0.1,3,PPI m/m|Core PPI m/m|CPI y/y,Neutral|Good|Neutral,1,0,1,0.0,100.0,0.0,2023-12
0.1,3,PPI m/m|Core PPI m/m|CPI y/y,Neutral|Bad|Good,1,0,1,0.0,100.0,0.0,2024-07
0.1,3,PPI m/m|Core PPI m/m|CPI y/y,Neutral|Good|Good,2,2,0,100.0,0.0,inf,2024-08|2025-06
0.1,3,PPI m/m|Core PPI m/m|CPI y/y,Bad|Bad|Good,1,0,1,0.0,100.0,0.0,2026-02
0.2,3,PPI m/m|Core PPI m/m|CPI y/y,Good|Good|Neutral,10,8,2,80.0,20.0,4.0,2018-01|2018-09|2019-10|2023-03|2023-04|2024-06|2025-03|2025-04|2025-05|2025-09
0.2,3,PPI m/m|Core PPI m/m|CPI y/y,Neutral|Neutral|Neutral,35,23,12,65.7,34.3,1.92,2018-03|2018-04|2018-05|2018-06|2018-10|2018-12|2019-02|2019-05|2019-07|2020-09|2020-10|2020-12|2021-01|2021-03|2021-09|2022-01|2022-10|2023-05|2023-07|2023-08|2023-10|2023-12|2024-01|2024-04|2024-07|2024-08|2024-09|2024-10|2024-11|2024-12|2025-01|2025-02|2025-06|2025-07|2026-01
0.2,3,PPI m/m|Core PPI m/m|CPI y/y,Bad|Bad|Neutral,7,5,2,71.4,28.6,2.5,2018-11|2021-02|2021-04|2021-08|2021-12|2022-04|2025-08
0.2,3,PPI m/m|Core PPI m/m|CPI y/y,Neutral|Good|Neutral,4,4,0,100.0,0.0,inf,2019-08|2019-12|2021-10|2022-03
0.2,3,PPI m/m|Core PPI m/m|CPI y/y,Bad|Neutral|Neutral,3,3,0,100.0,0.0,inf,2020-06|2023-09|2024-03
0.2,3,PPI m/m|Core PPI m/m|CPI y/y,Bad|Bad|Bad,3,3,0,100.0,0.0,inf,2021-05|2021-07|2022-02
0.2,3,PPI m/m|Core PPI m/m|CPI y/y,Bad|Neutral|Bad,3,2,1,66.7,33.3,2.0,2021-06|2022-07|2023-02
0.2,3,PPI m/m|Core PPI m/m|CPI y/y,Neutral|Neutral|Bad,4,2,2,50.0,50.0,1.0,2021-11|2022-05|2022-06|2022-09
0.2,3,PPI m/m|Core PPI m/m|CPI y/y,Good|Neutral|Neutral,2,1,1,50.0,50.0,1.0,2022-08|2023-01
0.2,3,PPI m/m|Core PPI m/m|CPI y/y,Neutral|Good|Good,1,1,0,100.0,0.0,inf,2022-11
0.2,3,PPI m/m|Core PPI m/m|CPI y/y,Neutral|Bad|Bad,1,1,0,100.0,0.0,inf,2024-02
0.2,3,PPI m/m|Core PPI m/m|CPI y/y,Neutral|Bad|Neutral,2,0,2,0.0,100.0,0.0,2024-05|2026-02
0.3,3,PPI m/m|Core PPI m/m|CPI y/y,Good|Good|Neutral,8,7,1,87.5,12.5,7.0,2018-01|2018-09|2019-10|2023-03|2023-04|2025-04|2025-05|2025-09
0.3,3,PPI m/m|Core PPI m/m|CPI y/y,Neutral|Neutral|Neutral,45,29,16,64.4,35.6,1.81,2018-03|2018-04|2018-05|2018-06|2018-10|2018-12|2019-02|2019-05|2019-07|2020-09|2020-10|2020-12|2021-01|2021-03|2021-09|2021-10|2021-11|2022-01|2022-05|2022-06|2022-09|2022-10|2022-11|2023-02|2023-05|2023-07|2023-08|2023-09|2023-10|2023-12|2024-01|2024-03|2024-04|2024-05|2024-07|2024-08|2024-09|2024-10|2024-11|2024-12|2025-01|2025-02|2025-06|2025-07|2026-01
0.3,3,PPI m/m|Core PPI m/m|CPI y/y,Bad|Neutral|Neutral,4,3,1,75.0,25.0,3.0,2018-11|2020-06|2021-06|2021-12
0.3,3,PPI m/m|Core PPI m/m|CPI y/y,Neutral|Good|Neutral,4,3,1,75.0,25.0,3.0,2019-08|2019-12|2022-03|2025-03
0.3,3,PPI m/m|Core PPI m/m|CPI y/y,Bad|Bad|Neutral,5,5,0,100.0,0.0,inf,2021-02|2021-04|2021-08|2022-02|2025-08
0.3,3,PPI m/m|Core PPI m/m|CPI y/y,Neutral|Neutral|Bad,1,1,0,100.0,0.0,inf,2021-05
0.3,3,PPI m/m|Core PPI m/m|CPI y/y,Bad|Bad|Bad,1,1,0,100.0,0.0,inf,2021-07
0.3,3,PPI m/m|Core PPI m/m|CPI y/y,Neutral|Bad|Neutral,3,1,2,33.3,66.7,0.5,2022-04|2024-02|2026-02
0.3,3,PPI m/m|Core PPI m/m|CPI y/y,Bad|Neutral|Bad,1,1,0,100.0,0.0,inf,2022-07
0.3,3,PPI m/m|Core PPI m/m|CPI y/y,Good|Neutral|Neutral,3,2,1,66.7,33.3,2.0,2022-08|2023-01|2024-06
0.0,3,PPI m/m|FOMC|CPI y/y,Good|Neutral|Neutral,2,1,1,50.0,50.0,1.0,2023-03|2025-01
0.0,3,PPI m/m|FOMC|CPI y/y,Good|Neutral|Good,3,2,1,66.7,33.3,2.0,2023-05|2023-07|2024-06
0.0,3,PPI m/m|FOMC|CPI y/y,Bad|Neutral|Bad,1,1,0,100.0,0.0,inf,2023-09
0.0,3,PPI m/m|FOMC|CPI y/y,Neutral|Neutral|Neutral,2,0,2,0.0,100.0,0.0,2023-12|2024-11
0.0,3,PPI m/m|FOMC|CPI y/y,Bad|Neutral|Good,1,0,1,0.0,100.0,0.0,2024-07
0.0,3,PPI m/m|FOMC|CPI y/y,Bad|Good|Neutral,1,0,1,0.0,100.0,0.0,2024-09
0.0,3,PPI m/m|FOMC|CPI y/y,Bad|Neutral|Neutral,1,0,1,0.0,100.0,0.0,2024-12
0.1,3,PPI m/m|FOMC|CPI y/y,Good|Neutral|Neutral,2,1,1,50.0,50.0,1.0,2023-03|2025-01
0.1,3,PPI m/m|FOMC|CPI y/y,Neutral|Neutral|Neutral,3,1,2,33.3,66.7,0.5,2023-05|2023-12|2024-11
0.1,3,PPI m/m|FOMC|CPI y/y,Neutral|Neutral|Good,2,0,2,0.0,100.0,0.0,2023-07|2024-07
0.1,3,PPI m/m|FOMC|CPI y/y,Bad|Neutral|Bad,1,1,0,100.0,0.0,inf,2023-09
0.1,3,PPI m/m|FOMC|CPI y/y,Good|Neutral|Good,1,1,0,100.0,0.0,inf,2024-06
0.1,3,PPI m/m|FOMC|CPI y/y,Neutral|Good|Neutral,1,0,1,0.0,100.0,0.0,2024-09
0.1,3,PPI m/m|FOMC|CPI y/y,Bad|Neutral|Neutral,1,0,1,0.0,100.0,0.0,2024-12
0.2,3,PPI m/m|FOMC|CPI y/y,Good|Neutral|Neutral,2,2,0,100.0,0.0,inf,2023-03|2024-06
0.2,3,PPI m/m|FOMC|CPI y/y,Neutral|Neutral|Neutral,7,1,6,14.3,85.7,0.17,2023-05|2023-07|2023-12|2024-07|2024-11|2024-12|2025-01
0.2,3,PPI m/m|FOMC|CPI y/y,Bad|Neutral|Neutral,1,1,0,100.0,0.0,inf,2023-09
0.2,3,PPI m/m|FOMC|CPI y/y,Neutral|Good|Neutral,1,0,1,0.0,100.0,0.0,2024-09
0.3,3,PPI m/m|FOMC|CPI y/y,Good|Neutral|Neutral,2,2,0,100.0,0.0,inf,2023-03|2024-06
0.3,3,PPI m/m|FOMC|CPI y/y,Neutral|Neutral|Neutral,9,2,7,22.2,77.8,0.29,2023-05|2023-07|2023-09|2023-12|2024-07|2024-09|2024-11|2024-12|2025-01
0.0,3,Core PPI m/m|FOMC|CPI y/y,Good|Neutral|Neutral,3,1,2,33.3,66.7,0.5,2023-03|2023-12|2025-01
0.0,3,Core PPI m/m|FOMC|CPI y/y,Neutral|Neutral|Good,1,1,0,100.0,0.0,inf,2023-05
0.0,3,Core PPI m/m|FOMC|CPI y/y,Good|Neutral|Good,2,1,1,50.0,50.0,1.0,2023-07|2024-06
0.0,3,Core PPI m/m|FOMC|CPI y/y,Neutral|Neutral|Bad,1,1,0,100.0,0.0,inf,2023-09
0.0,3,Core PPI m/m|FOMC|CPI y/y,Bad|Neutral|Good,1,0,1,0.0,100.0,0.0,2024-07
0.0,3,Core PPI m/m|FOMC|CPI y/y,Bad|Good|Neutral,1,0,1,0.0,100.0,0.0,2024-09
0.0,3,Core PPI m/m|FOMC|CPI y/y,Neutral|Neutral|Neutral,2,0,2,0.0,100.0,0.0,2024-11|2024-12
0.1,3,Core PPI m/m|FOMC|CPI y/y,Good|Neutral|Neutral,3,1,2,33.3,66.7,0.5,2023-03|2023-12|2025-01
0.1,3,Core PPI m/m|FOMC|CPI y/y,Neutral|Neutral|Neutral,3,1,2,33.3,66.7,0.5,2023-05|2024-11|2024-12
0.1,3,Core PPI m/m|FOMC|CPI y/y,Neutral|Neutral|Good,1,0,1,0.0,100.0,0.0,2023-07
0.1,3,Core PPI m/m|FOMC|CPI y/y,Neutral|Neutral|Bad,1,1,0,100.0,0.0,inf,2023-09
0.1,3,Core PPI m/m|FOMC|CPI y/y,Good|Neutral|Good,1,1,0,100.0,0.0,inf,2024-06
0.1,3,Core PPI m/m|FOMC|CPI y/y,Bad|Neutral|Good,1,0,1,0.0,100.0,0.0,2024-07
0.1,3,Core PPI m/m|FOMC|CPI y/y,Neutral|Good|Neutral,1,0,1,0.0,100.0,0.0,2024-09
0.2,3,Core PPI m/m|FOMC|CPI y/y,Good|Neutral|Neutral,2,2,0,100.0,0.0,inf,2023-03|2024-06
0.2,3,Core PPI m/m|FOMC|CPI y/y,Neutral|Neutral|Neutral,8,2,6,25.0,75.0,0.33,2023-05|2023-07|2023-09|2023-12|2024-07|2024-11|2024-12|2025-01
0.2,3,Core PPI m/m|FOMC|CPI y/y,Neutral|Good|Neutral,1,0,1,0.0,100.0,0.0,2024-09
0.3,3,Core PPI m/m|FOMC|CPI y/y,Good|Neutral|Neutral,1,1,0,100.0,0.0,inf,2023-03
0.3,3,Core PPI m/m|FOMC|CPI y/y,Neutral|Neutral|Neutral,10,3,7,30.0,70.0,0.43,2023-05|2023-07|2023-09|2023-12|2024-06|2024-07|2024-09|2024-11|2024-12|2025-01
0.0,4,CPI m/m|Core CPI m/m|PPI m/m|Core PPI m/m,Neutral|Bad|Good|Good,2,2,0,100.0,0.0,inf,2018-01|2023-03
0.0,4,CPI m/m|Core CPI m/m|PPI m/m|Core PPI m/m,Neutral|Neutral|Bad|Neutral,2,1,1,50.0,50.0,1.0,2018-03|2024-12
0.0,4,CPI m/m|Core CPI m/m|PPI m/m|Core PPI m/m,Good|Neutral|Bad|Bad,3,1,2,33.3,66.7,0.5,2018-04|2024-05|2026-02
0.0,4,CPI m/m|Core CPI m/m|PPI m/m|Core PPI m/m,Good|Good|Good|Neutral,1,1,0,100.0,0.0,inf,2018-05
0.0,4,CPI m/m|Core CPI m/m|PPI m/m|Core PPI m/m,Neutral|Bad|Bad|Bad,3,2,1,66.7,33.3,2.0,2018-06|2024-03|2024-09
0.0,4,CPI m/m|Core CPI m/m|PPI m/m|Core PPI m/m,Good|Good|Good|Good,10,7,3,70.0,30.0,2.33,2018-09|2019-10|2022-08|2022-11|2023-07|2024-06|2025-03|2025-04|2025-05|2025-06
0.0,4,CPI m/m|Core CPI m/m|PPI m/m|Core PPI m/m,Good|Good|Neutral|Neutral,1,0,1,0.0,100.0,0.0,2018-10
0.0,4,CPI m/m|Core CPI m/m|PPI m/m|Core PPI m/m,Neutral|Neutral|Bad|Bad,6,4,2,66.7,33.3,2.0,2018-11|2018-12|2020-10|2023-02|2023-08|2025-08
0.0,4,CPI m/m|Core CPI m/m|PPI m/m|Core PPI m/m,Good|Neutral|Good|Bad,1,1,0,100.0,0.0,inf,2019-02
0.0,4,CPI m/m|Core CPI m/m|PPI m/m|Core PPI m/m,Good|Good|Neutral|Good,1,1,0,100.0,0.0,inf,2019-05
0.0,4,CPI m/m|Core CPI m/m|PPI m/m|Core PPI m/m,Bad|Bad|Neutral|Bad,2,1,1,50.0,50.0,1.0,2019-07|2022-09
0.0,4,CPI m/m|Core CPI m/m|PPI m/m|Core PPI m/m,Neutral|Bad|Neutral|Good,1,1,0,100.0,0.0,inf,2019-08
0.0,4,CPI m/m|Core CPI m/m|PPI m/m|Core PPI m/m,Bad|Neutral|Good|Good,4,4,0,100.0,0.0,inf,2019-12|2021-10|2024-01|2025-09
0.0,4,CPI m/m|Core CPI m/m|PPI m/m|Core PPI m/m,Good|Good|Bad|Neutral,1,1,0,100.0,0.0,inf,2020-06
0.0,4,CPI m/m|Core CPI m/m|PPI m/m|Core PPI m/m,Bad|Bad|Bad|Bad,7,7,0,100.0,0.0,inf,2020-09|2021-04|2021-05|2021-06|2021-07|2022-02|2024-02
0.0,4,CPI m/m|Core CPI m/m|PPI m/m|Core PPI m/m,Bad|Bad|Neutral|Good,4,3,1,75.0,25.0,3.0,2020-12|2021-11|2022-05|2022-06
0.0,4,CPI m/m|Core CPI m/m|PPI m/m|Core PPI m/m,Neutral|Neutral|Good|Neutral,2,0,2,0.0,100.0,0.0,2021-01|2023-01
0.0,4,CPI m/m|Core CPI m/m|PPI m/m|Core PPI m/m,Neutral|Good|Bad|Bad,4,2,2,50.0,50.0,1.0,2021-02|2021-08|2022-04|2026-01
0.0,4,CPI m/m|Core CPI m/m|PPI m/m|Core PPI m/m,Neutral|Good|Bad|Neutral,1,1,0,100.0,0.0,inf,2021-03
0.0,4,CPI m/m|Core CPI m/m|PPI m/m|Core PPI m/m,Good|Good|Bad|Bad,2,1,1,50.0,50.0,1.0,2021-09|2024-07
0.0,4,CPI m/m|Core CPI m/m|PPI m/m|Core PPI m/m,Bad|Neutral|Bad|Bad,2,1,1,50.0,50.0,1.0,2021-12|2023-10
0.0,4,CPI m/m|Core CPI m/m|PPI m/m|Core PPI m/m,Bad|Bad|Good|Neutral,3,3,0,100.0,0.0,inf,2022-01|2024-04|2024-10
0.0,4,CPI m/m|Core CPI m/m|PPI m/m|Core PPI m/m,Neutral|Neutral|Good|Good,2,2,0,100.0,0.0,inf,2022-03|2024-08
0.0,4,CPI m/m|Core CPI m/m|PPI m/m|Core PPI m/m,Bad|Bad|Bad|Good,1,1,0,100.0,0.0,inf,2022-07
0.0,4,CPI m/m|Core CPI m/m|PPI m/m|Core PPI m/m,Bad|Bad|Bad|Neutral,2,1,1,50.0,50.0,1.0,2022-10|2025-02
0.0,4,CPI m/m|Core CPI m/m|PPI m/m|Core PPI m/m,Good|Neutral|Good|Good,1,1,0,100.0,0.0,inf,2023-04
0.0,4,CPI m/m|Core CPI m/m|PPI m/m|Core PPI m/m,Neutral|Bad|Good|Neutral,1,1,0,100.0,0.0,inf,2023-05
0.0,4,CPI m/m|Core CPI m/m|PPI m/m|Core PPI m/m,Neutral|Bad|Bad|Neutral,1,1,0,100.0,0.0,inf,2023-09
0.0,4,CPI m/m|Core CPI m/m|PPI m/m|Core PPI m/m,Bad|Neutral|Neutral|Good,1,0,1,0.0,100.0,0.0,2023-12
0.0,4,CPI m/m|Core CPI m/m|PPI m/m|Core PPI m/m,Neutral|Neutral|Neutral|Neutral,1,0,1,0.0,100.0,0.0,2024-11
0.0,4,CPI m/m|Core CPI m/m|PPI m/m|Core PPI m/m,Neutral|Good|Good|Good,2,1,1,50.0,50.0,1.0,2025-01|2025-07
0.1,4,CPI m/m|Core CPI m/m|PPI m/m|Core PPI m/m,Neutral|Neutral|Good|Good,13,10,3,76.9,23.1,3.33,2018-01|2018-09|2019-10|2019-12|2022-03|2023-03|2023-04|2024-01|2024-06|2025-01|2025-03|2025-05|2025-07
0.1,4,CPI m/m|Core CPI m/m|PPI m/m|Core PPI m/m,Neutral|Neutral|Neutral|Neutral,11,7,4,63.6,36.4,1.75,2018-03|2018-05|2018-10|2019-07|2020-12|2021-03|2023-07|2023-08|2024-09|2024-10|2024-11
0.1,4,CPI m/m|Core CPI m/m|PPI m/m|Core PPI m/m,Neutral|Neutral|Bad|Neutral,5,4,1,80.0,20.0,4.0,2018-04|2018-06|2020-06|2023-09|2024-12
0.1,4,CPI m/m|Core CPI m/m|PPI m/m|Core PPI m/m,Neutral|Neutral|Bad|Bad,7,3,4,42.9,57.1,0.75,2018-11|2020-10|2021-04|2023-02|2025-08|2026-01|2026-02
0.1,4,CPI m/m|Core CPI m/m|PPI m/m|Core PPI m/m,Neutral|Neutral|Neutral|Bad,1,1,0,100.0,0.0,inf,2018-12
0.1,4,CPI m/m|Core CPI m/m|PPI m/m|Core PPI m/m,Neutral|Neutral|Good|Neutral,4,2,2,50.0,50.0,1.0,2019-02|2021-01|2022-01|2023-01
0.1,4,CPI m/m|Core CPI m/m|PPI m/m|Core PPI m/m,Good|Neutral|Neutral|Neutral,1,1,0,100.0,0.0,inf,2019-05
0.1,4,CPI m/m|Core CPI m/m|PPI m/m|Core PPI m/m,Neutral|Neutral|Neutral|Good,3,2,1,66.7,33.3,2.0,2019-08|2023-12|2024-08
0.1,4,CPI m/m|Core CPI m/m|PPI m/m|Core PPI m/m,Bad|Bad|Neutral|Bad,2,1,1,50.0,50.0,1.0,2020-09|2022-09
0.1,4,CPI m/m|Core CPI m/m|PPI m/m|Core PPI m/m,Neutral|Good|Bad|Bad,3,2,1,66.7,33.3,2.0,2021-02|2021-08|2022-04
0.1,4,CPI m/m|Core CPI m/m|PPI m/m|Core PPI m/m,Bad|Bad|Bad|Bad,3,3,0,100.0,0.0,inf,2021-05|2021-06|2021-07
0.1,4,CPI m/m|Core CPI m/m|PPI m/m|Core PPI m/m,Good|Good|Neutral|Neutral,1,1,0,100.0,0.0,inf,2021-09
0.1,4,CPI m/m|Core CPI m/m|PPI m/m|Core PPI m/m,Bad|Neutral|Neutral|Good,1,1,0,100.0,0.0,inf,2021-10
0.1,4,CPI m/m|Core CPI m/m|PPI m/m|Core PPI m/m,Bad|Bad|Neutral|Neutral,2,2,0,100.0,0.0,inf,2021-11|2024-04
0.1,4,CPI m/m|Core CPI m/m|PPI m/m|Core PPI m/m,Bad|Neutral|Bad|Bad,2,1,1,50.0,50.0,1.0,2021-12|2022-02
0.1,4,CPI m/m|Core CPI m/m|PPI m/m|Core PPI m/m,Neutral|Bad|Neutral|Good,1,0,1,0.0,100.0,0.0,2022-05
0.1,4,CPI m/m|Core CPI m/m|PPI m/m|Core PPI m/m,Bad|Neutral|Neutral|Neutral,1,1,0,100.0,0.0,inf,2022-06
0.1,4,CPI m/m|Core CPI m/m|PPI m/m|Core PPI m/m,Bad|Bad|Bad|Neutral,3,2,1,66.7,33.3,2.0,2022-07|2022-10|2025-02
0.1,4,CPI m/m|Core CPI m/m|PPI m/m|Core PPI m/m,Good|Good|Good|Good,3,3,0,100.0,0.0,inf,2022-08|2022-11|2025-04
0.1,4,CPI m/m|Core CPI m/m|PPI m/m|Core PPI m/m,Neutral|Bad|Neutral|Neutral,1,1,0,100.0,0.0,inf,2023-05
0.1,4,CPI m/m|Core CPI m/m|PPI m/m|Core PPI m/m,Bad|Neutral|Bad|Neutral,1,1,0,100.0,0.0,inf,2023-10
0.1,4,CPI m/m|Core CPI m/m|PPI m/m|Core PPI m/m,Neutral|Bad|Bad|Bad,1,1,0,100.0,0.0,inf,2024-02
0.1,4,CPI m/m|Core CPI m/m|PPI m/m|Core PPI m/m,Neutral|Bad|Bad|Neutral,1,1,0,100.0,0.0,inf,2024-03
0.1,4,CPI m/m|Core CPI m/m|PPI m/m|Core PPI m/m,Good|Neutral|Bad|Bad,1,0,1,0.0,100.0,0.0,2024-05
0.1,4,CPI m/m|Core CPI m/m|PPI m/m|Core PPI m/m,Good|Neutral|Neutral|Bad,1,0,1,0.0,100.0,0.0,2024-07
0.1,4,CPI m/m|Core CPI m/m|PPI m/m|Core PPI m/m,Neutral|Good|Neutral|Good,1,1,0,100.0,0.0,inf,2025-06
0.1,4,CPI m/m|Core CPI m/m|PPI m/m|Core PPI m/m,Bad|Neutral|Good|Good,1,1,0,100.0,0.0,inf,2025-09
0.2,4,CPI m/m|Core CPI m/m|PPI m/m|Core PPI m/m,Neutral|Neutral|Good|Good,10,8,2,80.0,20.0,4.0,2018-01|2018-09|2019-10|2023-03|2023-04|2024-06|2025-03|2025-04|2025-05|2025-09
0.2,4,CPI m/m|Core CPI m/m|PPI m/m|Core PPI m/m,Neutral|Neutral|Neutral|Neutral,36,23,13,63.9,36.1,1.77,2018-03|2018-04|2018-05|2018-06|2018-10|2018-12|2019-02|2019-05|2019-07|2020-09|2020-10|2020-12|2021-01|2021-03|2021-09|2022-01|2022-05|2022-10|2023-05|2023-07|2023-08|2023-10|2023-12|2024-01|2024-04|2024-07|2024-08|2024-09|2024-10|2024-11|2024-12|2025-01|2025-02|2025-06|2025-07|2026-01
0.2,4,CPI m/m|Core CPI m/m|PPI m/m|Core PPI m/m,Neutral|Neutral|Bad|Bad,8,6,2,75.0,25.0,3.0,2018-11|2021-02|2021-04|2021-08|2021-12|2022-02|2022-04|2025-08
0.2,4,CPI m/m|Core CPI m/m|PPI m/m|Core PPI m/m,Neutral|Neutral|Neutral|Good,5,5,0,100.0,0.0,inf,2019-08|2019-12|2021-10|2022-03|2022-11
0.2,4,CPI m/m|Core CPI m/m|PPI m/m|Core PPI m/m,Neutral|Neutral|Bad|Neutral,6,5,1,83.3,16.7,5.0,2020-06|2021-06|2022-07|2023-02|2023-09|2024-03
0.2,4,CPI m/m|Core CPI m/m|PPI m/m|Core PPI m/m,Bad|Bad|Bad|Bad,2,2,0,100.0,0.0,inf,2021-05|2021-07
0.2,4,CPI m/m|Core CPI m/m|PPI m/m|Core PPI m/m,Bad|Neutral|Neutral|Neutral,2,2,0,100.0,0.0,inf,2021-11|2022-06
0.2,4,CPI m/m|Core CPI m/m|PPI m/m|Core PPI m/m,Neutral|Neutral|Good|Neutral,2,1,1,50.0,50.0,1.0,2022-08|2023-01
0.2,4,CPI m/m|Core CPI m/m|PPI m/m|Core PPI m/m,Neutral|Bad|Neutral|Neutral,1,0,1,0.0,100.0,0.0,2022-09
0.2,4,CPI m/m|Core CPI m/m|PPI m/m|Core PPI m/m,Neutral|Neutral|Neutral|Bad,3,1,2,33.3,66.7,0.5,2024-02|2024-05|2026-02
0.3,4,CPI m/m|Core CPI m/m|PPI m/m|Core PPI m/m,Neutral|Neutral|Good|Good,8,7,1,87.5,12.5,7.0,2018-01|2018-09|2019-10|2023-03|2023-04|2025-04|2025-05|2025-09
0.3,4,CPI m/m|Core CPI m/m|PPI m/m|Core PPI m/m,Neutral|Neutral|Neutral|Neutral,43,27,16,62.8,37.2,1.69,2018-03|2018-04|2018-05|2018-06|2018-10|2018-12|2019-02|2019-05|2019-07|2020-09|2020-10|2020-12|2021-01|2021-03|2021-09|2021-10|2022-01|2022-05|2022-09|2022-10|2022-11|2023-02|2023-05|2023-07|2023-08|2023-09|2023-10|2023-12|2024-01|2024-03|2024-04|2024-05|2024-07|2024-08|2024-09|2024-10|2024-11|2024-12|2025-01|2025-02|2025-06|2025-07|2026-01
0.3,4,CPI m/m|Core CPI m/m|PPI m/m|Core PPI m/m,Neutral|Neutral|Bad|Neutral,5,4,1,80.0,20.0,4.0,2018-11|2020-06|2021-06|2021-12|2022-07
0.3,4,CPI m/m|Core CPI m/m|PPI m/m|Core PPI m/m,Neutral|Neutral|Neutral|Good,4,3,1,75.0,25.0,3.0,2019-08|2019-12|2022-03|2025-03
0.3,4,CPI m/m|Core CPI m/m|PPI m/m|Core PPI m/m,Neutral|Neutral|Bad|Bad,5,5,0,100.0,0.0,inf,2021-02|2021-04|2021-08|2022-02|2025-08
0.3,4,CPI m/m|Core CPI m/m|PPI m/m|Core PPI m/m,Bad|Bad|Neutral|Neutral,1,1,0,100.0,0.0,inf,2021-05
0.3,4,CPI m/m|Core CPI m/m|PPI m/m|Core PPI m/m,Bad|Bad|Bad|Bad,1,1,0,100.0,0.0,inf,2021-07
0.3,4,CPI m/m|Core CPI m/m|PPI m/m|Core PPI m/m,Bad|Neutral|Neutral|Neutral,2,2,0,100.0,0.0,inf,2021-11|2022-06
0.3,4,CPI m/m|Core CPI m/m|PPI m/m|Core PPI m/m,Neutral|Neutral|Neutral|Bad,3,1,2,33.3,66.7,0.5,2022-04|2024-02|2026-02
0.3,4,CPI m/m|Core CPI m/m|PPI m/m|Core PPI m/m,Neutral|Neutral|Good|Neutral,3,2,1,66.7,33.3,2.0,2022-08|2023-01|2024-06
0.0,4,CPI m/m|Core CPI m/m|PPI m/m|FOMC,Neutral|Bad|Good|Neutral,2,2,0,100.0,0.0,inf,2023-03|2023-05
0.0,4,CPI m/m|Core CPI m/m|PPI m/m|FOMC,Good|Good|Good|Neutral,2,1,1,50.0,50.0,1.0,2023-07|2024-06
0.0,4,CPI m/m|Core CPI m/m|PPI m/m|FOMC,Neutral|Bad|Bad|Neutral,1,1,0,100.0,0.0,inf,2023-09
0.0,4,CPI m/m|Core CPI m/m|PPI m/m|FOMC,Bad|Neutral|Neutral|Neutral,1,0,1,0.0,100.0,0.0,2023-12
0.0,4,CPI m/m|Core CPI m/m|PPI m/m|FOMC,Good|Good|Bad|Neutral,1,0,1,0.0,100.0,0.0,2024-07
0.0,4,CPI m/m|Core CPI m/m|PPI m/m|FOMC,Neutral|Bad|Bad|Good,1,0,1,0.0,100.0,0.0,2024-09
0.0,4,CPI m/m|Core CPI m/m|PPI m/m|FOMC,Neutral|Neutral|Neutral|Neutral,1,0,1,0.0,100.0,0.0,2024-11
0.0,4,CPI m/m|Core CPI m/m|PPI m/m|FOMC,Neutral|Neutral|Bad|Neutral,1,0,1,0.0,100.0,0.0,2024-12
0.0,4,CPI m/m|Core CPI m/m|PPI m/m|FOMC,Neutral|Good|Good|Neutral,1,0,1,0.0,100.0,0.0,2025-01
0.1,4,CPI m/m|Core CPI m/m|PPI m/m|FOMC,Neutral|Neutral|Good|Neutral,3,2,1,66.7,33.3,2.0,2023-03|2024-06|2025-01
0.1,4,CPI m/m|Core CPI m/m|PPI m/m|FOMC,Neutral|Bad|Neutral|Neutral,1,1,0,100.0,0.0,inf,2023-05
0.1,4,CPI m/m|Core CPI m/m|PPI m/m|FOMC,Neutral|Neutral|Neutral|Neutral,3,0,3,0.0,100.0,0.0,2023-07|2023-12|2024-11
0.1,4,CPI m/m|Core CPI m/m|PPI m/m|FOMC,Neutral|Neutral|Bad|Neutral,2,1,1,50.0,50.0,1.0,2023-09|2024-12
0.1,4,CPI m/m|Core CPI m/m|PPI m/m|FOMC,Good|Neutral|Neutral|Neutral,1,0,1,0.0,100.0,0.0,2024-07
0.1,4,CPI m/m|Core CPI m/m|PPI m/m|FOMC,Neutral|Neutral|Neutral|Good,1,0,1,0.0,100.0,0.0,2024-09
0.2,4,CPI m/m|Core CPI m/m|PPI m/m|FOMC,Neutral|Neutral|Good|Neutral,2,2,0,100.0,0.0,inf,2023-03|2024-06
0.2,4,CPI m/m|Core CPI m/m|PPI m/m|FOMC,Neutral|Neutral|Neutral|Neutral,7,1,6,14.3,85.7,0.17,2023-05|2023-07|2023-12|2024-07|2024-11|2024-12|2025-01
0.2,4,CPI m/m|Core CPI m/m|PPI m/m|FOMC,Neutral|Neutral|Bad|Neutral,1,1,0,100.0,0.0,inf,2023-09
0.2,4,CPI m/m|Core CPI m/m|PPI m/m|FOMC,Neutral|Neutral|Neutral|Good,1,0,1,0.0,100.0,0.0,2024-09
0.3,4,CPI m/m|Core CPI m/m|PPI m/m|FOMC,Neutral|Neutral|Good|Neutral,2,2,0,100.0,0.0,inf,2023-03|2024-06
0.3,4,CPI m/m|Core CPI m/m|PPI m/m|FOMC,Neutral|Neutral|Neutral|Neutral,9,2,7,22.2,77.8,0.29,2023-05|2023-07|2023-09|2023-12|2024-07|2024-09|2024-11|2024-12|2025-01
0.0,4,CPI m/m|Core CPI m/m|PPI m/m|CPI y/y,Neutral|Bad|Good|Neutral,2,2,0,100.0,0.0,inf,2018-01|2023-03
0.0,4,CPI m/m|Core CPI m/m|PPI m/m|CPI y/y,Neutral|Neutral|Bad|Neutral,5,3,2,60.0,40.0,1.5,2018-03|2018-11|2018-12|2020-10|2024-12
0.0,4,CPI m/m|Core CPI m/m|PPI m/m|CPI y/y,Good|Neutral|Bad|Neutral,2,1,1,50.0,50.0,1.0,2018-04|2024-05
0.0,4,CPI m/m|Core CPI m/m|PPI m/m|CPI y/y,Good|Good|Good|Neutral,1,1,0,100.0,0.0,inf,2018-05
0.0,4,CPI m/m|Core CPI m/m|PPI m/m|CPI y/y,Neutral|Bad|Bad|Neutral,2,1,1,50.0,50.0,1.0,2018-06|2024-09
0.0,4,CPI m/m|Core CPI m/m|PPI m/m|CPI y/y,Good|Good|Good|Good,10,7,3,70.0,30.0,2.33,2018-09|2019-10|2022-08|2022-11|2023-07|2024-06|2025-03|2025-04|2025-05|2025-06
0.0,4,CPI m/m|Core CPI m/m|PPI m/m|CPI y/y,Good|Good|Neutral|Good,2,1,1,50.0,50.0,1.0,2018-10|2019-05
0.0,4,CPI m/m|Core CPI m/m|PPI m/m|CPI y/y,Good|Neutral|Good|Bad,1,1,0,100.0,0.0,inf,2019-02
0.0,4,CPI m/m|Core CPI m/m|PPI m/m|CPI y/y,Bad|Bad|Neutral|Neutral,2,2,0,100.0,0.0,inf,2019-07|2020-12
0.0,4,CPI m/m|Core CPI m/m|PPI m/m|CPI y/y,Neutral|Bad|Neutral|Bad,1,1,0,100.0,0.0,inf,2019-08
0.0,4,CPI m/m|Core CPI m/m|PPI m/m|CPI y/y,Bad|Neutral|Good|Bad,3,3,0,100.0,0.0,inf,2019-12|2021-10|2024-01
0.0,4,CPI m/m|Core CPI m/m|PPI m/m|CPI y/y,Good|Good|Bad|Good,2,1,1,50.0,50.0,1.0,2020-06|2024-07
0.0,4,CPI m/m|Core CPI m/m|PPI m/m|CPI y/y,Bad|Bad|Bad|Bad,10,9,1,90.0,10.0,9.0,2020-09|2021-04|2021-05|2021-06|2021-07|2022-02|2022-07|2022-10|2024-02|2025-02
0.0,4,CPI m/m|Core CPI m/m|PPI m/m|CPI y/y,Neutral|Neutral|Good|Neutral,3,1,2,33.3,66.7,0.5,2021-01|2022-03|2023-01
0.0,4,CPI m/m|Core CPI m/m|PPI m/m|CPI y/y,Neutral|Good|Bad|Neutral,3,2,1,66.7,33.3,2.0,2021-02|2021-03|2026-01
0.0,4,CPI m/m|Core CPI m/m|PPI m/m|CPI y/y,Neutral|Good|Bad|Bad,2,1,1,50.0,50.0,1.0,2021-08|2022-04
0.0,4,CPI m/m|Core CPI m/m|PPI m/m|CPI y/y,Good|Good|Bad|Neutral,1,1,0,100.0,0.0,inf,2021-09
0.0,4,CPI m/m|Core CPI m/m|PPI m/m|CPI y/y,Bad|Bad|Neutral|Bad,4,2,2,50.0,50.0,1.0,2021-11|2022-05|2022-06|2022-09
0.0,4,CPI m/m|Core CPI m/m|PPI m/m|CPI y/y,Bad|Neutral|Bad|Neutral,1,0,1,0.0,100.0,0.0,2021-12
0.0,4,CPI m/m|Core CPI m/m|PPI m/m|CPI y/y,Bad|Bad|Good|Neutral,1,1,0,100.0,0.0,inf,2022-01
0.0,4,CPI m/m|Core CPI m/m|PPI m/m|CPI y/y,Neutral|Neutral|Bad|Bad,1,0,1,0.0,100.0,0.0,2023-02
0.0,4,CPI m/m|Core CPI m/m|PPI m/m|CPI y/y,Good|Neutral|Good|Good,1,1,0,100.0,0.0,inf,2023-04
0.0,4,CPI m/m|Core CPI m/m|PPI m/m|CPI y/y,Neutral|Bad|Good|Good,1,1,0,100.0,0.0,inf,2023-05
0.0,4,CPI m/m|Core CPI m/m|PPI m/m|CPI y/y,Neutral|Neutral|Bad|Good,2,2,0,100.0,0.0,inf,2023-08|2025-08
0.0,4,CPI m/m|Core CPI m/m|PPI m/m|CPI y/y,Neutral|Bad|Bad|Bad,2,2,0,100.0,0.0,inf,2023-09|2024-03
0.0,4,CPI m/m|Core CPI m/m|PPI m/m|CPI y/y,Bad|Neutral|Bad|Bad,1,1,0,100.0,0.0,inf,2023-10
0.0,4,CPI m/m|Core CPI m/m|PPI m/m|CPI y/y,Bad|Neutral|Neutral|Neutral,1,0,1,0.0,100.0,0.0,2023-12
0.0,4,CPI m/m|Core CPI m/m|PPI m/m|CPI y/y,Bad|Bad|Good|Bad,2,2,0,100.0,0.0,inf,2024-04|2024-10
0.0,4,CPI m/m|Core CPI m/m|PPI m/m|CPI y/y,Neutral|Neutral|Good|Good,1,1,0,100.0,0.0,inf,2024-08
0.0,4,CPI m/m|Core CPI m/m|PPI m/m|CPI y/y,Neutral|Neutral|Neutral|Neutral,1,0,1,0.0,100.0,0.0,2024-11
0.0,4,CPI m/m|Core CPI m/m|PPI m/m|CPI y/y,Neutral|Good|Good|Neutral,1,0,1,0.0,100.0,0.0,2025-01
0.0,4,CPI m/m|Core CPI m/m|PPI m/m|CPI y/y,Neutral|Good|Good|Bad,1,1,0,100.0,0.0,inf,2025-07
0.0,4,CPI m/m|Core CPI m/m|PPI m/m|CPI y/y,Bad|Neutral|Good|Neutral,1,1,0,100.0,0.0,inf,2025-09
0.0,4,CPI m/m|Core CPI m/m|PPI m/m|CPI y/y,Good|Neutral|Bad|Good,1,0,1,0.0,100.0,0.0,2026-02
0.1,4,CPI m/m|Core CPI m/m|PPI m/m|CPI y/y,Neutral|Neutral|Good|Neutral,9,6,3,66.7,33.3,2.0,2018-01|2018-09|2021-01|2022-01|2022-03|2023-01|2023-03|2023-04|2025-01
0.1,4,CPI m/m|Core CPI m/m|PPI m/m|CPI y/y,Neutral|Neutral|Neutral|Neutral,10,7,3,70.0,30.0,2.33,2018-03|2018-05|2018-12|2019-07|2020-12|2021-03|2023-08|2023-12|2024-09|2024-11
0.1,4,CPI m/m|Core CPI m/m|PPI m/m|CPI y/y,Neutral|Neutral|Bad|Neutral,7,4,3,57.1,42.9,1.33,2018-04|2018-06|2018-11|2020-10|2024-12|2025-08|2026-01
0.1,4,CPI m/m|Core CPI m/m|PPI m/m|CPI y/y,Neutral|Neutral|Neutral|Good,3,1,2,33.3,66.7,0.5,2018-10|2023-07|2024-08
0.1,4,CPI m/m|Core CPI m/m|PPI m/m|CPI y/y,Neutral|Neutral|Good|Bad,4,4,0,100.0,0.0,inf,2019-02|2019-12|2024-01|2025-07
0.1,4,CPI m/m|Core CPI m/m|PPI m/m|CPI y/y,Good|Neutral|Neutral|Good,2,1,1,50.0,50.0,1.0,2019-05|2024-07
0.1,4,CPI m/m|Core CPI m/m|PPI m/m|CPI y/y,Neutral|Neutral|Neutral|Bad,2,2,0,100.0,0.0,inf,2019-08|2024-10
0.1,4,CPI m/m|Core CPI m/m|PPI m/m|CPI y/y,Neutral|Neutral|Good|Good,4,2,2,50.0,50.0,1.0,2019-10|2024-06|2025-03|2025-05
0.1,4,CPI m/m|Core CPI m/m|PPI m/m|CPI y/y,Neutral|Neutral|Bad|Good,2,1,1,50.0,50.0,1.0,2020-06|2026-02
0.1,4,CPI m/m|Core CPI m/m|PPI m/m|CPI y/y,Bad|Bad|Neutral|Bad,4,3,1,75.0,25.0,3.0,2020-09|2021-11|2022-09|2024-04
0.1,4,CPI m/m|Core CPI m/m|PPI m/m|CPI y/y,Neutral|Good|Bad|Neutral,2,1,1,50.0,50.0,1.0,2021-02|2022-04
0.1,4,CPI m/m|Core CPI m/m|PPI m/m|CPI y/y,Neutral|Neutral|Bad|Bad,3,2,1,66.7,33.3,2.0,2021-04|2023-02|2023-09
0.1,4,CPI m/m|Core CPI m/m|PPI m/m|CPI y/y,Bad|Bad|Bad|Bad,5,5,0,100.0,0.0,inf,2021-05|2021-06|2021-07|2022-07|2025-02
0.1,4,CPI m/m|Core CPI m/m|PPI m/m|CPI y/y,Neutral|Good|Bad|Bad,1,1,0,100.0,0.0,inf,2021-08
0.1,4,CPI m/m|Core CPI m/m|PPI m/m|CPI y/y,Good|Good|Neutral|Neutral,1,1,0,100.0,0.0,inf,2021-09
0.1,4,CPI m/m|Core CPI m/m|PPI m/m|CPI y/y,Bad|Neutral|Neutral|Bad,2,2,0,100.0,0.0,inf,2021-10|2022-06
0.1,4,CPI m/m|Core CPI m/m|PPI m/m|CPI y/y,Bad|Neutral|Bad|Neutral,1,0,1,0.0,100.0,0.0,2021-12
0.1,4,CPI m/m|Core CPI m/m|PPI m/m|CPI y/y,Bad|Neutral|Bad|Bad,2,2,0,100.0,0.0,inf,2022-02|2023-10
0.1,4,CPI m/m|Core CPI m/m|PPI m/m|CPI y/y,Neutral|Bad|Neutral|Bad,1,0,1,0.0,100.0,0.0,2022-05
0.1,4,CPI m/m|Core CPI m/m|PPI m/m|CPI y/y,Good|Good|Good|Good,3,3,0,100.0,0.0,inf,2022-08|2022-11|2025-04
0.1,4,CPI m/m|Core CPI m/m|PPI m/m|CPI y/y,Bad|Bad|Bad|Neutral,1,0,1,0.0,100.0,0.0,2022-10
0.1,4,CPI m/m|Core CPI m/m|PPI m/m|CPI y/y,Neutral|Bad|Neutral|Neutral,1,1,0,100.0,0.0,inf,2023-05
0.1,4,CPI m/m|Core CPI m/m|PPI m/m|CPI y/y,Neutral|Bad|Bad|Bad,2,2,0,100.0,0.0,inf,2024-02|2024-03
0.1,4,CPI m/m|Core CPI m/m|PPI m/m|CPI y/y,Good|Neutral|Bad|Neutral,1,0,1,0.0,100.0,0.0,2024-05
0.1,4,CPI m/m|Core CPI m/m|PPI m/m|CPI y/y,Neutral|Good|Neutral|Good,1,1,0,100.0,0.0,inf,2025-06
0.1,4,CPI m/m|Core CPI m/m|PPI m/m|CPI y/y,Bad|Neutral|Good|Neutral,1,1,0,100.0,0.0,inf,2025-09
0.2,4,CPI m/m|Core CPI m/m|PPI m/m|CPI y/y,Neutral|Neutral|Good|Neutral,12,9,3,75.0,25.0,3.0,2018-01|2018-09|2019-10|2022-08|2023-01|2023-03|2023-04|2024-06|2025-03|2025-04|2025-05|2025-09
0.2,4,CPI m/m|Core CPI m/m|PPI m/m|CPI y/y,Neutral|Neutral|Neutral|Neutral,41,27,14,65.9,34.1,1.93,2018-03|2018-04|2018-05|2018-06|2018-10|2018-12|2019-02|2019-05|2019-07|2019-08|2019-12|2020-09|2020-10|2020-12|2021-01|2021-03|2021-09|2021-10|2022-01|2022-03|2022-10|2023-05|2023-07|2023-08|2023-10|2023-12|2024-01|2024-04|2024-05|2024-07|2024-08|2024-09|2024-10|2024-11|2024-12|2025-01|2025-02|2025-06|2025-07|2026-01|2026-02
0.2,4,CPI m/m|Core CPI m/m|PPI m/m|CPI y/y,Neutral|Neutral|Bad|Neutral,10,8,2,80.0,20.0,4.0,2018-11|2020-06|2021-02|2021-04|2021-08|2021-12|2022-04|2023-09|2024-03|2025-08
0.2,4,CPI m/m|Core CPI m/m|PPI m/m|CPI y/y,Bad|Bad|Bad|Bad,2,2,0,100.0,0.0,inf,2021-05|2021-07
0.2,4,CPI m/m|Core CPI m/m|PPI m/m|CPI y/y,Neutral|Neutral|Bad|Bad,4,3,1,75.0,25.0,3.0,2021-06|2022-02|2022-07|2023-02
0.2,4,CPI m/m|Core CPI m/m|PPI m/m|CPI y/y,Bad|Neutral|Neutral|Bad,2,2,0,100.0,0.0,inf,2021-11|2022-06
0.2,4,CPI m/m|Core CPI m/m|PPI m/m|CPI y/y,Neutral|Neutral|Neutral|Bad,2,1,1,50.0,50.0,1.0,2022-05|2024-02
0.2,4,CPI m/m|Core CPI m/m|PPI m/m|CPI y/y,Neutral|Bad|Neutral|Bad,1,0,1,0.0,100.0,0.0,2022-09
0.2,4,CPI m/m|Core CPI m/m|PPI m/m|CPI y/y,Neutral|Neutral|Neutral|Good,1,1,0,100.0,0.0,inf,2022-11
0.3,4,CPI m/m|Core CPI m/m|PPI m/m|CPI y/y,Neutral|Neutral|Good|Neutral,11,9,2,81.8,18.2,4.5,2018-01|2018-09|2019-10|2022-08|2023-01|2023-03|2023-04|2024-06|2025-04|2025-05|2025-09
0.3,4,CPI m/m|Core CPI m/m|PPI m/m|CPI y/y,Neutral|Neutral|Neutral|Neutral,50,31,19,62.0,38.0,1.63,2018-03|2018-04|2018-05|2018-06|2018-10|2018-12|2019-02|2019-05|2019-07|2019-08|2019-12|2020-09|2020-10|2020-12|2021-01|2021-03|2021-09|2021-10|2022-01|2022-03|2022-04|2022-05|2022-09|2022-10|2022-11|2023-02|2023-05|2023-07|2023-08|2023-09|2023-10|2023-12|2024-01|2024-02|2024-03|2024-04|2024-05|2024-07|2024-08|2024-09|2024-10|2024-11|2024-12|2025-01|2025-02|2025-03|2025-06|2025-07|2026-01|2026-02
0.3,4,CPI m/m|Core CPI m/m|PPI m/m|CPI y/y,Neutral|Neutral|Bad|Neutral,9,8,1,88.9,11.1,8.0,2018-11|2020-06|2021-02|2021-04|2021-06|2021-08|2021-12|2022-02|2025-08
0.3,4,CPI m/m|Core CPI m/m|PPI m/m|CPI y/y,Bad|Bad|Neutral|Bad,1,1,0,100.0,0.0,inf,2021-05
0.3,4,CPI m/m|Core CPI m/m|PPI m/m|CPI y/y,Bad|Bad|Bad|Bad,1,1,0,100.0,0.0,inf,2021-07
0.3,4,CPI m/m|Core CPI m/m|PPI m/m|CPI y/y,Bad|Neutral|Neutral|Neutral,2,2,0,100.0,0.0,inf,2021-11|2022-06
0.3,4,CPI m/m|Core CPI m/m|PPI m/m|CPI y/y,Neutral|Neutral|Bad|Bad,1,1,0,100.0,0.0,inf,2022-07
0.0,4,CPI m/m|Core CPI m/m|Core PPI m/m|FOMC,Neutral|Bad|Good|Neutral,1,1,0,100.0,0.0,inf,2023-03
0.0,4,CPI m/m|Core CPI m/m|Core PPI m/m|FOMC,Neutral|Bad|Neutral|Neutral,2,2,0,100.0,0.0,inf,2023-05|2023-09
0.0,4,CPI m/m|Core CPI m/m|Core PPI m/m|FOMC,Good|Good|Good|Neutral,2,1,1,50.0,50.0,1.0,2023-07|2024-06
0.0,4,CPI m/m|Core CPI m/m|Core PPI m/m|FOMC,Bad|Neutral|Good|Neutral,1,0,1,0.0,100.0,0.0,2023-12
0.0,4,CPI m/m|Core CPI m/m|Core PPI m/m|FOMC,Good|Good|Bad|Neutral,1,0,1,0.0,100.0,0.0,2024-07
0.0,4,CPI m/m|Core CPI m/m|Core PPI m/m|FOMC,Neutral|Bad|Bad|Good,1,0,1,0.0,100.0,0.0,2024-09
0.0,4,CPI m/m|Core CPI m/m|Core PPI m/m|FOMC,Neutral|Neutral|Neutral|Neutral,2,0,2,0.0,100.0,0.0,2024-11|2024-12
0.0,4,CPI m/m|Core CPI m/m|Core PPI m/m|FOMC,Neutral|Good|Good|Neutral,1,0,1,0.0,100.0,0.0,2025-01
0.1,4,CPI m/m|Core CPI m/m|Core PPI m/m|FOMC,Neutral|Neutral|Good|Neutral,4,2,2,50.0,50.0,1.0,2023-03|2023-12|2024-06|2025-01
0.1,4,CPI m/m|Core CPI m/m|Core PPI m/m|FOMC,Neutral|Bad|Neutral|Neutral,1,1,0,100.0,0.0,inf,2023-05
0.1,4,CPI m/m|Core CPI m/m|Core PPI m/m|FOMC,Neutral|Neutral|Neutral|Neutral,4,1,3,25.0,75.0,0.33,2023-07|2023-09|2024-11|2024-12
0.1,4,CPI m/m|Core CPI m/m|Core PPI m/m|FOMC,Good|Neutral|Bad|Neutral,1,0,1,0.0,100.0,0.0,2024-07
0.1,4,CPI m/m|Core CPI m/m|Core PPI m/m|FOMC,Neutral|Neutral|Neutral|Good,1,0,1,0.0,100.0,0.0,2024-09
0.2,4,CPI m/m|Core CPI m/m|Core PPI m/m|FOMC,Neutral|Neutral|Good|Neutral,2,2,0,100.0,0.0,inf,2023-03|2024-06
0.2,4,CPI m/m|Core CPI m/m|Core PPI m/m|FOMC,Neutral|Neutral|Neutral|Neutral,8,2,6,25.0,75.0,0.33,2023-05|2023-07|2023-09|2023-12|2024-07|2024-11|2024-12|2025-01
0.2,4,CPI m/m|Core CPI m/m|Core PPI m/m|FOMC,Neutral|Neutral|Neutral|Good,1,0,1,0.0,100.0,0.0,2024-09
0.3,4,CPI m/m|Core CPI m/m|Core PPI m/m|FOMC,Neutral|Neutral|Good|Neutral,1,1,0,100.0,0.0,inf,2023-03
0.3,4,CPI m/m|Core CPI m/m|Core PPI m/m|FOMC,Neutral|Neutral|Neutral|Neutral,10,3,7,30.0,70.0,0.43,2023-05|2023-07|2023-09|2023-12|2024-06|2024-07|2024-09|2024-11|2024-12|2025-01
0.0,4,CPI m/m|Core CPI m/m|Core PPI m/m|CPI y/y,Neutral|Bad|Good|Neutral,2,2,0,100.0,0.0,inf,2018-01|2023-03
0.0,4,CPI m/m|Core CPI m/m|Core PPI m/m|CPI y/y,Neutral|Neutral|Neutral|Neutral,5,1,4,20.0,80.0,0.25,2018-03|2021-01|2023-01|2024-11|2024-12
0.0,4,CPI m/m|Core CPI m/m|Core PPI m/m|CPI y/y,Good|Neutral|Bad|Neutral,2,1,1,50.0,50.0,1.0,2018-04|2024-05
0.0,4,CPI m/m|Core CPI m/m|Core PPI m/m|CPI y/y,Good|Good|Neutral|Neutral,1,1,0,100.0,0.0,inf,2018-05
0.0,4,CPI m/m|Core CPI m/m|Core PPI m/m|CPI y/y,Neutral|Bad|Bad|Neutral,2,1,1,50.0,50.0,1.0,2018-06|2024-09
0.0,4,CPI m/m|Core CPI m/m|Core PPI m/m|CPI y/y,Good|Good|Good|Good,11,8,3,72.7,27.3,2.67,2018-09|2019-05|2019-10|2022-08|2022-11|2023-07|2024-06|2025-03|2025-04|2025-05|2025-06
0.0,4,CPI m/m|Core CPI m/m|Core PPI m/m|CPI y/y,Good|Good|Neutral|Good,2,1,1,50.0,50.0,1.0,2018-10|2020-06
0.0,4,CPI m/m|Core CPI m/m|Core PPI m/m|CPI y/y,Neutral|Neutral|Bad|Neutral,3,2,1,66.7,33.3,2.0,2018-11|2018-12|2020-10
0.0,4,CPI m/m|Core CPI m/m|Core PPI m/m|CPI y/y,Good|Neutral|Bad|Bad,1,1,0,100.0,0.0,inf,2019-02
0.0,4,CPI m/m|Core CPI m/m|Core PPI m/m|CPI y/y,Bad|Bad|Bad|Neutral,1,1,0,100.0,0.0,inf,2019-07
0.0,4,CPI m/m|Core CPI m/m|Core PPI m/m|CPI y/y,Neutral|Bad|Good|Bad,1,1,0,100.0,0.0,inf,2019-08
0.0,4,CPI m/m|Core CPI m/m|Core PPI m/m|CPI y/y,Bad|Neutral|Good|Bad,3,3,0,100.0,0.0,inf,2019-12|2021-10|2024-01
0.0,4,CPI m/m|Core CPI m/m|Core PPI m/m|CPI y/y,Bad|Bad|Bad|Bad,8,7,1,87.5,12.5,7.0,2020-09|2021-04|2021-05|2021-06|2021-07|2022-02|2022-09|2024-02
0.0,4,CPI m/m|Core CPI m/m|Core PPI m/m|CPI y/y,Bad|Bad|Good|Neutral,1,1,0,100.0,0.0,inf,2020-12
0.0,4,CPI m/m|Core CPI m/m|Core PPI m/m|CPI y/y,Neutral|Good|Bad|Neutral,2,1,1,50.0,50.0,1.0,2021-02|2026-01
0.0,4,CPI m/m|Core CPI m/m|Core PPI m/m|CPI y/y,Neutral|Good|Neutral|Neutral,1,1,0,100.0,0.0,inf,2021-03
0.0,4,CPI m/m|Core CPI m/m|Core PPI m/m|CPI y/y,Neutral|Good|Bad|Bad,2,1,1,50.0,50.0,1.0,2021-08|2022-04
0.0,4,CPI m/m|Core CPI m/m|Core PPI m/m|CPI y/y,Good|Good|Bad|Neutral,1,1,0,100.0,0.0,inf,2021-09
0.0,4,CPI m/m|Core CPI m/m|Core PPI m/m|CPI y/y,Bad|Bad|Good|Bad,4,3,1,75.0,25.0,3.0,2021-11|2022-05|2022-06|2022-07
0.0,4,CPI m/m|Core CPI m/m|Core PPI m/m|CPI y/y,Bad|Neutral|Bad|Neutral,1,0,1,0.0,100.0,0.0,2021-12
0.0,4,CPI m/m|Core CPI m/m|Core PPI m/m|CPI y/y,Bad|Bad|Neutral|Neutral,1,1,0,100.0,0.0,inf,2022-01
0.0,4,CPI m/m|Core CPI m/m|Core PPI m/m|CPI y/y,Neutral|Neutral|Good|Neutral,1,1,0,100.0,0.0,inf,2022-03
0.0,4,CPI m/m|Core CPI m/m|Core PPI m/m|CPI y/y,Bad|Bad|Neutral|Bad,4,3,1,75.0,25.0,3.0,2022-10|2024-04|2024-10|2025-02
0.0,4,CPI m/m|Core CPI m/m|Core PPI m/m|CPI y/y,Neutral|Neutral|Bad|Bad,1,0,1,0.0,100.0,0.0,2023-02
0.0,4,CPI m/m|Core CPI m/m|Core PPI m/m|CPI y/y,Good|Neutral|Good|Good,1,1,0,100.0,0.0,inf,2023-04
0.0,4,CPI m/m|Core CPI m/m|Core PPI m/m|CPI y/y,Neutral|Bad|Neutral|Good,1,1,0,100.0,0.0,inf,2023-05
0.0,4,CPI m/m|Core CPI m/m|Core PPI m/m|CPI y/y,Neutral|Neutral|Bad|Good,2,2,0,100.0,0.0,inf,2023-08|2025-08
0.0,4,CPI m/m|Core CPI m/m|Core PPI m/m|CPI y/y,Neutral|Bad|Neutral|Bad,1,1,0,100.0,0.0,inf,2023-09
0.0,4,CPI m/m|Core CPI m/m|Core PPI m/m|CPI y/y,Bad|Neutral|Bad|Bad,1,1,0,100.0,0.0,inf,2023-10
0.0,4,CPI m/m|Core CPI m/m|Core PPI m/m|CPI y/y,Bad|Neutral|Good|Neutral,2,1,1,50.0,50.0,1.0,2023-12|2025-09
0.0,4,CPI m/m|Core CPI m/m|Core PPI m/m|CPI y/y,Neutral|Bad|Bad|Bad,1,1,0,100.0,0.0,inf,2024-03
0.0,4,CPI m/m|Core CPI m/m|Core PPI m/m|CPI y/y,Good|Good|Bad|Good,1,0,1,0.0,100.0,0.0,2024-07
0.0,4,CPI m/m|Core CPI m/m|Core PPI m/m|CPI y/y,Neutral|Neutral|Good|Good,1,1,0,100.0,0.0,inf,2024-08
0.0,4,CPI m/m|Core CPI m/m|Core PPI m/m|CPI y/y,Neutral|Good|Good|Neutral,1,0,1,0.0,100.0,0.0,2025-01
0.0,4,CPI m/m|Core CPI m/m|Core PPI m/m|CPI y/y,Neutral|Good|Good|Bad,1,1,0,100.0,0.0,inf,2025-07
0.0,4,CPI m/m|Core CPI m/m|Core PPI m/m|CPI y/y,Good|Neutral|Bad|Good,1,0,1,0.0,100.0,0.0,2026-02
0.1,4,CPI m/m|Core CPI m/m|Core PPI m/m|CPI y/y,Neutral|Neutral|Good|Neutral,7,5,2,71.4,28.6,2.5,2018-01|2018-09|2022-03|2023-03|2023-04|2023-12|2025-01
0.1,4,CPI m/m|Core CPI m/m|Core PPI m/m|CPI y/y,Neutral|Neutral|Neutral|Neutral,14,9,5,64.3,35.7,1.8,2018-03|2018-04|2018-05|2018-06|2019-07|2020-12|2021-01|2021-03|2022-01|2023-01|2023-08|2024-09|2024-11|2024-12
0.1,4,CPI m/m|Core CPI m/m|Core PPI m/m|CPI y/y,Neutral|Neutral|Neutral|Good,3,1,2,33.3,66.7,0.5,2018-10|2020-06|2023-07
0.1,4,CPI m/m|Core CPI m/m|Core PPI m/m|CPI y/y,Neutral|Neutral|Bad|Neutral,5,3,2,60.0,40.0,1.5,2018-11|2018-12|2020-10|2025-08|2026-01
0.1,4,CPI m/m|Core CPI m/m|Core PPI m/m|CPI y/y,Neutral|Neutral|Neutral|Bad,3,3,0,100.0,0.0,inf,2019-02|2023-09|2024-10
0.1,4,CPI m/m|Core CPI m/m|Core PPI m/m|CPI y/y,Good|Neutral|Neutral|Good,1,1,0,100.0,0.0,inf,2019-05
0.1,4,CPI m/m|Core CPI m/m|Core PPI m/m|CPI y/y,Neutral|Neutral|Good|Bad,4,4,0,100.0,0.0,inf,2019-08|2019-12|2024-01|2025-07
0.1,4,CPI m/m|Core CPI m/m|Core PPI m/m|CPI y/y,Neutral|Neutral|Good|Good,5,3,2,60.0,40.0,1.5,2019-10|2024-06|2024-08|2025-03|2025-05
0.1,4,CPI m/m|Core CPI m/m|Core PPI m/m|CPI y/y,Bad|Bad|Bad|Bad,5,4,1,80.0,20.0,4.0,2020-09|2021-05|2021-06|2021-07|2022-09
0.1,4,CPI m/m|Core CPI m/m|Core PPI m/m|CPI y/y,Neutral|Good|Bad|Neutral,2,1,1,50.0,50.0,1.0,2021-02|2022-04
0.1,4,CPI m/m|Core CPI m/m|Core PPI m/m|CPI y/y,Neutral|Neutral|Bad|Bad,2,1,1,50.0,50.0,1.0,2021-04|2023-02
0.1,4,CPI m/m|Core CPI m/m|Core PPI m/m|CPI y/y,Neutral|Good|Bad|Bad,1,1,0,100.0,0.0,inf,2021-08
0.1,4,CPI m/m|Core CPI m/m|Core PPI m/m|CPI y/y,Good|Good|Neutral|Neutral,1,1,0,100.0,0.0,inf,2021-09
0.1,4,CPI m/m|Core CPI m/m|Core PPI m/m|CPI y/y,Bad|Neutral|Good|Bad,1,1,0,100.0,0.0,inf,2021-10
0.1,4,CPI m/m|Core CPI m/m|Core PPI m/m|CPI y/y,Bad|Bad|Neutral|Bad,4,4,0,100.0,0.0,inf,2021-11|2022-07|2024-04|2025-02
0.1,4,CPI m/m|Core CPI m/m|Core PPI m/m|CPI y/y,Bad|Neutral|Bad|Neutral,1,0,1,0.0,100.0,0.0,2021-12
0.1,4,CPI m/m|Core CPI m/m|Core PPI m/m|CPI y/y,Bad|Neutral|Bad|Bad,1,1,0,100.0,0.0,inf,2022-02
0.1,4,CPI m/m|Core CPI m/m|Core PPI m/m|CPI y/y,Neutral|Bad|Good|Bad,1,0,1,0.0,100.0,0.0,2022-05
0.1,4,CPI m/m|Core CPI m/m|Core PPI m/m|CPI y/y,Bad|Neutral|Neutral|Bad,2,2,0,100.0,0.0,inf,2022-06|2023-10
0.1,4,CPI m/m|Core CPI m/m|Core PPI m/m|CPI y/y,Good|Good|Good|Good,3,3,0,100.0,0.0,inf,2022-08|2022-11|2025-04
0.1,4,CPI m/m|Core CPI m/m|Core PPI m/m|CPI y/y,Bad|Bad|Neutral|Neutral,1,0,1,0.0,100.0,0.0,2022-10
0.1,4,CPI m/m|Core CPI m/m|Core PPI m/m|CPI y/y,Neutral|Bad|Neutral|Neutral,1,1,0,100.0,0.0,inf,2023-05
0.1,4,CPI m/m|Core CPI m/m|Core PPI m/m|CPI y/y,Neutral|Bad|Bad|Bad,1,1,0,100.0,0.0,inf,2024-02
0.1,4,CPI m/m|Core CPI m/m|Core PPI m/m|CPI y/y,Neutral|Bad|Neutral|Bad,1,1,0,100.0,0.0,inf,2024-03
0.1,4,CPI m/m|Core CPI m/m|Core PPI m/m|CPI y/y,Good|Neutral|Bad|Neutral,1,0,1,0.0,100.0,0.0,2024-05
0.1,4,CPI m/m|Core CPI m/m|Core PPI m/m|CPI y/y,Good|Neutral|Bad|Good,1,0,1,0.0,100.0,0.0,2024-07
0.1,4,CPI m/m|Core CPI m/m|Core PPI m/m|CPI y/y,Neutral|Good|Good|Good,1,1,0,100.0,0.0,inf,2025-06
0.1,4,CPI m/m|Core CPI m/m|Core PPI m/m|CPI y/y,Bad|Neutral|Good|Neutral,1,1,0,100.0,0.0,inf,2025-09
0.1,4,CPI m/m|Core CPI m/m|Core PPI m/m|CPI y/y,Neutral|Neutral|Bad|Good,1,0,1,0.0,100.0,0.0,2026-02
0.2,4,CPI m/m|Core CPI m/m|Core PPI m/m|CPI y/y,Neutral|Neutral|Good|Neutral,14,12,2,85.7,14.3,6.0,2018-01|2018-09|2019-08|2019-10|2019-12|2021-10|2022-03|2023-03|2023-04|2024-06|2025-03|2025-04|2025-05|2025-09
0.2,4,CPI m/m|Core CPI m/m|Core PPI m/m|CPI y/y,Neutral|Neutral|Neutral|Neutral,40,27,13,67.5,32.5,2.08,2018-03|2018-04|2018-05|2018-06|2018-10|2018-12|2019-02|2019-05|2019-07|2020-06|2020-09|2020-10|2020-12|2021-01|2021-03|2021-09|2022-01|2022-08|2022-10|2023-01|2023-05|2023-07|2023-08|2023-09|2023-10|2023-12|2024-01|2024-03|2024-04|2024-07|2024-08|2024-09|2024-10|2024-11|2024-12|2025-01|2025-02|2025-06|2025-07|2026-01
0.2,4,CPI m/m|Core CPI m/m|Core PPI m/m|CPI y/y,Neutral|Neutral|Bad|Neutral,9,5,4,55.6,44.4,1.25,2018-11|2021-02|2021-04|2021-08|2021-12|2022-04|2024-05|2025-08|2026-02
0.2,4,CPI m/m|Core CPI m/m|Core PPI m/m|CPI y/y,Bad|Bad|Bad|Bad,2,2,0,100.0,0.0,inf,2021-05|2021-07
0.2,4,CPI m/m|Core CPI m/m|Core PPI m/m|CPI y/y,Neutral|Neutral|Neutral|Bad,4,2,2,50.0,50.0,1.0,2021-06|2022-05|2022-07|2023-02
0.2,4,CPI m/m|Core CPI m/m|Core PPI m/m|CPI y/y,Bad|Neutral|Neutral|Bad,2,2,0,100.0,0.0,inf,2021-11|2022-06
0.2,4,CPI m/m|Core CPI m/m|Core PPI m/m|CPI y/y,Neutral|Neutral|Bad|Bad,2,2,0,100.0,0.0,inf,2022-02|2024-02
0.2,4,CPI m/m|Core CPI m/m|Core PPI m/m|CPI y/y,Neutral|Bad|Neutral|Bad,1,0,1,0.0,100.0,0.0,2022-09
0.2,4,CPI m/m|Core CPI m/m|Core PPI m/m|CPI y/y,Neutral|Neutral|Good|Good,1,1,0,100.0,0.0,inf,2022-11
0.3,4,CPI m/m|Core CPI m/m|Core PPI m/m|CPI y/y,Neutral|Neutral|Good|Neutral,12,10,2,83.3,16.7,5.0,2018-01|2018-09|2019-08|2019-10|2019-12|2022-03|2023-03|2023-04|2025-03|2025-04|2025-05|2025-09
0.3,4,CPI m/m|Core CPI m/m|Core PPI m/m|CPI y/y,Neutral|Neutral|Neutral|Neutral,50,32,18,64.0,36.0,1.78,2018-03|2018-04|2018-05|2018-06|2018-10|2018-11|2018-12|2019-02|2019-05|2019-07|2020-06|2020-09|2020-10|2020-12|2021-01|2021-03|2021-06|2021-09|2021-10|2021-12|2022-01|2022-05|2022-08|2022-09|2022-10|2022-11|2023-01|2023-02|2023-05|2023-07|2023-08|2023-09|2023-10|2023-12|2024-01|2024-03|2024-04|2024-05|2024-06|2024-07|2024-08|2024-09|2024-10|2024-11|2024-12|2025-01|2025-02|2025-06|2025-07|2026-01
0.3,4,CPI m/m|Core CPI m/m|Core PPI m/m|CPI y/y,Neutral|Neutral|Bad|Neutral,8,6,2,75.0,25.0,3.0,2021-02|2021-04|2021-08|2022-02|2022-04|2024-02|2025-08|2026-02
0.3,4,CPI m/m|Core CPI m/m|Core PPI m/m|CPI y/y,Bad|Bad|Neutral|Bad,1,1,0,100.0,0.0,inf,2021-05
0.3,4,CPI m/m|Core CPI m/m|Core PPI m/m|CPI y/y,Bad|Bad|Bad|Bad,1,1,0,100.0,0.0,inf,2021-07
0.3,4,CPI m/m|Core CPI m/m|Core PPI m/m|CPI y/y,Bad|Neutral|Neutral|Neutral,2,2,0,100.0,0.0,inf,2021-11|2022-06
0.3,4,CPI m/m|Core CPI m/m|Core PPI m/m|CPI y/y,Neutral|Neutral|Neutral|Bad,1,1,0,100.0,0.0,inf,2022-07
0.0,4,CPI m/m|Core CPI m/m|FOMC|CPI y/y,Neutral|Bad|Neutral|Neutral,1,1,0,100.0,0.0,inf,2023-03
0.0,4,CPI m/m|Core CPI m/m|FOMC|CPI y/y,Neutral|Bad|Neutral|Good,1,1,0,100.0,0.0,inf,2023-05
0.0,4,CPI m/m|Core CPI m/m|FOMC|CPI y/y,Good|Good|Neutral|Good,3,1,2,33.3,66.7,0.5,2023-07|2024-06|2024-07
0.0,4,CPI m/m|Core CPI m/m|FOMC|CPI y/y,Neutral|Bad|Neutral|Bad,1,1,0,100.0,0.0,inf,2023-09
0.0,4,CPI m/m|Core CPI m/m|FOMC|CPI y/y,Bad|Neutral|Neutral|Neutral,1,0,1,0.0,100.0,0.0,2023-12
0.0,4,CPI m/m|Core CPI m/m|FOMC|CPI y/y,Neutral|Bad|Good|Neutral,1,0,1,0.0,100.0,0.0,2024-09
0.0,4,CPI m/m|Core CPI m/m|FOMC|CPI y/y,Neutral|Neutral|Neutral|Neutral,2,0,2,0.0,100.0,0.0,2024-11|2024-12
0.0,4,CPI m/m|Core CPI m/m|FOMC|CPI y/y,Neutral|Good|Neutral|Neutral,1,0,1,0.0,100.0,0.0,2025-01
0.1,4,CPI m/m|Core CPI m/m|FOMC|CPI y/y,Neutral|Neutral|Neutral|Neutral,5,1,4,20.0,80.0,0.25,2023-03|2023-12|2024-11|2024-12|2025-01
0.1,4,CPI m/m|Core CPI m/m|FOMC|CPI y/y,Neutral|Bad|Neutral|Neutral,1,1,0,100.0,0.0,inf,2023-05
0.1,4,CPI m/m|Core CPI m/m|FOMC|CPI y/y,Neutral|Neutral|Neutral|Good,2,1,1,50.0,50.0,1.0,2023-07|2024-06
0.1,4,CPI m/m|Core CPI m/m|FOMC|CPI y/y,Neutral|Neutral|Neutral|Bad,1,1,0,100.0,0.0,inf,2023-09
0.1,4,CPI m/m|Core CPI m/m|FOMC|CPI y/y,Good|Neutral|Neutral|Good,1,0,1,0.0,100.0,0.0,2024-07
0.1,4,CPI m/m|Core CPI m/m|FOMC|CPI y/y,Neutral|Neutral|Good|Neutral,1,0,1,0.0,100.0,0.0,2024-09
0.2,4,CPI m/m|Core CPI m/m|FOMC|CPI y/y,Neutral|Neutral|Neutral|Neutral,10,4,6,40.0,60.0,0.67,2023-03|2023-05|2023-07|2023-09|2023-12|2024-06|2024-07|2024-11|2024-12|2025-01
0.2,4,CPI m/m|Core CPI m/m|FOMC|CPI y/y,Neutral|Neutral|Good|Neutral,1,0,1,0.0,100.0,0.0,2024-09
0.3,4,CPI m/m|Core CPI m/m|FOMC|CPI y/y,Neutral|Neutral|Neutral|Neutral,11,4,7,36.4,63.6,0.57,2023-03|2023-05|2023-07|2023-09|2023-12|2024-06|2024-07|2024-09|2024-11|2024-12|2025-01
0.0,4,CPI m/m|PPI m/m|Core PPI m/m|FOMC,Neutral|Good|Good|Neutral,2,1,1,50.0,50.0,1.0,2023-03|2025-01
0.0,4,CPI m/m|PPI m/m|Core PPI m/m|FOMC,Neutral|Good|Neutral|Neutral,1,1,0,100.0,0.0,inf,2023-05
0.0,4,CPI m/m|PPI m/m|Core PPI m/m|FOMC,Good|Good|Good|Neutral,2,1,1,50.0,50.0,1.0,2023-07|2024-06
0.0,4,CPI m/m|PPI m/m|Core PPI m/m|FOMC,Neutral|Bad|Neutral|Neutral,2,1,1,50.0,50.0,1.0,2023-09|2024-12
0.0,4,CPI m/m|PPI m/m|Core PPI m/m|FOMC,Bad|Neutral|Good|Neutral,1,0,1,0.0,100.0,0.0,2023-12
0.0,4,CPI m/m|PPI m/m|Core PPI m/m|FOMC,Good|Bad|Bad|Neutral,1,0,1,0.0,100.0,0.0,2024-07
0.0,4,CPI m/m|PPI m/m|Core PPI m/m|FOMC,Neutral|Bad|Bad|Good,1,0,1,0.0,100.0,0.0,2024-09
0.0,4,CPI m/m|PPI m/m|Core PPI m/m|FOMC,Neutral|Neutral|Neutral|Neutral,1,0,1,0.0,100.0,0.0,2024-11
0.1,4,CPI m/m|PPI m/m|Core PPI m/m|FOMC,Neutral|Good|Good|Neutral,3,2,1,66.7,33.3,2.0,2023-03|2024-06|2025-01
0.1,4,CPI m/m|PPI m/m|Core PPI m/m|FOMC,Neutral|Neutral|Neutral|Neutral,3,1,2,33.3,66.7,0.5,2023-05|2023-07|2024-11
0.1,4,CPI m/m|PPI m/m|Core PPI m/m|FOMC,Neutral|Bad|Neutral|Neutral,2,1,1,50.0,50.0,1.0,2023-09|2024-12
0.1,4,CPI m/m|PPI m/m|Core PPI m/m|FOMC,Neutral|Neutral|Good|Neutral,1,0,1,0.0,100.0,0.0,2023-12
0.1,4,CPI m/m|PPI m/m|Core PPI m/m|FOMC,Good|Neutral|Bad|Neutral,1,0,1,0.0,100.0,0.0,2024-07
0.1,4,CPI m/m|PPI m/m|Core PPI m/m|FOMC,Neutral|Neutral|Neutral|Good,1,0,1,0.0,100.0,0.0,2024-09
0.2,4,CPI m/m|PPI m/m|Core PPI m/m|FOMC,Neutral|Good|Good|Neutral,2,2,0,100.0,0.0,inf,2023-03|2024-06
0.2,4,CPI m/m|PPI m/m|Core PPI m/m|FOMC,Neutral|Neutral|Neutral|Neutral,7,1,6,14.3,85.7,0.17,2023-05|2023-07|2023-12|2024-07|2024-11|2024-12|2025-01
0.2,4,CPI m/m|PPI m/m|Core PPI m/m|FOMC,Neutral|Bad|Neutral|Neutral,1,1,0,100.0,0.0,inf,2023-09
0.2,4,CPI m/m|PPI m/m|Core PPI m/m|FOMC,Neutral|Neutral|Neutral|Good,1,0,1,0.0,100.0,0.0,2024-09
0.3,4,CPI m/m|PPI m/m|Core PPI m/m|FOMC,Neutral|Good|Good|Neutral,1,1,0,100.0,0.0,inf,2023-03
0.3,4,CPI m/m|PPI m/m|Core PPI m/m|FOMC,Neutral|Neutral|Neutral|Neutral,9,2,7,22.2,77.8,0.29,2023-05|2023-07|2023-09|2023-12|2024-07|2024-09|2024-11|2024-12|2025-01
0.3,4,CPI m/m|PPI m/m|Core PPI m/m|FOMC,Neutral|Good|Neutral|Neutral,1,1,0,100.0,0.0,inf,2024-06
0.0,4,CPI m/m|PPI m/m|Core PPI m/m|CPI y/y,Neutral|Good|Good|Neutral,4,3,1,75.0,25.0,3.0,2018-01|2022-03|2023-03|2025-01
0.0,4,CPI m/m|PPI m/m|Core PPI m/m|CPI y/y,Neutral|Bad|Neutral|Neutral,3,2,1,66.7,33.3,2.0,2018-03|2021-03|2024-12
0.0,4,CPI m/m|PPI m/m|Core PPI m/m|CPI y/y,Good|Bad|Bad|Neutral,3,2,1,66.7,33.3,2.0,2018-04|2021-09|2024-05
0.0,4,CPI m/m|PPI m/m|Core PPI m/m|CPI y/y,Good|Good|Neutral|Neutral,1,1,0,100.0,0.0,inf,2018-05
0.0,4,CPI m/m|PPI m/m|Core PPI m/m|CPI y/y,Neutral|Bad|Bad|Neutral,7,4,3,57.1,42.9,1.33,2018-06|2018-11|2018-12|2020-10|2021-02|2024-09|2026-01
0.0,4,CPI m/m|PPI m/m|Core PPI m/m|CPI y/y,Good|Good|Good|Good,11,8,3,72.7,27.3,2.67,2018-09|2019-10|2022-08|2022-11|2023-04|2023-07|2024-06|2025-03|2025-04|2025-05|2025-06
0.0,4,CPI m/m|PPI m/m|Core PPI m/m|CPI y/y,Good|Neutral|Neutral|Good,1,0,1,0.0,100.0,0.0,2018-10
0.0,4,CPI m/m|PPI m/m|Core PPI m/m|CPI y/y,Good|Good|Bad|Bad,1,1,0,100.0,0.0,inf,2019-02
0.0,4,CPI m/m|PPI m/m|Core PPI m/m|CPI y/y,Good|Neutral|Good|Good,1,1,0,100.0,0.0,inf,2019-05
0.0,4,CPI m/m|PPI m/m|Core PPI m/m|CPI y/y,Bad|Neutral|Bad|Neutral,1,1,0,100.0,0.0,inf,2019-07
0.0,4,CPI m/m|PPI m/m|Core PPI m/m|CPI y/y,Neutral|Neutral|Good|Bad,1,1,0,100.0,0.0,inf,2019-08
0.0,4,CPI m/m|PPI m/m|Core PPI m/m|CPI y/y,Bad|Good|Good|Bad,3,3,0,100.0,0.0,inf,2019-12|2021-10|2024-01
0.0,4,CPI m/m|PPI m/m|Core PPI m/m|CPI y/y,Good|Bad|Neutral|Good,1,1,0,100.0,0.0,inf,2020-06
0.0,4,CPI m/m|PPI m/m|Core PPI m/m|CPI y/y,Bad|Bad|Bad|Bad,8,8,0,100.0,0.0,inf,2020-09|2021-04|2021-05|2021-06|2021-07|2022-02|2023-10|2024-02
0.0,4,CPI m/m|PPI m/m|Core PPI m/m|CPI y/y,Bad|Neutral|Good|Neutral,2,1,1,50.0,50.0,1.0,2020-12|2023-12
0.0,4,CPI m/m|PPI m/m|Core PPI m/m|CPI y/y,Neutral|Good|Neutral|Neutral,2,0,2,0.0,100.0,0.0,2021-01|2023-01
0.0,4,CPI m/m|PPI m/m|Core PPI m/m|CPI y/y,Neutral|Bad|Bad|Bad,4,2,2,50.0,50.0,1.0,2021-08|2022-04|2023-02|2024-03
0.0,4,CPI m/m|PPI m/m|Core PPI m/m|CPI y/y,Bad|Neutral|Good|Bad,3,2,1,66.7,33.3,2.0,2021-11|2022-05|2022-06
0.0,4,CPI m/m|PPI m/m|Core PPI m/m|CPI y/y,Bad|Bad|Bad|Neutral,1,0,1,0.0,100.0,0.0,2021-12
0.0,4,CPI m/m|PPI m/m|Core PPI m/m|CPI y/y,Bad|Good|Neutral|Neutral,1,1,0,100.0,0.0,inf,2022-01
0.0,4,CPI m/m|PPI m/m|Core PPI m/m|CPI y/y,Bad|Bad|Good|Bad,1,1,0,100.0,0.0,inf,2022-07
0.0,4,CPI m/m|PPI m/m|Core PPI m/m|CPI y/y,Bad|Neutral|Bad|Bad,1,0,1,0.0,100.0,0.0,2022-09
0.0,4,CPI m/m|PPI m/m|Core PPI m/m|CPI y/y,Bad|Bad|Neutral|Bad,2,1,1,50.0,50.0,1.0,2022-10|2025-02
0.0,4,CPI m/m|PPI m/m|Core PPI m/m|CPI y/y,Neutral|Good|Neutral|Good,1,1,0,100.0,0.0,inf,2023-05
0.0,4,CPI m/m|PPI m/m|Core PPI m/m|CPI y/y,Neutral|Bad|Bad|Good,2,2,0,100.0,0.0,inf,2023-08|2025-08
0.0,4,CPI m/m|PPI m/m|Core PPI m/m|CPI y/y,Neutral|Bad|Neutral|Bad,1,1,0,100.0,0.0,inf,2023-09
0.0,4,CPI m/m|PPI m/m|Core PPI m/m|CPI y/y,Bad|Good|Neutral|Bad,2,2,0,100.0,0.0,inf,2024-04|2024-10
0.0,4,CPI m/m|PPI m/m|Core PPI m/m|CPI y/y,Good|Bad|Bad|Good,2,0,2,0.0,100.0,0.0,2024-07|2026-02
0.0,4,CPI m/m|PPI m/m|Core PPI m/m|CPI y/y,Neutral|Good|Good|Good,1,1,0,100.0,0.0,inf,2024-08
0.0,4,CPI m/m|PPI m/m|Core PPI m/m|CPI y/y,Neutral|Neutral|Neutral|Neutral,1,0,1,0.0,100.0,0.0,2024-11
0.0,4,CPI m/m|PPI m/m|Core PPI m/m|CPI y/y,Neutral|Good|Good|Bad,1,1,0,100.0,0.0,inf,2025-07
0.0,4,CPI m/m|PPI m/m|Core PPI m/m|CPI y/y,Bad|Good|Good|Neutral,1,1,0,100.0,0.0,inf,2025-09
0.1,4,CPI m/m|PPI m/m|Core PPI m/m|CPI y/y,Neutral|Good|Good|Neutral,6,5,1,83.3,16.7,5.0,2018-01|2018-09|2022-03|2023-03|2023-04|2025-01
0.1,4,CPI m/m|PPI m/m|Core PPI m/m|CPI y/y,Neutral|Neutral|Neutral|Neutral,9,7,2,77.8,22.2,3.5,2018-03|2018-05|2019-07|2020-12|2021-03|2023-05|2023-08|2024-09|2024-11
0.1,4,CPI m/m|PPI m/m|Core PPI m/m|CPI y/y,Neutral|Bad|Neutral|Neutral,3,2,1,66.7,33.3,2.0,2018-04|2018-06|2024-12
0.1,4,CPI m/m|PPI m/m|Core PPI m/m|CPI y/y,Neutral|Neutral|Neutral|Good,2,0,2,0.0,100.0,0.0,2018-10|2023-07
0.1,4,CPI m/m|PPI m/m|Core PPI m/m|CPI y/y,Neutral|Bad|Bad|Neutral,6,3,3,50.0,50.0,1.0,2018-11|2020-10|2021-02|2022-04|2025-08|2026-01
0.1,4,CPI m/m|PPI m/m|Core PPI m/m|CPI y/y,Neutral|Neutral|Bad|Neutral,1,1,0,100.0,0.0,inf,2018-12
0.1,4,CPI m/m|PPI m/m|Core PPI m/m|CPI y/y,Neutral|Good|Neutral|Bad,1,1,0,100.0,0.0,inf,2019-02
0.1,4,CPI m/m|PPI m/m|Core PPI m/m|CPI y/y,Good|Neutral|Neutral|Good,1,1,0,100.0,0.0,inf,2019-05
0.1,4,CPI m/m|PPI m/m|Core PPI m/m|CPI y/y,Neutral|Neutral|Good|Bad,2,1,1,50.0,50.0,1.0,2019-08|2022-05
0.1,4,CPI m/m|PPI m/m|Core PPI m/m|CPI y/y,Neutral|Good|Good|Good,4,2,2,50.0,50.0,1.0,2019-10|2024-06|2025-03|2025-05
0.1,4,CPI m/m|PPI m/m|Core PPI m/m|CPI y/y,Neutral|Good|Good|Bad,3,3,0,100.0,0.0,inf,2019-12|2024-01|2025-07
0.1,4,CPI m/m|PPI m/m|Core PPI m/m|CPI y/y,Neutral|Bad|Neutral|Good,1,1,0,100.0,0.0,inf,2020-06
0.1,4,CPI m/m|PPI m/m|Core PPI m/m|CPI y/y,Bad|Neutral|Bad|Bad,2,1,1,50.0,50.0,1.0,2020-09|2022-09
0.1,4,CPI m/m|PPI m/m|Core PPI m/m|CPI y/y,Neutral|Good|Neutral|Neutral,3,1,2,33.3,66.7,0.5,2021-01|2022-01|2023-01
0.1,4,CPI m/m|PPI m/m|Core PPI m/m|CPI y/y,Neutral|Bad|Bad|Bad,4,3,1,75.0,25.0,3.0,2021-04|2021-08|2023-02|2024-02
0.1,4,CPI m/m|PPI m/m|Core PPI m/m|CPI y/y,Bad|Bad|Bad|Bad,4,4,0,100.0,0.0,inf,2021-05|2021-06|2021-07|2022-02
0.1,4,CPI m/m|PPI m/m|Core PPI m/m|CPI y/y,Good|Neutral|Neutral|Neutral,1,1,0,100.0,0.0,inf,2021-09
0.1,4,CPI m/m|PPI m/m|Core PPI m/m|CPI y/y,Bad|Neutral|Good|Bad,1,1,0,100.0,0.0,inf,2021-10
0.1,4,CPI m/m|PPI m/m|Core PPI m/m|CPI y/y,Bad|Neutral|Neutral|Bad,3,3,0,100.0,0.0,inf,2021-11|2022-06|2024-04
0.1,4,CPI m/m|PPI m/m|Core PPI m/m|CPI y/y,Bad|Bad|Bad|Neutral,1,0,1,0.0,100.0,0.0,2021-12
0.1,4,CPI m/m|PPI m/m|Core PPI m/m|CPI y/y,Bad|Bad|Neutral|Bad,3,3,0,100.0,0.0,inf,2022-07|2023-10|2025-02
0.1,4,CPI m/m|PPI m/m|Core PPI m/m|CPI y/y,Good|Good|Good|Good,3,3,0,100.0,0.0,inf,2022-08|2022-11|2025-04
0.1,4,CPI m/m|PPI m/m|Core PPI m/m|CPI y/y,Bad|Bad|Neutral|Neutral,1,0,1,0.0,100.0,0.0,2022-10
0.1,4,CPI m/m|PPI m/m|Core PPI m/m|CPI y/y,Neutral|Bad|Neutral|Bad,2,2,0,100.0,0.0,inf,2023-09|2024-03
0.1,4,CPI m/m|PPI m/m|Core PPI m/m|CPI y/y,Neutral|Neutral|Good|Neutral,1,0,1,0.0,100.0,0.0,2023-12
0.1,4,CPI m/m|PPI m/m|Core PPI m/m|CPI y/y,Good|Bad|Bad|Neutral,1,0,1,0.0,100.0,0.0,2024-05
0.1,4,CPI m/m|PPI m/m|Core PPI m/m|CPI y/y,Good|Neutral|Bad|Good,1,0,1,0.0,100.0,0.0,2024-07
0.1,4,CPI m/m|PPI m/m|Core PPI m/m|CPI y/y,Neutral|Neutral|Good|Good,2,2,0,100.0,0.0,inf,2024-08|2025-06
0.1,4,CPI m/m|PPI m/m|Core PPI m/m|CPI y/y,Neutral|Neutral|Neutral|Bad,1,1,0,100.0,0.0,inf,2024-10
0.1,4,CPI m/m|PPI m/m|Core PPI m/m|CPI y/y,Bad|Good|Good|Neutral,1,1,0,100.0,0.0,inf,2025-09
0.1,4,CPI m/m|PPI m/m|Core PPI m/m|CPI y/y,Neutral|Bad|Bad|Good,1,0,1,0.0,100.0,0.0,2026-02
0.2,4,CPI m/m|PPI m/m|Core PPI m/m|CPI y/y,Neutral|Good|Good|Neutral,10,8,2,80.0,20.0,4.0,2018-01|2018-09|2019-10|2023-03|2023-04|2024-06|2025-03|2025-04|2025-05|2025-09
0.2,4,CPI m/m|PPI m/m|Core PPI m/m|CPI y/y,Neutral|Neutral|Neutral|Neutral,35,23,12,65.7,34.3,1.92,2018-03|2018-04|2018-05|2018-06|2018-10|2018-12|2019-02|2019-05|2019-07|2020-09|2020-10|2020-12|2021-01|2021-03|2021-09|2022-01|2022-10|2023-05|2023-07|2023-08|2023-10|2023-12|2024-01|2024-04|2024-07|2024-08|2024-09|2024-10|2024-11|2024-12|2025-01|2025-02|2025-06|2025-07|2026-01
0.2,4,CPI m/m|PPI m/m|Core PPI m/m|CPI y/y,Neutral|Bad|Bad|Neutral,7,5,2,71.4,28.6,2.5,2018-11|2021-02|2021-04|2021-08|2021-12|2022-04|2025-08
0.2,4,CPI m/m|PPI m/m|Core PPI m/m|CPI y/y,Neutral|Neutral|Good|Neutral,4,4,0,100.0,0.0,inf,2019-08|2019-12|2021-10|2022-03
0.2,4,CPI m/m|PPI m/m|Core PPI m/m|CPI y/y,Neutral|Bad|Neutral|Neutral,3,3,0,100.0,0.0,inf,2020-06|2023-09|2024-03
0.2,4,CPI m/m|PPI m/m|Core PPI m/m|CPI y/y,Bad|Bad|Bad|Bad,2,2,0,100.0,0.0,inf,2021-05|2021-07
0.2,4,CPI m/m|PPI m/m|Core PPI m/m|CPI y/y,Neutral|Bad|Neutral|Bad,3,2,1,66.7,33.3,2.0,2021-06|2022-07|2023-02
0.2,4,CPI m/m|PPI m/m|Core PPI m/m|CPI y/y,Bad|Neutral|Neutral|Bad,2,2,0,100.0,0.0,inf,2021-11|2022-06
0.2,4,CPI m/m|PPI m/m|Core PPI m/m|CPI y/y,Neutral|Bad|Bad|Bad,1,1,0,100.0,0.0,inf,2022-02
0.2,4,CPI m/m|PPI m/m|Core PPI m/m|CPI y/y,Neutral|Neutral|Neutral|Bad,2,0,2,0.0,100.0,0.0,2022-05|2022-09
0.2,4,CPI m/m|PPI m/m|Core PPI m/m|CPI y/y,Neutral|Good|Neutral|Neutral,2,1,1,50.0,50.0,1.0,2022-08|2023-01
0.2,4,CPI m/m|PPI m/m|Core PPI m/m|CPI y/y,Neutral|Neutral|Good|Good,1,1,0,100.0,0.0,inf,2022-11
0.2,4,CPI m/m|PPI m/m|Core PPI m/m|CPI y/y,Neutral|Neutral|Bad|Bad,1,1,0,100.0,0.0,inf,2024-02
0.2,4,CPI m/m|PPI m/m|Core PPI m/m|CPI y/y,Neutral|Neutral|Bad|Neutral,2,0,2,0.0,100.0,0.0,2024-05|2026-02
0.3,4,CPI m/m|PPI m/m|Core PPI m/m|CPI y/y,Neutral|Good|Good|Neutral,8,7,1,87.5,12.5,7.0,2018-01|2018-09|2019-10|2023-03|2023-04|2025-04|2025-05|2025-09
0.3,4,CPI m/m|PPI m/m|Core PPI m/m|CPI y/y,Neutral|Neutral|Neutral|Neutral,43,27,16,62.8,37.2,1.69,2018-03|2018-04|2018-05|2018-06|2018-10|2018-12|2019-02|2019-05|2019-07|2020-09|2020-10|2020-12|2021-01|2021-03|2021-09|2021-10|2022-01|2022-05|2022-09|2022-10|2022-11|2023-02|2023-05|2023-07|2023-08|2023-09|2023-10|2023-12|2024-01|2024-03|2024-04|2024-05|2024-07|2024-08|2024-09|2024-10|2024-11|2024-12|2025-01|2025-02|2025-06|2025-07|2026-01
0.3,4,CPI m/m|PPI m/m|Core PPI m/m|CPI y/y,Neutral|Bad|Neutral|Neutral,4,3,1,75.0,25.0,3.0,2018-11|2020-06|2021-06|2021-12
0.3,4,CPI m/m|PPI m/m|Core PPI m/m|CPI y/y,Neutral|Neutral|Good|Neutral,4,3,1,75.0,25.0,3.0,2019-08|2019-12|2022-03|2025-03
0.3,4,CPI m/m|PPI m/m|Core PPI m/m|CPI y/y,Neutral|Bad|Bad|Neutral,5,5,0,100.0,0.0,inf,2021-02|2021-04|2021-08|2022-02|2025-08
0.3,4,CPI m/m|PPI m/m|Core PPI m/m|CPI y/y,Bad|Neutral|Neutral|Bad,1,1,0,100.0,0.0,inf,2021-05
0.3,4,CPI m/m|PPI m/m|Core PPI m/m|CPI y/y,Bad|Bad|Bad|Bad,1,1,0,100.0,0.0,inf,2021-07
0.3,4,CPI m/m|PPI m/m|Core PPI m/m|CPI y/y,Bad|Neutral|Neutral|Neutral,2,2,0,100.0,0.0,inf,2021-11|2022-06
0.3,4,CPI m/m|PPI m/m|Core PPI m/m|CPI y/y,Neutral|Neutral|Bad|Neutral,3,1,2,33.3,66.7,0.5,2022-04|2024-02|2026-02
0.3,4,CPI m/m|PPI m/m|Core PPI m/m|CPI y/y,Neutral|Bad|Neutral|Bad,1,1,0,100.0,0.0,inf,2022-07
0.3,4,CPI m/m|PPI m/m|Core PPI m/m|CPI y/y,Neutral|Good|Neutral|Neutral,3,2,1,66.7,33.3,2.0,2022-08|2023-01|2024-06
0.0,4,CPI m/m|PPI m/m|FOMC|CPI y/y,Neutral|Good|Neutral|Neutral,2,1,1,50.0,50.0,1.0,2023-03|2025-01
0.0,4,CPI m/m|PPI m/m|FOMC|CPI y/y,Neutral|Good|Neutral|Good,1,1,0,100.0,0.0,inf,2023-05
0.0,4,CPI m/m|PPI m/m|FOMC|CPI y/y,Good|Good|Neutral|Good,2,1,1,50.0,50.0,1.0,2023-07|2024-06
0.0,4,CPI m/m|PPI m/m|FOMC|CPI y/y,Neutral|Bad|Neutral|Bad,1,1,0,100.0,0.0,inf,2023-09
0.0,4,CPI m/m|PPI m/m|FOMC|CPI y/y,Bad|Neutral|Neutral|Neutral,1,0,1,0.0,100.0,0.0,2023-12
0.0,4,CPI m/m|PPI m/m|FOMC|CPI y/y,Good|Bad|Neutral|Good,1,0,1,0.0,100.0,0.0,2024-07
0.0,4,CPI m/m|PPI m/m|FOMC|CPI y/y,Neutral|Bad|Good|Neutral,1,0,1,0.0,100.0,0.0,2024-09
0.0,4,CPI m/m|PPI m/m|FOMC|CPI y/y,Neutral|Neutral|Neutral|Neutral,1,0,1,0.0,100.0,0.0,2024-11
0.0,4,CPI m/m|PPI m/m|FOMC|CPI y/y,Neutral|Bad|Neutral|Neutral,1,0,1,0.0,100.0,0.0,2024-12
0.1,4,CPI m/m|PPI m/m|FOMC|CPI y/y,Neutral|Good|Neutral|Neutral,2,1,1,50.0,50.0,1.0,2023-03|2025-01
0.1,4,CPI m/m|PPI m/m|FOMC|CPI y/y,Neutral|Neutral|Neutral|Neutral,3,1,2,33.3,66.7,0.5,2023-05|2023-12|2024-11
0.1,4,CPI m/m|PPI m/m|FOMC|CPI y/y,Neutral|Neutral|Neutral|Good,1,0,1,0.0,100.0,0.0,2023-07
0.1,4,CPI m/m|PPI m/m|FOMC|CPI y/y,Neutral|Bad|Neutral|Bad,1,1,0,100.0,0.0,inf,2023-09
0.1,4,CPI m/m|PPI m/m|FOMC|CPI y/y,Neutral|Good|Neutral|Good,1,1,0,100.0,0.0,inf,2024-06
0.1,4,CPI m/m|PPI m/m|FOMC|CPI y/y,Good|Neutral|Neutral|Good,1,0,1,0.0,100.0,0.0,2024-07
0.1,4,CPI m/m|PPI m/m|FOMC|CPI y/y,Neutral|Neutral|Good|Neutral,1,0,1,0.0,100.0,0.0,2024-09
0.1,4,CPI m/m|PPI m/m|FOMC|CPI y/y,Neutral|Bad|Neutral|Neutral,1,0,1,0.0,100.0,0.0,2024-12
0.2,4,CPI m/m|PPI m/m|FOMC|CPI y/y,Neutral|Good|Neutral|Neutral,2,2,0,100.0,0.0,inf,2023-03|2024-06
0.2,4,CPI m/m|PPI m/m|FOMC|CPI y/y,Neutral|Neutral|Neutral|Neutral,7,1,6,14.3,85.7,0.17,2023-05|2023-07|2023-12|2024-07|2024-11|2024-12|2025-01
0.2,4,CPI m/m|PPI m/m|FOMC|CPI y/y,Neutral|Bad|Neutral|Neutral,1,1,0,100.0,0.0,inf,2023-09
0.2,4,CPI m/m|PPI m/m|FOMC|CPI y/y,Neutral|Neutral|Good|Neutral,1,0,1,0.0,100.0,0.0,2024-09
0.3,4,CPI m/m|PPI m/m|FOMC|CPI y/y,Neutral|Good|Neutral|Neutral,2,2,0,100.0,0.0,inf,2023-03|2024-06
0.3,4,CPI m/m|PPI m/m|FOMC|CPI y/y,Neutral|Neutral|Neutral|Neutral,9,2,7,22.2,77.8,0.29,2023-05|2023-07|2023-09|2023-12|2024-07|2024-09|2024-11|2024-12|2025-01
0.0,4,CPI m/m|Core PPI m/m|FOMC|CPI y/y,Neutral|Good|Neutral|Neutral,2,1,1,50.0,50.0,1.0,2023-03|2025-01
0.0,4,CPI m/m|Core PPI m/m|FOMC|CPI y/y,Neutral|Neutral|Neutral|Good,1,1,0,100.0,0.0,inf,2023-05
0.0,4,CPI m/m|Core PPI m/m|FOMC|CPI y/y,Good|Good|Neutral|Good,2,1,1,50.0,50.0,1.0,2023-07|2024-06
0.0,4,CPI m/m|Core PPI m/m|FOMC|CPI y/y,Neutral|Neutral|Neutral|Bad,1,1,0,100.0,0.0,inf,2023-09
0.0,4,CPI m/m|Core PPI m/m|FOMC|CPI y/y,Bad|Good|Neutral|Neutral,1,0,1,0.0,100.0,0.0,2023-12
0.0,4,CPI m/m|Core PPI m/m|FOMC|CPI y/y,Good|Bad|Neutral|Good,1,0,1,0.0,100.0,0.0,2024-07
0.0,4,CPI m/m|Core PPI m/m|FOMC|CPI y/y,Neutral|Bad|Good|Neutral,1,0,1,0.0,100.0,0.0,2024-09
0.0,4,CPI m/m|Core PPI m/m|FOMC|CPI y/y,Neutral|Neutral|Neutral|Neutral,2,0,2,0.0,100.0,0.0,2024-11|2024-12
0.1,4,CPI m/m|Core PPI m/m|FOMC|CPI y/y,Neutral|Good|Neutral|Neutral,3,1,2,33.3,66.7,0.5,2023-03|2023-12|2025-01
0.1,4,CPI m/m|Core PPI m/m|FOMC|CPI y/y,Neutral|Neutral|Neutral|Neutral,3,1,2,33.3,66.7,0.5,2023-05|2024-11|2024-12
0.1,4,CPI m/m|Core PPI m/m|FOMC|CPI y/y,Neutral|Neutral|Neutral|Good,1,0,1,0.0,100.0,0.0,2023-07
0.1,4,CPI m/m|Core PPI m/m|FOMC|CPI y/y,Neutral|Neutral|Neutral|Bad,1,1,0,100.0,0.0,inf,2023-09
0.1,4,CPI m/m|Core PPI m/m|FOMC|CPI y/y,Neutral|Good|Neutral|Good,1,1,0,100.0,0.0,inf,2024-06
0.1,4,CPI m/m|Core PPI m/m|FOMC|CPI y/y,Good|Bad|Neutral|Good,1,0,1,0.0,100.0,0.0,2024-07
0.1,4,CPI m/m|Core PPI m/m|FOMC|CPI y/y,Neutral|Neutral|Good|Neutral,1,0,1,0.0,100.0,0.0,2024-09
0.2,4,CPI m/m|Core PPI m/m|FOMC|CPI y/y,Neutral|Good|Neutral|Neutral,2,2,0,100.0,0.0,inf,2023-03|2024-06
0.2,4,CPI m/m|Core PPI m/m|FOMC|CPI y/y,Neutral|Neutral|Neutral|Neutral,8,2,6,25.0,75.0,0.33,2023-05|2023-07|2023-09|2023-12|2024-07|2024-11|2024-12|2025-01
0.2,4,CPI m/m|Core PPI m/m|FOMC|CPI y/y,Neutral|Neutral|Good|Neutral,1,0,1,0.0,100.0,0.0,2024-09
0.3,4,CPI m/m|Core PPI m/m|FOMC|CPI y/y,Neutral|Good|Neutral|Neutral,1,1,0,100.0,0.0,inf,2023-03
0.3,4,CPI m/m|Core PPI m/m|FOMC|CPI y/y,Neutral|Neutral|Neutral|Neutral,10,3,7,30.0,70.0,0.43,2023-05|2023-07|2023-09|2023-12|2024-06|2024-07|2024-09|2024-11|2024-12|2025-01
0.0,4,Core CPI m/m|PPI m/m|Core PPI m/m|FOMC,Bad|Good|Good|Neutral,1,1,0,100.0,0.0,inf,2023-03
0.0,4,Core CPI m/m|PPI m/m|Core PPI m/m|FOMC,Bad|Good|Neutral|Neutral,1,1,0,100.0,0.0,inf,2023-05
0.0,4,Core CPI m/m|PPI m/m|Core PPI m/m|FOMC,Good|Good|Good|Neutral,3,1,2,33.3,66.7,0.5,2023-07|2024-06|2025-01
0.0,4,Core CPI m/m|PPI m/m|Core PPI m/m|FOMC,Bad|Bad|Neutral|Neutral,1,1,0,100.0,0.0,inf,2023-09
0.0,4,Core CPI m/m|PPI m/m|Core PPI m/m|FOMC,Neutral|Neutral|Good|Neutral,1,0,1,0.0,100.0,0.0,2023-12
0.0,4,Core CPI m/m|PPI m/m|Core PPI m/m|FOMC,Good|Bad|Bad|Neutral,1,0,1,0.0,100.0,0.0,2024-07
0.0,4,Core CPI m/m|PPI m/m|Core PPI m/m|FOMC,Bad|Bad|Bad|Good,1,0,1,0.0,100.0,0.0,2024-09
0.0,4,Core CPI m/m|PPI m/m|Core PPI m/m|FOMC,Neutral|Neutral|Neutral|Neutral,1,0,1,0.0,100.0,0.0,2024-11
0.0,4,Core CPI m/m|PPI m/m|Core PPI m/m|FOMC,Neutral|Bad|Neutral|Neutral,1,0,1,0.0,100.0,0.0,2024-12
0.1,4,Core CPI m/m|PPI m/m|Core PPI m/m|FOMC,Neutral|Good|Good|Neutral,3,2,1,66.7,33.3,2.0,2023-03|2024-06|2025-01
0.1,4,Core CPI m/m|PPI m/m|Core PPI m/m|FOMC,Bad|Neutral|Neutral|Neutral,1,1,0,100.0,0.0,inf,2023-05
0.1,4,Core CPI m/m|PPI m/m|Core PPI m/m|FOMC,Neutral|Neutral|Neutral|Neutral,2,0,2,0.0,100.0,0.0,2023-07|2024-11
0.1,4,Core CPI m/m|PPI m/m|Core PPI m/m|FOMC,Neutral|Bad|Neutral|Neutral,2,1,1,50.0,50.0,1.0,2023-09|2024-12
0.1,4,Core CPI m/m|PPI m/m|Core PPI m/m|FOMC,Neutral|Neutral|Good|Neutral,1,0,1,0.0,100.0,0.0,2023-12
0.1,4,Core CPI m/m|PPI m/m|Core PPI m/m|FOMC,Neutral|Neutral|Bad|Neutral,1,0,1,0.0,100.0,0.0,2024-07
0.1,4,Core CPI m/m|PPI m/m|Core PPI m/m|FOMC,Neutral|Neutral|Neutral|Good,1,0,1,0.0,100.0,0.0,2024-09
0.2,4,Core CPI m/m|PPI m/m|Core PPI m/m|FOMC,Neutral|Good|Good|Neutral,2,2,0,100.0,0.0,inf,2023-03|2024-06
0.2,4,Core CPI m/m|PPI m/m|Core PPI m/m|FOMC,Neutral|Neutral|Neutral|Neutral,7,1,6,14.3,85.7,0.17,2023-05|2023-07|2023-12|2024-07|2024-11|2024-12|2025-01
0.2,4,Core CPI m/m|PPI m/m|Core PPI m/m|FOMC,Neutral|Bad|Neutral|Neutral,1,1,0,100.0,0.0,inf,2023-09
0.2,4,Core CPI m/m|PPI m/m|Core PPI m/m|FOMC,Neutral|Neutral|Neutral|Good,1,0,1,0.0,100.0,0.0,2024-09
0.3,4,Core CPI m/m|PPI m/m|Core PPI m/m|FOMC,Neutral|Good|Good|Neutral,1,1,0,100.0,0.0,inf,2023-03
0.3,4,Core CPI m/m|PPI m/m|Core PPI m/m|FOMC,Neutral|Neutral|Neutral|Neutral,9,2,7,22.2,77.8,0.29,2023-05|2023-07|2023-09|2023-12|2024-07|2024-09|2024-11|2024-12|2025-01
0.3,4,Core CPI m/m|PPI m/m|Core PPI m/m|FOMC,Neutral|Good|Neutral|Neutral,1,1,0,100.0,0.0,inf,2024-06
0.0,4,Core CPI m/m|PPI m/m|Core PPI m/m|CPI y/y,Bad|Good|Good|Neutral,2,2,0,100.0,0.0,inf,2018-01|2023-03
0.0,4,Core CPI m/m|PPI m/m|Core PPI m/m|CPI y/y,Neutral|Bad|Neutral|Neutral,2,1,1,50.0,50.0,1.0,2018-03|2024-12
0.0,4,Core CPI m/m|PPI m/m|Core PPI m/m|CPI y/y,Neutral|Bad|Bad|Neutral,6,3,3,50.0,50.0,1.0,2018-04|2018-11|2018-12|2020-10|2021-12|2024-05
0.0,4,Core CPI m/m|PPI m/m|Core PPI m/m|CPI y/y,Good|Good|Neutral|Neutral,1,1,0,100.0,0.0,inf,2018-05
0.0,4,Core CPI m/m|PPI m/m|Core PPI m/m|CPI y/y,Bad|Bad|Bad|Neutral,2,1,1,50.0,50.0,1.0,2018-06|2024-09
0.0,4,Core CPI m/m|PPI m/m|Core PPI m/m|CPI y/y,Good|Good|Good|Good,10,7,3,70.0,30.0,2.33,2018-09|2019-10|2022-08|2022-11|2023-07|2024-06|2025-03|2025-04|2025-05|2025-06
0.0,4,Core CPI m/m|PPI m/m|Core PPI m/m|CPI y/y,Good|Neutral|Neutral|Good,1,0,1,0.0,100.0,0.0,2018-10
0.0,4,Core CPI m/m|PPI m/m|Core PPI m/m|CPI y/y,Neutral|Good|Bad|Bad,1,1,0,100.0,0.0,inf,2019-02
0.0,4,Core CPI m/m|PPI m/m|Core PPI m/m|CPI y/y,Good|Neutral|Good|Good,1,1,0,100.0,0.0,inf,2019-05
0.0,4,Core CPI m/m|PPI m/m|Core PPI m/m|CPI y/y,Bad|Neutral|Bad|Neutral,1,1,0,100.0,0.0,inf,2019-07
0.0,4,Core CPI m/m|PPI m/m|Core PPI m/m|CPI y/y,Bad|Neutral|Good|Bad,4,3,1,75.0,25.0,3.0,2019-08|2021-11|2022-05|2022-06
0.0,4,Core CPI m/m|PPI m/m|Core PPI m/m|CPI y/y,Neutral|Good|Good|Bad,3,3,0,100.0,0.0,inf,2019-12|2021-10|2024-01
0.0,4,Core CPI m/m|PPI m/m|Core PPI m/m|CPI y/y,Good|Bad|Neutral|Good,1,1,0,100.0,0.0,inf,2020-06
0.0,4,Core CPI m/m|PPI m/m|Core PPI m/m|CPI y/y,Bad|Bad|Bad|Bad,8,8,0,100.0,0.0,inf,2020-09|2021-04|2021-05|2021-06|2021-07|2022-02|2024-02|2024-03
0.0,4,Core CPI m/m|PPI m/m|Core PPI m/m|CPI y/y,Bad|Neutral|Good|Neutral,1,1,0,100.0,0.0,inf,2020-12
0.0,4,Core CPI m/m|PPI m/m|Core PPI m/m|CPI y/y,Neutral|Good|Neutral|Neutral,2,0,2,0.0,100.0,0.0,2021-01|2023-01
0.0,4,Core CPI m/m|PPI m/m|Core PPI m/m|CPI y/y,Good|Bad|Bad|Neutral,3,2,1,66.7,33.3,2.0,2021-02|2021-09|2026-01
0.0,4,Core CPI m/m|PPI m/m|Core PPI m/m|CPI y/y,Good|Bad|Neutral|Neutral,1,1,0,100.0,0.0,inf,2021-03
0.0,4,Core CPI m/m|PPI m/m|Core PPI m/m|CPI y/y,Good|Bad|Bad|Bad,2,1,1,50.0,50.0,1.0,2021-08|2022-04
0.0,4,Core CPI m/m|PPI m/m|Core PPI m/m|CPI y/y,Bad|Good|Neutral|Neutral,1,1,0,100.0,0.0,inf,2022-01
0.0,4,Core CPI m/m|PPI m/m|Core PPI m/m|CPI y/y,Neutral|Good|Good|Neutral,2,2,0,100.0,0.0,inf,2022-03|2025-09
0.0,4,Core CPI m/m|PPI m/m|Core PPI m/m|CPI y/y,Bad|Bad|Good|Bad,1,1,0,100.0,0.0,inf,2022-07
0.0,4,Core CPI m/m|PPI m/m|Core PPI m/m|CPI y/y,Bad|Neutral|Bad|Bad,1,0,1,0.0,100.0,0.0,2022-09
0.0,4,Core CPI m/m|PPI m/m|Core PPI m/m|CPI y/y,Bad|Bad|Neutral|Bad,3,2,1,66.7,33.3,2.0,2022-10|2023-09|2025-02
0.0,4,Core CPI m/m|PPI m/m|Core PPI m/m|CPI y/y,Neutral|Bad|Bad|Bad,2,1,1,50.0,50.0,1.0,2023-02|2023-10
0.0,4,Core CPI m/m|PPI m/m|Core PPI m/m|CPI y/y,Neutral|Good|Good|Good,2,2,0,100.0,0.0,inf,2023-04|2024-08
0.0,4,Core CPI m/m|PPI m/m|Core PPI m/m|CPI y/y,Bad|Good|Neutral|Good,1,1,0,100.0,0.0,inf,2023-05
0.0,4,Core CPI m/m|PPI m/m|Core PPI m/m|CPI y/y,Neutral|Bad|Bad|Good,3,2,1,66.7,33.3,2.0,2023-08|2025-08|2026-02
0.0,4,Core CPI m/m|PPI m/m|Core PPI m/m|CPI y/y,Neutral|Neutral|Good|Neutral,1,0,1,0.0,100.0,0.0,2023-12
0.0,4,Core CPI m/m|PPI m/m|Core PPI m/m|CPI y/y,Bad|Good|Neutral|Bad,2,2,0,100.0,0.0,inf,2024-04|2024-10
0.0,4,Core CPI m/m|PPI m/m|Core PPI m/m|CPI y/y,Good|Bad|Bad|Good,1,0,1,0.0,100.0,0.0,2024-07
0.0,4,Core CPI m/m|PPI m/m|Core PPI m/m|CPI y/y,Neutral|Neutral|Neutral|Neutral,1,0,1,0.0,100.0,0.0,2024-11
0.0,4,Core CPI m/m|PPI m/m|Core PPI m/m|CPI y/y,Good|Good|Good|Neutral,1,0,1,0.0,100.0,0.0,2025-01
0.0,4,Core CPI m/m|PPI m/m|Core PPI m/m|CPI y/y,Good|Good|Good|Bad,1,1,0,100.0,0.0,inf,2025-07
0.1,4,Core CPI m/m|PPI m/m|Core PPI m/m|CPI y/y,Neutral|Good|Good|Neutral,7,6,1,85.7,14.3,6.0,2018-01|2018-09|2022-03|2023-03|2023-04|2025-01|2025-09
0.1,4,Core CPI m/m|PPI m/m|Core PPI m/m|CPI y/y,Neutral|Neutral|Neutral|Neutral,8,6,2,75.0,25.0,3.0,2018-03|2018-05|2019-07|2020-12|2021-03|2023-08|2024-09|2024-11
0.1,4,Core CPI m/m|PPI m/m|Core PPI m/m|CPI y/y,Neutral|Bad|Neutral|Neutral,3,2,1,66.7,33.3,2.0,2018-04|2018-06|2024-12
0.1,4,Core CPI m/m|PPI m/m|Core PPI m/m|CPI y/y,Neutral|Neutral|Neutral|Good,3,1,2,33.3,66.7,0.5,2018-10|2019-05|2023-07
0.1,4,Core CPI m/m|PPI m/m|Core PPI m/m|CPI y/y,Neutral|Bad|Bad|Neutral,6,2,4,33.3,66.7,0.5,2018-11|2020-10|2021-12|2024-05|2025-08|2026-01
0.1,4,Core CPI m/m|PPI m/m|Core PPI m/m|CPI y/y,Neutral|Neutral|Bad|Neutral,1,1,0,100.0,0.0,inf,2018-12
0.1,4,Core CPI m/m|PPI m/m|Core PPI m/m|CPI y/y,Neutral|Good|Neutral|Bad,1,1,0,100.0,0.0,inf,2019-02
0.1,4,Core CPI m/m|PPI m/m|Core PPI m/m|CPI y/y,Neutral|Neutral|Good|Bad,2,2,0,100.0,0.0,inf,2019-08|2021-10
0.1,4,Core CPI m/m|PPI m/m|Core PPI m/m|CPI y/y,Neutral|Good|Good|Good,4,2,2,50.0,50.0,1.0,2019-10|2024-06|2025-03|2025-05
0.1,4,Core CPI m/m|PPI m/m|Core PPI m/m|CPI y/y,Neutral|Good|Good|Bad,3,3,0,100.0,0.0,inf,2019-12|2024-01|2025-07
0.1,4,Core CPI m/m|PPI m/m|Core PPI m/m|CPI y/y,Neutral|Bad|Neutral|Good,1,1,0,100.0,0.0,inf,2020-06
0.1,4,Core CPI m/m|PPI m/m|Core PPI m/m|CPI y/y,Bad|Neutral|Bad|Bad,2,1,1,50.0,50.0,1.0,2020-09|2022-09
0.1,4,Core CPI m/m|PPI m/m|Core PPI m/m|CPI y/y,Neutral|Good|Neutral|Neutral,3,1,2,33.3,66.7,0.5,2021-01|2022-01|2023-01
0.1,4,Core CPI m/m|PPI m/m|Core PPI m/m|CPI y/y,Good|Bad|Bad|Neutral,2,1,1,50.0,50.0,1.0,2021-02|2022-04
0.1,4,Core CPI m/m|PPI m/m|Core PPI m/m|CPI y/y,Neutral|Bad|Bad|Bad,3,2,1,66.7,33.3,2.0,2021-04|2022-02|2023-02
0.1,4,Core CPI m/m|PPI m/m|Core PPI m/m|CPI y/y,Bad|Bad|Bad|Bad,4,4,0,100.0,0.0,inf,2021-05|2021-06|2021-07|2024-02
0.1,4,Core CPI m/m|PPI m/m|Core PPI m/m|CPI y/y,Good|Bad|Bad|Bad,1,1,0,100.0,0.0,inf,2021-08
0.1,4,Core CPI m/m|PPI m/m|Core PPI m/m|CPI y/y,Good|Neutral|Neutral|Neutral,1,1,0,100.0,0.0,inf,2021-09
0.1,4,Core CPI m/m|PPI m/m|Core PPI m/m|CPI y/y,Bad|Neutral|Neutral|Bad,2,2,0,100.0,0.0,inf,2021-11|2024-04
0.1,4,Core CPI m/m|PPI m/m|Core PPI m/m|CPI y/y,Bad|Neutral|Good|Bad,1,0,1,0.0,100.0,0.0,2022-05
0.1,4,Core CPI m/m|PPI m/m|Core PPI m/m|CPI y/y,Neutral|Neutral|Neutral|Bad,2,2,0,100.0,0.0,inf,2022-06|2024-10
0.1,4,Core CPI m/m|PPI m/m|Core PPI m/m|CPI y/y,Bad|Bad|Neutral|Bad,3,3,0,100.0,0.0,inf,2022-07|2024-03|2025-02
0.1,4,Core CPI m/m|PPI m/m|Core PPI m/m|CPI y/y,Good|Good|Good|Good,3,3,0,100.0,0.0,inf,2022-08|2022-11|2025-04
0.1,4,Core CPI m/m|PPI m/m|Core PPI m/m|CPI y/y,Bad|Bad|Neutral|Neutral,1,0,1,0.0,100.0,0.0,2022-10
0.1,4,Core CPI m/m|PPI m/m|Core PPI m/m|CPI y/y,Bad|Neutral|Neutral|Neutral,1,1,0,100.0,0.0,inf,2023-05
0.1,4,Core CPI m/m|PPI m/m|Core PPI m/m|CPI y/y,Neutral|Bad|Neutral|Bad,2,2,0,100.0,0.0,inf,2023-09|2023-10
0.1,4,Core CPI m/m|PPI m/m|Core PPI m/m|CPI y/y,Neutral|Neutral|Good|Neutral,1,0,1,0.0,100.0,0.0,2023-12
0.1,4,Core CPI m/m|PPI m/m|Core PPI m/m|CPI y/y,Neutral|Neutral|Bad|Good,1,0,1,0.0,100.0,0.0,2024-07
0.1,4,Core CPI m/m|PPI m/m|Core PPI m/m|CPI y/y,Neutral|Neutral|Good|Good,1,1,0,100.0,0.0,inf,2024-08
0.1,4,Core CPI m/m|PPI m/m|Core PPI m/m|CPI y/y,Good|Neutral|Good|Good,1,1,0,100.0,0.0,inf,2025-06
0.1,4,Core CPI m/m|PPI m/m|Core PPI m/m|CPI y/y,Neutral|Bad|Bad|Good,1,0,1,0.0,100.0,0.0,2026-02
0.2,4,Core CPI m/m|PPI m/m|Core PPI m/m|CPI y/y,Neutral|Good|Good|Neutral,10,8,2,80.0,20.0,4.0,2018-01|2018-09|2019-10|2023-03|2023-04|2024-06|2025-03|2025-04|2025-05|2025-09
0.2,4,Core CPI m/m|PPI m/m|Core PPI m/m|CPI y/y,Neutral|Neutral|Neutral|Neutral,35,23,12,65.7,34.3,1.92,2018-03|2018-04|2018-05|2018-06|2018-10|2018-12|2019-02|2019-05|2019-07|2020-09|2020-10|2020-12|2021-01|2021-03|2021-09|2022-01|2022-10|2023-05|2023-07|2023-08|2023-10|2023-12|2024-01|2024-04|2024-07|2024-08|2024-09|2024-10|2024-11|2024-12|2025-01|2025-02|2025-06|2025-07|2026-01
0.2,4,Core CPI m/m|PPI m/m|Core PPI m/m|CPI y/y,Neutral|Bad|Bad|Neutral,7,5,2,71.4,28.6,2.5,2018-11|2021-02|2021-04|2021-08|2021-12|2022-04|2025-08
0.2,4,Core CPI m/m|PPI m/m|Core PPI m/m|CPI y/y,Neutral|Neutral|Good|Neutral,4,4,0,100.0,0.0,inf,2019-08|2019-12|2021-10|2022-03
0.2,4,Core CPI m/m|PPI m/m|Core PPI m/m|CPI y/y,Neutral|Bad|Neutral|Neutral,3,3,0,100.0,0.0,inf,2020-06|2023-09|2024-03
0.2,4,Core CPI m/m|PPI m/m|Core PPI m/m|CPI y/y,Bad|Bad|Bad|Bad,2,2,0,100.0,0.0,inf,2021-05|2021-07
0.2,4,Core CPI m/m|PPI m/m|Core PPI m/m|CPI y/y,Neutral|Bad|Neutral|Bad,3,2,1,66.7,33.3,2.0,2021-06|2022-07|2023-02
0.2,4,Core CPI m/m|PPI m/m|Core PPI m/m|CPI y/y,Neutral|Neutral|Neutral|Bad,3,2,1,66.7,33.3,2.0,2021-11|2022-05|2022-06
0.2,4,Core CPI m/m|PPI m/m|Core PPI m/m|CPI y/y,Neutral|Bad|Bad|Bad,1,1,0,100.0,0.0,inf,2022-02
0.2,4,Core CPI m/m|PPI m/m|Core PPI m/m|CPI y/y,Neutral|Good|Neutral|Neutral,2,1,1,50.0,50.0,1.0,2022-08|2023-01
0.2,4,Core CPI m/m|PPI m/m|Core PPI m/m|CPI y/y,Bad|Neutral|Neutral|Bad,1,0,1,0.0,100.0,0.0,2022-09
0.2,4,Core CPI m/m|PPI m/m|Core PPI m/m|CPI y/y,Neutral|Neutral|Good|Good,1,1,0,100.0,0.0,inf,2022-11
0.2,4,Core CPI m/m|PPI m/m|Core PPI m/m|CPI y/y,Neutral|Neutral|Bad|Bad,1,1,0,100.0,0.0,inf,2024-02
0.2,4,Core CPI m/m|PPI m/m|Core PPI m/m|CPI y/y,Neutral|Neutral|Bad|Neutral,2,0,2,0.0,100.0,0.0,2024-05|2026-02
0.3,4,Core CPI m/m|PPI m/m|Core PPI m/m|CPI y/y,Neutral|Good|Good|Neutral,8,7,1,87.5,12.5,7.0,2018-01|2018-09|2019-10|2023-03|2023-04|2025-04|2025-05|2025-09
0.3,4,Core CPI m/m|PPI m/m|Core PPI m/m|CPI y/y,Neutral|Neutral|Neutral|Neutral,45,29,16,64.4,35.6,1.81,2018-03|2018-04|2018-05|2018-06|2018-10|2018-12|2019-02|2019-05|2019-07|2020-09|2020-10|2020-12|2021-01|2021-03|2021-09|2021-10|2021-11|2022-01|2022-05|2022-06|2022-09|2022-10|2022-11|2023-02|2023-05|2023-07|2023-08|2023-09|2023-10|2023-12|2024-01|2024-03|2024-04|2024-05|2024-07|2024-08|2024-09|2024-10|2024-11|2024-12|2025-01|2025-02|2025-06|2025-07|2026-01
0.3,4,Core CPI m/m|PPI m/m|Core PPI m/m|CPI y/y,Neutral|Bad|Neutral|Neutral,4,3,1,75.0,25.0,3.0,2018-11|2020-06|2021-06|2021-12
0.3,4,Core CPI m/m|PPI m/m|Core PPI m/m|CPI y/y,Neutral|Neutral|Good|Neutral,4,3,1,75.0,25.0,3.0,2019-08|2019-12|2022-03|2025-03
0.3,4,Core CPI m/m|PPI m/m|Core PPI m/m|CPI y/y,Neutral|Bad|Bad|Neutral,5,5,0,100.0,0.0,inf,2021-02|2021-04|2021-08|2022-02|2025-08
0.3,4,Core CPI m/m|PPI m/m|Core PPI m/m|CPI y/y,Bad|Neutral|Neutral|Bad,1,1,0,100.0,0.0,inf,2021-05
0.3,4,Core CPI m/m|PPI m/m|Core PPI m/m|CPI y/y,Bad|Bad|Bad|Bad,1,1,0,100.0,0.0,inf,2021-07
0.3,4,Core CPI m/m|PPI m/m|Core PPI m/m|CPI y/y,Neutral|Neutral|Bad|Neutral,3,1,2,33.3,66.7,0.5,2022-04|2024-02|2026-02
0.3,4,Core CPI m/m|PPI m/m|Core PPI m/m|CPI y/y,Neutral|Bad|Neutral|Bad,1,1,0,100.0,0.0,inf,2022-07
0.3,4,Core CPI m/m|PPI m/m|Core PPI m/m|CPI y/y,Neutral|Good|Neutral|Neutral,3,2,1,66.7,33.3,2.0,2022-08|2023-01|2024-06
0.0,4,Core CPI m/m|PPI m/m|FOMC|CPI y/y,Bad|Good|Neutral|Neutral,1,1,0,100.0,0.0,inf,2023-03
0.0,4,Core CPI m/m|PPI m/m|FOMC|CPI y/y,Bad|Good|Neutral|Good,1,1,0,100.0,0.0,inf,2023-05
0.0,4,Core CPI m/m|PPI m/m|FOMC|CPI y/y,Good|Good|Neutral|Good,2,1,1,50.0,50.0,1.0,2023-07|2024-06
0.0,4,Core CPI m/m|PPI m/m|FOMC|CPI y/y,Bad|Bad|Neutral|Bad,1,1,0,100.0,0.0,inf,2023-09
0.0,4,Core CPI m/m|PPI m/m|FOMC|CPI y/y,Neutral|Neutral|Neutral|Neutral,2,0,2,0.0,100.0,0.0,2023-12|2024-11
0.0,4,Core CPI m/m|PPI m/m|FOMC|CPI y/y,Good|Bad|Neutral|Good,1,0,1,0.0,100.0,0.0,2024-07
0.0,4,Core CPI m/m|PPI m/m|FOMC|CPI y/y,Bad|Bad|Good|Neutral,1,0,1,0.0,100.0,0.0,2024-09
0.0,4,Core CPI m/m|PPI m/m|FOMC|CPI y/y,Neutral|Bad|Neutral|Neutral,1,0,1,0.0,100.0,0.0,2024-12
0.0,4,Core CPI m/m|PPI m/m|FOMC|CPI y/y,Good|Good|Neutral|Neutral,1,0,1,0.0,100.0,0.0,2025-01
0.1,4,Core CPI m/m|PPI m/m|FOMC|CPI y/y,Neutral|Good|Neutral|Neutral,2,1,1,50.0,50.0,1.0,2023-03|2025-01
0.1,4,Core CPI m/m|PPI m/m|FOMC|CPI y/y,Bad|Neutral|Neutral|Neutral,1,1,0,100.0,0.0,inf,2023-05
0.1,4,Core CPI m/m|PPI m/m|FOMC|CPI y/y,Neutral|Neutral|Neutral|Good,2,0,2,0.0,100.0,0.0,2023-07|2024-07
0.1,4,Core CPI m/m|PPI m/m|FOMC|CPI y/y,Neutral|Bad|Neutral|Bad,1,1,0,100.0,0.0,inf,2023-09
0.1,4,Core CPI m/m|PPI m/m|FOMC|CPI y/y,Neutral|Neutral|Neutral|Neutral,2,0,2,0.0,100.0,0.0,2023-12|2024-11
0.1,4,Core CPI m/m|PPI m/m|FOMC|CPI y/y,Neutral|Good|Neutral|Good,1,1,0,100.0,0.0,inf,2024-06
0.1,4,Core CPI m/m|PPI m/m|FOMC|CPI y/y,Neutral|Neutral|Good|Neutral,1,0,1,0.0,100.0,0.0,2024-09
0.1,4,Core CPI m/m|PPI m/m|FOMC|CPI y/y,Neutral|Bad|Neutral|Neutral,1,0,1,0.0,100.0,0.0,2024-12
0.2,4,Core CPI m/m|PPI m/m|FOMC|CPI y/y,Neutral|Good|Neutral|Neutral,2,2,0,100.0,0.0,inf,2023-03|2024-06
0.2,4,Core CPI m/m|PPI m/m|FOMC|CPI y/y,Neutral|Neutral|Neutral|Neutral,7,1,6,14.3,85.7,0.17,2023-05|2023-07|2023-12|2024-07|2024-11|2024-12|2025-01
0.2,4,Core CPI m/m|PPI m/m|FOMC|CPI y/y,Neutral|Bad|Neutral|Neutral,1,1,0,100.0,0.0,inf,2023-09
0.2,4,Core CPI m/m|PPI m/m|FOMC|CPI y/y,Neutral|Neutral|Good|Neutral,1,0,1,0.0,100.0,0.0,2024-09
0.3,4,Core CPI m/m|PPI m/m|FOMC|CPI y/y,Neutral|Good|Neutral|Neutral,2,2,0,100.0,0.0,inf,2023-03|2024-06
0.3,4,Core CPI m/m|PPI m/m|FOMC|CPI y/y,Neutral|Neutral|Neutral|Neutral,9,2,7,22.2,77.8,0.29,2023-05|2023-07|2023-09|2023-12|2024-07|2024-09|2024-11|2024-12|2025-01
0.0,4,Core CPI m/m|Core PPI m/m|FOMC|CPI y/y,Bad|Good|Neutral|Neutral,1,1,0,100.0,0.0,inf,2023-03
0.0,4,Core CPI m/m|Core PPI m/m|FOMC|CPI y/y,Bad|Neutral|Neutral|Good,1,1,0,100.0,0.0,inf,2023-05
0.0,4,Core CPI m/m|Core PPI m/m|FOMC|CPI y/y,Good|Good|Neutral|Good,2,1,1,50.0,50.0,1.0,2023-07|2024-06
0.0,4,Core CPI m/m|Core PPI m/m|FOMC|CPI y/y,Bad|Neutral|Neutral|Bad,1,1,0,100.0,0.0,inf,2023-09
0.0,4,Core CPI m/m|Core PPI m/m|FOMC|CPI y/y,Neutral|Good|Neutral|Neutral,1,0,1,0.0,100.0,0.0,2023-12
0.0,4,Core CPI m/m|Core PPI m/m|FOMC|CPI y/y,Good|Bad|Neutral|Good,1,0,1,0.0,100.0,0.0,2024-07
0.0,4,Core CPI m/m|Core PPI m/m|FOMC|CPI y/y,Bad|Bad|Good|Neutral,1,0,1,0.0,100.0,0.0,2024-09
0.0,4,Core CPI m/m|Core PPI m/m|FOMC|CPI y/y,Neutral|Neutral|Neutral|Neutral,2,0,2,0.0,100.0,0.0,2024-11|2024-12
0.0,4,Core CPI m/m|Core PPI m/m|FOMC|CPI y/y,Good|Good|Neutral|Neutral,1,0,1,0.0,100.0,0.0,2025-01
0.1,4,Core CPI m/m|Core PPI m/m|FOMC|CPI y/y,Neutral|Good|Neutral|Neutral,3,1,2,33.3,66.7,0.5,2023-03|2023-12|2025-01
0.1,4,Core CPI m/m|Core PPI m/m|FOMC|CPI y/y,Bad|Neutral|Neutral|Neutral,1,1,0,100.0,0.0,inf,2023-05
0.1,4,Core CPI m/m|Core PPI m/m|FOMC|CPI y/y,Neutral|Neutral|Neutral|Good,1,0,1,0.0,100.0,0.0,2023-07
0.1,4,Core CPI m/m|Core PPI m/m|FOMC|CPI y/y,Neutral|Neutral|Neutral|Bad,1,1,0,100.0,0.0,inf,2023-09
0.1,4,Core CPI m/m|Core PPI m/m|FOMC|CPI y/y,Neutral|Good|Neutral|Good,1,1,0,100.0,0.0,inf,2024-06
0.1,4,Core CPI m/m|Core PPI m/m|FOMC|CPI y/y,Neutral|Bad|Neutral|Good,1,0,1,0.0,100.0,0.0,2024-07
0.1,4,Core CPI m/m|Core PPI m/m|FOMC|CPI y/y,Neutral|Neutral|Good|Neutral,1,0,1,0.0,100.0,0.0,2024-09
0.1,4,Core CPI m/m|Core PPI m/m|FOMC|CPI y/y,Neutral|Neutral|Neutral|Neutral,2,0,2,0.0,100.0,0.0,2024-11|2024-12
0.2,4,Core CPI m/m|Core PPI m/m|FOMC|CPI y/y,Neutral|Good|Neutral|Neutral,2,2,0,100.0,0.0,inf,2023-03|2024-06
0.2,4,Core CPI m/m|Core PPI m/m|FOMC|CPI y/y,Neutral|Neutral|Neutral|Neutral,8,2,6,25.0,75.0,0.33,2023-05|2023-07|2023-09|2023-12|2024-07|2024-11|2024-12|2025-01
0.2,4,Core CPI m/m|Core PPI m/m|FOMC|CPI y/y,Neutral|Neutral|Good|Neutral,1,0,1,0.0,100.0,0.0,2024-09
0.3,4,Core CPI m/m|Core PPI m/m|FOMC|CPI y/y,Neutral|Good|Neutral|Neutral,1,1,0,100.0,0.0,inf,2023-03
0.3,4,Core CPI m/m|Core PPI m/m|FOMC|CPI y/y,Neutral|Neutral|Neutral|Neutral,10,3,7,30.0,70.0,0.43,2023-05|2023-07|2023-09|2023-12|2024-06|2024-07|2024-09|2024-11|2024-12|2025-01
0.0,4,PPI m/m|Core PPI m/m|FOMC|CPI y/y,Good|Good|Neutral|Neutral,2,1,1,50.0,50.0,1.0,2023-03|2025-01
0.0,4,PPI m/m|Core PPI m/m|FOMC|CPI y/y,Good|Neutral|Neutral|Good,1,1,0,100.0,0.0,inf,2023-05
0.0,4,PPI m/m|Core PPI m/m|FOMC|CPI y/y,Good|Good|Neutral|Good,2,1,1,50.0,50.0,1.0,2023-07|2024-06
0.0,4,PPI m/m|Core PPI m/m|FOMC|CPI y/y,Bad|Neutral|Neutral|Bad,1,1,0,100.0,0.0,inf,2023-09
0.0,4,PPI m/m|Core PPI m/m|FOMC|CPI y/y,Neutral|Good|Neutral|Neutral,1,0,1,0.0,100.0,0.0,2023-12
0.0,4,PPI m/m|Core PPI m/m|FOMC|CPI y/y,Bad|Bad|Neutral|Good,1,0,1,0.0,100.0,0.0,2024-07
0.0,4,PPI m/m|Core PPI m/m|FOMC|CPI y/y,Bad|Bad|Good|Neutral,1,0,1,0.0,100.0,0.0,2024-09
0.0,4,PPI m/m|Core PPI m/m|FOMC|CPI y/y,Neutral|Neutral|Neutral|Neutral,1,0,1,0.0,100.0,0.0,2024-11
0.0,4,PPI m/m|Core PPI m/m|FOMC|CPI y/y,Bad|Neutral|Neutral|Neutral,1,0,1,0.0,100.0,0.0,2024-12
0.1,4,PPI m/m|Core PPI m/m|FOMC|CPI y/y,Good|Good|Neutral|Neutral,2,1,1,50.0,50.0,1.0,2023-03|2025-01
0.1,4,PPI m/m|Core PPI m/m|FOMC|CPI y/y,Neutral|Neutral|Neutral|Neutral,2,1,1,50.0,50.0,1.0,2023-05|2024-11
0.1,4,PPI m/m|Core PPI m/m|FOMC|CPI y/y,Neutral|Neutral|Neutral|Good,1,0,1,0.0,100.0,0.0,2023-07
0.1,4,PPI m/m|Core PPI m/m|FOMC|CPI y/y,Bad|Neutral|Neutral|Bad,1,1,0,100.0,0.0,inf,2023-09
0.1,4,PPI m/m|Core PPI m/m|FOMC|CPI y/y,Neutral|Good|Neutral|Neutral,1,0,1,0.0,100.0,0.0,2023-12
0.1,4,PPI m/m|Core PPI m/m|FOMC|CPI y/y,Good|Good|Neutral|Good,1,1,0,100.0,0.0,inf,2024-06
0.1,4,PPI m/m|Core PPI m/m|FOMC|CPI y/y,Neutral|Bad|Neutral|Good,1,0,1,0.0,100.0,0.0,2024-07
0.1,4,PPI m/m|Core PPI m/m|FOMC|CPI y/y,Neutral|Neutral|Good|Neutral,1,0,1,0.0,100.0,0.0,2024-09
0.1,4,PPI m/m|Core PPI m/m|FOMC|CPI y/y,Bad|Neutral|Neutral|Neutral,1,0,1,0.0,100.0,0.0,2024-12
0.2,4,PPI m/m|Core PPI m/m|FOMC|CPI y/y,Good|Good|Neutral|Neutral,2,2,0,100.0,0.0,inf,2023-03|2024-06
0.2,4,PPI m/m|Core PPI m/m|FOMC|CPI y/y,Neutral|Neutral|Neutral|Neutral,7,1,6,14.3,85.7,0.17,2023-05|2023-07|2023-12|2024-07|2024-11|2024-12|2025-01
0.2,4,PPI m/m|Core PPI m/m|FOMC|CPI y/y,Bad|Neutral|Neutral|Neutral,1,1,0,100.0,0.0,inf,2023-09
0.2,4,PPI m/m|Core PPI m/m|FOMC|CPI y/y,Neutral|Neutral|Good|Neutral,1,0,1,0.0,100.0,0.0,2024-09
0.3,4,PPI m/m|Core PPI m/m|FOMC|CPI y/y,Good|Good|Neutral|Neutral,1,1,0,100.0,0.0,inf,2023-03
0.3,4,PPI m/m|Core PPI m/m|FOMC|CPI y/y,Neutral|Neutral|Neutral|Neutral,9,2,7,22.2,77.8,0.29,2023-05|2023-07|2023-09|2023-12|2024-07|2024-09|2024-11|2024-12|2025-01
0.3,4,PPI m/m|Core PPI m/m|FOMC|CPI y/y,Good|Neutral|Neutral|Neutral,1,1,0,100.0,0.0,inf,2024-06
0.0,5,CPI m/m|Core CPI m/m|PPI m/m|Core PPI m/m|FOMC,Neutral|Bad|Good|Good|Neutral,1,1,0,100.0,0.0,inf,2023-03
0.0,5,CPI m/m|Core CPI m/m|PPI m/m|Core PPI m/m|FOMC,Neutral|Bad|Good|Neutral|Neutral,1,1,0,100.0,0.0,inf,2023-05
0.0,5,CPI m/m|Core CPI m/m|PPI m/m|Core PPI m/m|FOMC,Good|Good|Good|Good|Neutral,2,1,1,50.0,50.0,1.0,2023-07|2024-06
0.0,5,CPI m/m|Core CPI m/m|PPI m/m|Core PPI m/m|FOMC,Neutral|Bad|Bad|Neutral|Neutral,1,1,0,100.0,0.0,inf,2023-09
0.0,5,CPI m/m|Core CPI m/m|PPI m/m|Core PPI m/m|FOMC,Bad|Neutral|Neutral|Good|Neutral,1,0,1,0.0,100.0,0.0,2023-12
0.0,5,CPI m/m|Core CPI m/m|PPI m/m|Core PPI m/m|FOMC,Good|Good|Bad|Bad|Neutral,1,0,1,0.0,100.0,0.0,2024-07
0.0,5,CPI m/m|Core CPI m/m|PPI m/m|Core PPI m/m|FOMC,Neutral|Bad|Bad|Bad|Good,1,0,1,0.0,100.0,0.0,2024-09
0.0,5,CPI m/m|Core CPI m/m|PPI m/m|Core PPI m/m|FOMC,Neutral|Neutral|Neutral|Neutral|Neutral,1,0,1,0.0,100.0,0.0,2024-11
0.0,5,CPI m/m|Core CPI m/m|PPI m/m|Core PPI m/m|FOMC,Neutral|Neutral|Bad|Neutral|Neutral,1,0,1,0.0,100.0,0.0,2024-12
0.0,5,CPI m/m|Core CPI m/m|PPI m/m|Core PPI m/m|FOMC,Neutral|Good|Good|Good|Neutral,1,0,1,0.0,100.0,0.0,2025-01
0.1,5,CPI m/m|Core CPI m/m|PPI m/m|Core PPI m/m|FOMC,Neutral|Neutral|Good|Good|Neutral,3,2,1,66.7,33.3,2.0,2023-03|2024-06|2025-01
0.1,5,CPI m/m|Core CPI m/m|PPI m/m|Core PPI m/m|FOMC,Neutral|Bad|Neutral|Neutral|Neutral,1,1,0,100.0,0.0,inf,2023-05
0.1,5,CPI m/m|Core CPI m/m|PPI m/m|Core PPI m/m|FOMC,Neutral|Neutral|Neutral|Neutral|Neutral,2,0,2,0.0,100.0,0.0,2023-07|2024-11
0.1,5,CPI m/m|Core CPI m/m|PPI m/m|Core PPI m/m|FOMC,Neutral|Neutral|Bad|Neutral|Neutral,2,1,1,50.0,50.0,1.0,2023-09|2024-12
0.1,5,CPI m/m|Core CPI m/m|PPI m/m|Core PPI m/m|FOMC,Neutral|Neutral|Neutral|Good|Neutral,1,0,1,0.0,100.0,0.0,2023-12
0.1,5,CPI m/m|Core CPI m/m|PPI m/m|Core PPI m/m|FOMC,Good|Neutral|Neutral|Bad|Neutral,1,0,1,0.0,100.0,0.0,2024-07
0.1,5,CPI m/m|Core CPI m/m|PPI m/m|Core PPI m/m|FOMC,Neutral|Neutral|Neutral|Neutral|Good,1,0,1,0.0,100.0,0.0,2024-09
0.2,5,CPI m/m|Core CPI m/m|PPI m/m|Core PPI m/m|FOMC,Neutral|Neutral|Good|Good|Neutral,2,2,0,100.0,0.0,inf,2023-03|2024-06
0.2,5,CPI m/m|Core CPI m/m|PPI m/m|Core PPI m/m|FOMC,Neutral|Neutral|Neutral|Neutral|Neutral,7,1,6,14.3,85.7,0.17,2023-05|2023-07|2023-12|2024-07|2024-11|2024-12|2025-01
0.2,5,CPI m/m|Core CPI m/m|PPI m/m|Core PPI m/m|FOMC,Neutral|Neutral|Bad|Neutral|Neutral,1,1,0,100.0,0.0,inf,2023-09
0.2,5,CPI m/m|Core CPI m/m|PPI m/m|Core PPI m/m|FOMC,Neutral|Neutral|Neutral|Neutral|Good,1,0,1,0.0,100.0,0.0,2024-09
0.3,5,CPI m/m|Core CPI m/m|PPI m/m|Core PPI m/m|FOMC,Neutral|Neutral|Good|Good|Neutral,1,1,0,100.0,0.0,inf,2023-03
0.3,5,CPI m/m|Core CPI m/m|PPI m/m|Core PPI m/m|FOMC,Neutral|Neutral|Neutral|Neutral|Neutral,9,2,7,22.2,77.8,0.29,2023-05|2023-07|2023-09|2023-12|2024-07|2024-09|2024-11|2024-12|2025-01
0.3,5,CPI m/m|Core CPI m/m|PPI m/m|Core PPI m/m|FOMC,Neutral|Neutral|Good|Neutral|Neutral,1,1,0,100.0,0.0,inf,2024-06
0.0,5,CPI m/m|Core CPI m/m|PPI m/m|Core PPI m/m|CPI y/y,Neutral|Bad|Good|Good|Neutral,2,2,0,100.0,0.0,inf,2018-01|2023-03
0.0,5,CPI m/m|Core CPI m/m|PPI m/m|Core PPI m/m|CPI y/y,Neutral|Neutral|Bad|Neutral|Neutral,2,1,1,50.0,50.0,1.0,2018-03|2024-12
0.0,5,CPI m/m|Core CPI m/m|PPI m/m|Core PPI m/m|CPI y/y,Good|Neutral|Bad|Bad|Neutral,2,1,1,50.0,50.0,1.0,2018-04|2024-05
0.0,5,CPI m/m|Core CPI m/m|PPI m/m|Core PPI m/m|CPI y/y,Good|Good|Good|Neutral|Neutral,1,1,0,100.0,0.0,inf,2018-05
0.0,5,CPI m/m|Core CPI m/m|PPI m/m|Core PPI m/m|CPI y/y,Neutral|Bad|Bad|Bad|Neutral,2,1,1,50.0,50.0,1.0,2018-06|2024-09
0.0,5,CPI m/m|Core CPI m/m|PPI m/m|Core PPI m/m|CPI y/y,Good|Good|Good|Good|Good,10,7,3,70.0,30.0,2.33,2018-09|2019-10|2022-08|2022-11|2023-07|2024-06|2025-03|2025-04|2025-05|2025-06
0.0,5,CPI m/m|Core CPI m/m|PPI m/m|Core PPI m/m|CPI y/y,Good|Good|Neutral|Neutral|Good,1,0,1,0.0,100.0,0.0,2018-10
0.0,5,CPI m/m|Core CPI m/m|PPI m/m|Core PPI m/m|CPI y/y,Neutral|Neutral|Bad|Bad|Neutral,3,2,1,66.7,33.3,2.0,2018-11|2018-12|2020-10
0.0,5,CPI m/m|Core CPI m/m|PPI m/m|Core PPI m/m|CPI y/y,Good|Neutral|Good|Bad|Bad,1,1,0,100.0,0.0,inf,2019-02
0.0,5,CPI m/m|Core CPI m/m|PPI m/m|Core PPI m/m|CPI y/y,Good|Good|Neutral|Good|Good,1,1,0,100.0,0.0,inf,2019-05
0.0,5,CPI m/m|Core CPI m/m|PPI m/m|Core PPI m/m|CPI y/y,Bad|Bad|Neutral|Bad|Neutral,1,1,0,100.0,0.0,inf,2019-07
0.0,5,CPI m/m|Core CPI m/m|PPI m/m|Core PPI m/m|CPI y/y,Neutral|Bad|Neutral|Good|Bad,1,1,0,100.0,0.0,inf,2019-08
0.0,5,CPI m/m|Core CPI m/m|PPI m/m|Core PPI m/m|CPI y/y,Bad|Neutral|Good|Good|Bad,3,3,0,100.0,0.0,inf,2019-12|2021-10|2024-01
0.0,5,CPI m/m|Core CPI m/m|PPI m/m|Core PPI m/m|CPI y/y,Good|Good|Bad|Neutral|Good,1,1,0,100.0,0.0,inf,2020-06
0.0,5,CPI m/m|Core CPI m/m|PPI m/m|Core PPI m/m|CPI y/y,Bad|Bad|Bad|Bad|Bad,7,7,0,100.0,0.0,inf,2020-09|2021-04|2021-05|2021-06|2021-07|2022-02|2024-02
0.0,5,CPI m/m|Core CPI m/m|PPI m/m|Core PPI m/m|CPI y/y,Bad|Bad|Neutral|Good|Neutral,1,1,0,100.0,0.0,inf,2020-12
0.0,5,CPI m/m|Core CPI m/m|PPI m/m|Core PPI m/m|CPI y/y,Neutral|Neutral|Good|Neutral|Neutral,2,0,2,0.0,100.0,0.0,2021-01|2023-01
0.0,5,CPI m/m|Core CPI m/m|PPI m/m|Core PPI m/m|CPI y/y,Neutral|Good|Bad|Bad|Neutral,2,1,1,50.0,50.0,1.0,2021-02|2026-01
0.0,5,CPI m/m|Core CPI m/m|PPI m/m|Core PPI m/m|CPI y/y,Neutral|Good|Bad|Neutral|Neutral,1,1,0,100.0,0.0,inf,2021-03
0.0,5,CPI m/m|Core CPI m/m|PPI m/m|Core PPI m/m|CPI y/y,Neutral|Good|Bad|Bad|Bad,2,1,1,50.0,50.0,1.0,2021-08|2022-04
0.0,5,CPI m/m|Core CPI m/m|PPI m/m|Core PPI m/m|CPI y/y,Good|Good|Bad|Bad|Neutral,1,1,0,100.0,0.0,inf,2021-09
0.0,5,CPI m/m|Core CPI m/m|PPI m/m|Core PPI m/m|CPI y/y,Bad|Bad|Neutral|Good|Bad,3,2,1,66.7,33.3,2.0,2021-11|2022-05|2022-06
0.0,5,CPI m/m|Core CPI m/m|PPI m/m|Core PPI m/m|CPI y/y,Bad|Neutral|Bad|Bad|Neutral,1,0,1,0.0,100.0,0.0,2021-12
0.0,5,CPI m/m|Core CPI m/m|PPI m/m|Core PPI m/m|CPI y/y,Bad|Bad|Good|Neutral|Neutral,1,1,0,100.0,0.0,inf,2022-01
0.0,5,CPI m/m|Core CPI m/m|PPI m/m|Core PPI m/m|CPI y/y,Neutral|Neutral|Good|Good|Neutral,1,1,0,100.0,0.0,inf,2022-03
0.0,5,CPI m/m|Core CPI m/m|PPI m/m|Core PPI m/m|CPI y/y,Bad|Bad|Bad|Good|Bad,1,1,0,100.0,0.0,inf,2022-07
0.0,5,CPI m/m|Core CPI m/m|PPI m/m|Core PPI m/m|CPI y/y,Bad|Bad|Neutral|Bad|Bad,1,0,1,0.0,100.0,0.0,2022-09
0.0,5,CPI m/m|Core CPI m/m|PPI m/m|Core PPI m/m|CPI y/y,Bad|Bad|Bad|Neutral|Bad,2,1,1,50.0,50.0,1.0,2022-10|2025-02
0.0,5,CPI m/m|Core CPI m/m|PPI m/m|Core PPI m/m|CPI y/y,Neutral|Neutral|Bad|Bad|Bad,1,0,1,0.0,100.0,0.0,2023-02
0.0,5,CPI m/m|Core CPI m/m|PPI m/m|Core PPI m/m|CPI y/y,Good|Neutral|Good|Good|Good,1,1,0,100.0,0.0,inf,2023-04
0.0,5,CPI m/m|Core CPI m/m|PPI m/m|Core PPI m/m|CPI y/y,Neutral|Bad|Good|Neutral|Good,1,1,0,100.0,0.0,inf,2023-05
0.0,5,CPI m/m|Core CPI m/m|PPI m/m|Core PPI m/m|CPI y/y,Neutral|Neutral|Bad|Bad|Good,2,2,0,100.0,0.0,inf,2023-08|2025-08
0.0,5,CPI m/m|Core CPI m/m|PPI m/m|Core PPI m/m|CPI y/y,Neutral|Bad|Bad|Neutral|Bad,1,1,0,100.0,0.0,inf,2023-09
0.0,5,CPI m/m|Core CPI m/m|PPI m/m|Core PPI m/m|CPI y/y,Bad|Neutral|Bad|Bad|Bad,1,1,0,100.0,0.0,inf,2023-10
0.0,5,CPI m/m|Core CPI m/m|PPI m/m|Core PPI m/m|CPI y/y,Bad|Neutral|Neutral|Good|Neutral,1,0,1,0.0,100.0,0.0,2023-12
0.0,5,CPI m/m|Core CPI m/m|PPI m/m|Core PPI m/m|CPI y/y,Neutral|Bad|Bad|Bad|Bad,1,1,0,100.0,0.0,inf,2024-03
0.0,5,CPI m/m|Core CPI m/m|PPI m/m|Core PPI m/m|CPI y/y,Bad|Bad|Good|Neutral|Bad,2,2,0,100.0,0.0,inf,2024-04|2024-10
0.0,5,CPI m/m|Core CPI m/m|PPI m/m|Core PPI m/m|CPI y/y,Good|Good|Bad|Bad|Good,1,0,1,0.0,100.0,0.0,2024-07
0.0,5,CPI m/m|Core CPI m/m|PPI m/m|Core PPI m/m|CPI y/y,Neutral|Neutral|Good|Good|Good,1,1,0,100.0,0.0,inf,2024-08
0.0,5,CPI m/m|Core CPI m/m|PPI m/m|Core PPI m/m|CPI y/y,Neutral|Neutral|Neutral|Neutral|Neutral,1,0,1,0.0,100.0,0.0,2024-11
0.0,5,CPI m/m|Core CPI m/m|PPI m/m|Core PPI m/m|CPI y/y,Neutral|Good|Good|Good|Neutral,1,0,1,0.0,100.0,0.0,2025-01
0.0,5,CPI m/m|Core CPI m/m|PPI m/m|Core PPI m/m|CPI y/y,Neutral|Good|Good|Good|Bad,1,1,0,100.0,0.0,inf,2025-07
0.0,5,CPI m/m|Core CPI m/m|PPI m/m|Core PPI m/m|CPI y/y,Bad|Neutral|Good|Good|Neutral,1,1,0,100.0,0.0,inf,2025-09
0.0,5,CPI m/m|Core CPI m/m|PPI m/m|Core PPI m/m|CPI y/y,Good|Neutral|Bad|Bad|Good,1,0,1,0.0,100.0,0.0,2026-02
0.1,5,CPI m/m|Core CPI m/m|PPI m/m|Core PPI m/m|CPI y/y,Neutral|Neutral|Good|Good|Neutral,6,5,1,83.3,16.7,5.0,2018-01|2018-09|2022-03|2023-03|2023-04|2025-01
0.1,5,CPI m/m|Core CPI m/m|PPI m/m|Core PPI m/m|CPI y/y,Neutral|Neutral|Neutral|Neutral|Neutral,8,6,2,75.0,25.0,3.0,2018-03|2018-05|2019-07|2020-12|2021-03|2023-08|2024-09|2024-11
0.1,5,CPI m/m|Core CPI m/m|PPI m/m|Core PPI m/m|CPI y/y,Neutral|Neutral|Bad|Neutral|Neutral,3,2,1,66.7,33.3,2.0,2018-04|2018-06|2024-12
0.1,5,CPI m/m|Core CPI m/m|PPI m/m|Core PPI m/m|CPI y/y,Neutral|Neutral|Neutral|Neutral|Good,2,0,2,0.0,100.0,0.0,2018-10|2023-07
0.1,5,CPI m/m|Core CPI m/m|PPI m/m|Core PPI m/m|CPI y/y,Neutral|Neutral|Bad|Bad|Neutral,4,2,2,50.0,50.0,1.0,2018-11|2020-10|2025-08|2026-01
0.1,5,CPI m/m|Core CPI m/m|PPI m/m|Core PPI m/m|CPI y/y,Neutral|Neutral|Neutral|Bad|Neutral,1,1,0,100.0,0.0,inf,2018-12
0.1,5,CPI m/m|Core CPI m/m|PPI m/m|Core PPI m/m|CPI y/y,Neutral|Neutral|Good|Neutral|Bad,1,1,0,100.0,0.0,inf,2019-02
0.1,5,CPI m/m|Core CPI m/m|PPI m/m|Core PPI m/m|CPI y/y,Good|Neutral|Neutral|Neutral|Good,1,1,0,100.0,0.0,inf,2019-05
0.1,5,CPI m/m|Core CPI m/m|PPI m/m|Core PPI m/m|CPI y/y,Neutral|Neutral|Neutral|Good|Bad,1,1,0,100.0,0.0,inf,2019-08
0.1,5,CPI m/m|Core CPI m/m|PPI m/m|Core PPI m/m|CPI y/y,Neutral|Neutral|Good|Good|Good,4,2,2,50.0,50.0,1.0,2019-10|2024-06|2025-03|2025-05
0.1,5,CPI m/m|Core CPI m/m|PPI m/m|Core PPI m/m|CPI y/y,Neutral|Neutral|Good|Good|Bad,3,3,0,100.0,0.0,inf,2019-12|2024-01|2025-07
0.1,5,CPI m/m|Core CPI m/m|PPI m/m|Core PPI m/m|CPI y/y,Neutral|Neutral|Bad|Neutral|Good,1,1,0,100.0,0.0,inf,2020-06
0.1,5,CPI m/m|Core CPI m/m|PPI m/m|Core PPI m/m|CPI y/y,Bad|Bad|Neutral|Bad|Bad,2,1,1,50.0,50.0,1.0,2020-09|2022-09
0.1,5,CPI m/m|Core CPI m/m|PPI m/m|Core PPI m/m|CPI y/y,Neutral|Neutral|Good|Neutral|Neutral,3,1,2,33.3,66.7,0.5,2021-01|2022-01|2023-01
0.1,5,CPI m/m|Core CPI m/m|PPI m/m|Core PPI m/m|CPI y/y,Neutral|Good|Bad|Bad|Neutral,2,1,1,50.0,50.0,1.0,2021-02|2022-04
0.1,5,CPI m/m|Core CPI m/m|PPI m/m|Core PPI m/m|CPI y/y,Neutral|Neutral|Bad|Bad|Bad,2,1,1,50.0,50.0,1.0,2021-04|2023-02
0.1,5,CPI m/m|Core CPI m/m|PPI m/m|Core PPI m/m|CPI y/y,Bad|Bad|Bad|Bad|Bad,3,3,0,100.0,0.0,inf,2021-05|2021-06|2021-07
0.1,5,CPI m/m|Core CPI m/m|PPI m/m|Core PPI m/m|CPI y/y,Neutral|Good|Bad|Bad|Bad,1,1,0,100.0,0.0,inf,2021-08
0.1,5,CPI m/m|Core CPI m/m|PPI m/m|Core PPI m/m|CPI y/y,Good|Good|Neutral|Neutral|Neutral,1,1,0,100.0,0.0,inf,2021-09
0.1,5,CPI m/m|Core CPI m/m|PPI m/m|Core PPI m/m|CPI y/y,Bad|Neutral|Neutral|Good|Bad,1,1,0,100.0,0.0,inf,2021-10
0.1,5,CPI m/m|Core CPI m/m|PPI m/m|Core PPI m/m|CPI y/y,Bad|Bad|Neutral|Neutral|Bad,2,2,0,100.0,0.0,inf,2021-11|2024-04
0.1,5,CPI m/m|Core CPI m/m|PPI m/m|Core PPI m/m|CPI y/y,Bad|Neutral|Bad|Bad|Neutral,1,0,1,0.0,100.0,0.0,2021-12
0.1,5,CPI m/m|Core CPI m/m|PPI m/m|Core PPI m/m|CPI y/y,Bad|Neutral|Bad|Bad|Bad,1,1,0,100.0,0.0,inf,2022-02
0.1,5,CPI m/m|Core CPI m/m|PPI m/m|Core PPI m/m|CPI y/y,Neutral|Bad|Neutral|Good|Bad,1,0,1,0.0,100.0,0.0,2022-05
0.1,5,CPI m/m|Core CPI m/m|PPI m/m|Core PPI m/m|CPI y/y,Bad|Neutral|Neutral|Neutral|Bad,1,1,0,100.0,0.0,inf,2022-06
0.1,5,CPI m/m|Core CPI m/m|PPI m/m|Core PPI m/m|CPI y/y,Bad|Bad|Bad|Neutral|Bad,2,2,0,100.0,0.0,inf,2022-07|2025-02
0.1,5,CPI m/m|Core CPI m/m|PPI m/m|Core PPI m/m|CPI y/y,Good|Good|Good|Good|Good,3,3,0,100.0,0.0,inf,2022-08|2022-11|2025-04
0.1,5,CPI m/m|Core CPI m/m|PPI m/m|Core PPI m/m|CPI y/y,Bad|Bad|Bad|Neutral|Neutral,1,0,1,0.0,100.0,0.0,2022-10
0.1,5,CPI m/m|Core CPI m/m|PPI m/m|Core PPI m/m|CPI y/y,Neutral|Bad|Neutral|Neutral|Neutral,1,1,0,100.0,0.0,inf,2023-05
0.1,5,CPI m/m|Core CPI m/m|PPI m/m|Core PPI m/m|CPI y/y,Neutral|Neutral|Bad|Neutral|Bad,1,1,0,100.0,0.0,inf,2023-09
0.1,5,CPI m/m|Core CPI m/m|PPI m/m|Core PPI m/m|CPI y/y,Bad|Neutral|Bad|Neutral|Bad,1,1,0,100.0,0.0,inf,2023-10
0.1,5,CPI m/m|Core CPI m/m|PPI m/m|Core PPI m/m|CPI y/y,Neutral|Neutral|Neutral|Good|Neutral,1,0,1,0.0,100.0,0.0,2023-12
0.1,5,CPI m/m|Core CPI m/m|PPI m/m|Core PPI m/m|CPI y/y,Neutral|Bad|Bad|Bad|Bad,1,1,0,100.0,0.0,inf,2024-02
0.1,5,CPI m/m|Core CPI m/m|PPI m/m|Core PPI m/m|CPI y/y,Neutral|Bad|Bad|Neutral|Bad,1,1,0,100.0,0.0,inf,2024-03
0.1,5,CPI m/m|Core CPI m/m|PPI m/m|Core PPI m/m|CPI y/y,Good|Neutral|Bad|Bad|Neutral,1,0,1,0.0,100.0,0.0,2024-05
0.1,5,CPI m/m|Core CPI m/m|PPI m/m|Core PPI m/m|CPI y/y,Good|Neutral|Neutral|Bad|Good,1,0,1,0.0,100.0,0.0,2024-07
0.1,5,CPI m/m|Core CPI m/m|PPI m/m|Core PPI m/m|CPI y/y,Neutral|Neutral|Neutral|Good|Good,1,1,0,100.0,0.0,inf,2024-08
0.1,5,CPI m/m|Core CPI m/m|PPI m/m|Core PPI m/m|CPI y/y,Neutral|Neutral|Neutral|Neutral|Bad,1,1,0,100.0,0.0,inf,2024-10
0.1,5,CPI m/m|Core CPI m/m|PPI m/m|Core PPI m/m|CPI y/y,Neutral|Good|Neutral|Good|Good,1,1,0,100.0,0.0,inf,2025-06
0.1,5,CPI m/m|Core CPI m/m|PPI m/m|Core PPI m/m|CPI y/y,Bad|Neutral|Good|Good|Neutral,1,1,0,100.0,0.0,inf,2025-09
0.1,5,CPI m/m|Core CPI m/m|PPI m/m|Core PPI m/m|CPI y/y,Neutral|Neutral|Bad|Bad|Good,1,0,1,0.0,100.0,0.0,2026-02
0.2,5,CPI m/m|Core CPI m/m|PPI m/m|Core PPI m/m|CPI y/y,Neutral|Neutral|Good|Good|Neutral,10,8,2,80.0,20.0,4.0,2018-01|2018-09|2019-10|2023-03|2023-04|2024-06|2025-03|2025-04|2025-05|2025-09
0.2,5,CPI m/m|Core CPI m/m|PPI m/m|Core PPI m/m|CPI y/y,Neutral|Neutral|Neutral|Neutral|Neutral,35,23,12,65.7,34.3,1.92,2018-03|2018-04|2018-05|2018-06|2018-10|2018-12|2019-02|2019-05|2019-07|2020-09|2020-10|2020-12|2021-01|2021-03|2021-09|2022-01|2022-10|2023-05|2023-07|2023-08|2023-10|2023-12|2024-01|2024-04|2024-07|2024-08|2024-09|2024-10|2024-11|2024-12|2025-01|2025-02|2025-06|2025-07|2026-01
0.2,5,CPI m/m|Core CPI m/m|PPI m/m|Core PPI m/m|CPI y/y,Neutral|Neutral|Bad|Bad|Neutral,7,5,2,71.4,28.6,2.5,2018-11|2021-02|2021-04|2021-08|2021-12|2022-04|2025-08
0.2,5,CPI m/m|Core CPI m/m|PPI m/m|Core PPI m/m|CPI y/y,Neutral|Neutral|Neutral|Good|Neutral,4,4,0,100.0,0.0,inf,2019-08|2019-12|2021-10|2022-03
0.2,5,CPI m/m|Core CPI m/m|PPI m/m|Core PPI m/m|CPI y/y,Neutral|Neutral|Bad|Neutral|Neutral,3,3,0,100.0,0.0,inf,2020-06|2023-09|2024-03
0.2,5,CPI m/m|Core CPI m/m|PPI m/m|Core PPI m/m|CPI y/y,Bad|Bad|Bad|Bad|Bad,2,2,0,100.0,0.0,inf,2021-05|2021-07
0.2,5,CPI m/m|Core CPI m/m|PPI m/m|Core PPI m/m|CPI y/y,Neutral|Neutral|Bad|Neutral|Bad,3,2,1,66.7,33.3,2.0,2021-06|2022-07|2023-02
0.2,5,CPI m/m|Core CPI m/m|PPI m/m|Core PPI m/m|CPI y/y,Bad|Neutral|Neutral|Neutral|Bad,2,2,0,100.0,0.0,inf,2021-11|2022-06
0.2,5,CPI m/m|Core CPI m/m|PPI m/m|Core PPI m/m|CPI y/y,Neutral|Neutral|Bad|Bad|Bad,1,1,0,100.0,0.0,inf,2022-02
0.2,5,CPI m/m|Core CPI m/m|PPI m/m|Core PPI m/m|CPI y/y,Neutral|Neutral|Neutral|Neutral|Bad,1,0,1,0.0,100.0,0.0,2022-05
0.2,5,CPI m/m|Core CPI m/m|PPI m/m|Core PPI m/m|CPI y/y,Neutral|Neutral|Good|Neutral|Neutral,2,1,1,50.0,50.0,1.0,2022-08|2023-01
0.2,5,CPI m/m|Core CPI m/m|PPI m/m|Core PPI m/m|CPI y/y,Neutral|Bad|Neutral|Neutral|Bad,1,0,1,0.0,100.0,0.0,2022-09
0.2,5,CPI m/m|Core CPI m/m|PPI m/m|Core PPI m/m|CPI y/y,Neutral|Neutral|Neutral|Good|Good,1,1,0,100.0,0.0,inf,2022-11
0.2,5,CPI m/m|Core CPI m/m|PPI m/m|Core PPI m/m|CPI y/y,Neutral|Neutral|Neutral|Bad|Bad,1,1,0,100.0,0.0,inf,2024-02
0.2,5,CPI m/m|Core CPI m/m|PPI m/m|Core PPI m/m|CPI y/y,Neutral|Neutral|Neutral|Bad|Neutral,2,0,2,0.0,100.0,0.0,2024-05|2026-02
0.3,5,CPI m/m|Core CPI m/m|PPI m/m|Core PPI m/m|CPI y/y,Neutral|Neutral|Good|Good|Neutral,8,7,1,87.5,12.5,7.0,2018-01|2018-09|2019-10|2023-03|2023-04|2025-04|2025-05|2025-09
0.3,5,CPI m/m|Core CPI m/m|PPI m/m|Core PPI m/m|CPI y/y,Neutral|Neutral|Neutral|Neutral|Neutral,43,27,16,62.8,37.2,1.69,2018-03|2018-04|2018-05|2018-06|2018-10|2018-12|2019-02|2019-05|2019-07|2020-09|2020-10|2020-12|2021-01|2021-03|2021-09|2021-10|2022-01|2022-05|2022-09|2022-10|2022-11|2023-02|2023-05|2023-07|2023-08|2023-09|2023-10|2023-12|2024-01|2024-03|2024-04|2024-05|2024-07|2024-08|2024-09|2024-10|2024-11|2024-12|2025-01|2025-02|2025-06|2025-07|2026-01
0.3,5,CPI m/m|Core CPI m/m|PPI m/m|Core PPI m/m|CPI y/y,Neutral|Neutral|Bad|Neutral|Neutral,4,3,1,75.0,25.0,3.0,2018-11|2020-06|2021-06|2021-12
0.3,5,CPI m/m|Core CPI m/m|PPI m/m|Core PPI m/m|CPI y/y,Neutral|Neutral|Neutral|Good|Neutral,4,3,1,75.0,25.0,3.0,2019-08|2019-12|2022-03|2025-03
0.3,5,CPI m/m|Core CPI m/m|PPI m/m|Core PPI m/m|CPI y/y,Neutral|Neutral|Bad|Bad|Neutral,5,5,0,100.0,0.0,inf,2021-02|2021-04|2021-08|2022-02|2025-08
0.3,5,CPI m/m|Core CPI m/m|PPI m/m|Core PPI m/m|CPI y/y,Bad|Bad|Neutral|Neutral|Bad,1,1,0,100.0,0.0,inf,2021-05
0.3,5,CPI m/m|Core CPI m/m|PPI m/m|Core PPI m/m|CPI y/y,Bad|Bad|Bad|Bad|Bad,1,1,0,100.0,0.0,inf,2021-07
0.3,5,CPI m/m|Core CPI m/m|PPI m/m|Core PPI m/m|CPI y/y,Bad|Neutral|Neutral|Neutral|Neutral,2,2,0,100.0,0.0,inf,2021-11|2022-06
0.3,5,CPI m/m|Core CPI m/m|PPI m/m|Core PPI m/m|CPI y/y,Neutral|Neutral|Neutral|Bad|Neutral,3,1,2,33.3,66.7,0.5,2022-04|2024-02|2026-02
0.3,5,CPI m/m|Core CPI m/m|PPI m/m|Core PPI m/m|CPI y/y,Neutral|Neutral|Bad|Neutral|Bad,1,1,0,100.0,0.0,inf,2022-07
0.3,5,CPI m/m|Core CPI m/m|PPI m/m|Core PPI m/m|CPI y/y,Neutral|Neutral|Good|Neutral|Neutral,3,2,1,66.7,33.3,2.0,2022-08|2023-01|2024-06
0.0,5,CPI m/m|Core CPI m/m|PPI m/m|FOMC|CPI y/y,Neutral|Bad|Good|Neutral|Neutral,1,1,0,100.0,0.0,inf,2023-03
0.0,5,CPI m/m|Core CPI m/m|PPI m/m|FOMC|CPI y/y,Neutral|Bad|Good|Neutral|Good,1,1,0,100.0,0.0,inf,2023-05
0.0,5,CPI m/m|Core CPI m/m|PPI m/m|FOMC|CPI y/y,Good|Good|Good|Neutral|Good,2,1,1,50.0,50.0,1.0,2023-07|2024-06
0.0,5,CPI m/m|Core CPI m/m|PPI m/m|FOMC|CPI y/y,Neutral|Bad|Bad|Neutral|Bad,1,1,0,100.0,0.0,inf,2023-09
0.0,5,CPI m/m|Core CPI m/m|PPI m/m|FOMC|CPI y/y,Bad|Neutral|Neutral|Neutral|Neutral,1,0,1,0.0,100.0,0.0,2023-12
0.0,5,CPI m/m|Core CPI m/m|PPI m/m|FOMC|CPI y/y,Good|Good|Bad|Neutral|Good,1,0,1,0.0,100.0,0.0,2024-07
0.0,5,CPI m/m|Core CPI m/m|PPI m/m|FOMC|CPI y/y,Neutral|Bad|Bad|Good|Neutral,1,0,1,0.0,100.0,0.0,2024-09
0.0,5,CPI m/m|Core CPI m/m|PPI m/m|FOMC|CPI y/y,Neutral|Neutral|Neutral|Neutral|Neutral,1,0,1,0.0,100.0,0.0,2024-11
0.0,5,CPI m/m|Core CPI m/m|PPI m/m|FOMC|CPI y/y,Neutral|Neutral|Bad|Neutral|Neutral,1,0,1,0.0,100.0,0.0,2024-12
0.0,5,CPI m/m|Core CPI m/m|PPI m/m|FOMC|CPI y/y,Neutral|Good|Good|Neutral|Neutral,1,0,1,0.0,100.0,0.0,2025-01
0.1,5,CPI m/m|Core CPI m/m|PPI m/m|FOMC|CPI y/y,Neutral|Neutral|Good|Neutral|Neutral,2,1,1,50.0,50.0,1.0,2023-03|2025-01
0.1,5,CPI m/m|Core CPI m/m|PPI m/m|FOMC|CPI y/y,Neutral|Bad|Neutral|Neutral|Neutral,1,1,0,100.0,0.0,inf,2023-05
0.1,5,CPI m/m|Core CPI m/m|PPI m/m|FOMC|CPI y/y,Neutral|Neutral|Neutral|Neutral|Good,1,0,1,0.0,100.0,0.0,2023-07
0.1,5,CPI m/m|Core CPI m/m|PPI m/m|FOMC|CPI y/y,Neutral|Neutral|Bad|Neutral|Bad,1,1,0,100.0,0.0,inf,2023-09
0.1,5,CPI m/m|Core CPI m/m|PPI m/m|FOMC|CPI y/y,Neutral|Neutral|Neutral|Neutral|Neutral,2,0,2,0.0,100.0,0.0,2023-12|2024-11
0.1,5,CPI m/m|Core CPI m/m|PPI m/m|FOMC|CPI y/y,Neutral|Neutral|Good|Neutral|Good,1,1,0,100.0,0.0,inf,2024-06
0.1,5,CPI m/m|Core CPI m/m|PPI m/m|FOMC|CPI y/y,Good|Neutral|Neutral|Neutral|Good,1,0,1,0.0,100.0,0.0,2024-07
0.1,5,CPI m/m|Core CPI m/m|PPI m/m|FOMC|CPI y/y,Neutral|Neutral|Neutral|Good|Neutral,1,0,1,0.0,100.0,0.0,2024-09
0.1,5,CPI m/m|Core CPI m/m|PPI m/m|FOMC|CPI y/y,Neutral|Neutral|Bad|Neutral|Neutral,1,0,1,0.0,100.0,0.0,2024-12
0.2,5,CPI m/m|Core CPI m/m|PPI m/m|FOMC|CPI y/y,Neutral|Neutral|Good|Neutral|Neutral,2,2,0,100.0,0.0,inf,2023-03|2024-06
0.2,5,CPI m/m|Core CPI m/m|PPI m/m|FOMC|CPI y/y,Neutral|Neutral|Neutral|Neutral|Neutral,7,1,6,14.3,85.7,0.17,2023-05|2023-07|2023-12|2024-07|2024-11|2024-12|2025-01
0.2,5,CPI m/m|Core CPI m/m|PPI m/m|FOMC|CPI y/y,Neutral|Neutral|Bad|Neutral|Neutral,1,1,0,100.0,0.0,inf,2023-09
0.2,5,CPI m/m|Core CPI m/m|PPI m/m|FOMC|CPI y/y,Neutral|Neutral|Neutral|Good|Neutral,1,0,1,0.0,100.0,0.0,2024-09
0.3,5,CPI m/m|Core CPI m/m|PPI m/m|FOMC|CPI y/y,Neutral|Neutral|Good|Neutral|Neutral,2,2,0,100.0,0.0,inf,2023-03|2024-06
0.3,5,CPI m/m|Core CPI m/m|PPI m/m|FOMC|CPI y/y,Neutral|Neutral|Neutral|Neutral|Neutral,9,2,7,22.2,77.8,0.29,2023-05|2023-07|2023-09|2023-12|2024-07|2024-09|2024-11|2024-12|2025-01
0.0,5,CPI m/m|Core CPI m/m|Core PPI m/m|FOMC|CPI y/y,Neutral|Bad|Good|Neutral|Neutral,1,1,0,100.0,0.0,inf,2023-03
0.0,5,CPI m/m|Core CPI m/m|Core PPI m/m|FOMC|CPI y/y,Neutral|Bad|Neutral|Neutral|Good,1,1,0,100.0,0.0,inf,2023-05
0.0,5,CPI m/m|Core CPI m/m|Core PPI m/m|FOMC|CPI y/y,Good|Good|Good|Neutral|Good,2,1,1,50.0,50.0,1.0,2023-07|2024-06
0.0,5,CPI m/m|Core CPI m/m|Core PPI m/m|FOMC|CPI y/y,Neutral|Bad|Neutral|Neutral|Bad,1,1,0,100.0,0.0,inf,2023-09
0.0,5,CPI m/m|Core CPI m/m|Core PPI m/m|FOMC|CPI y/y,Bad|Neutral|Good|Neutral|Neutral,1,0,1,0.0,100.0,0.0,2023-12
0.0,5,CPI m/m|Core CPI m/m|Core PPI m/m|FOMC|CPI y/y,Good|Good|Bad|Neutral|Good,1,0,1,0.0,100.0,0.0,2024-07
0.0,5,CPI m/m|Core CPI m/m|Core PPI m/m|FOMC|CPI y/y,Neutral|Bad|Bad|Good|Neutral,1,0,1,0.0,100.0,0.0,2024-09
0.0,5,CPI m/m|Core CPI m/m|Core PPI m/m|FOMC|CPI y/y,Neutral|Neutral|Neutral|Neutral|Neutral,2,0,2,0.0,100.0,0.0,2024-11|2024-12
0.0,5,CPI m/m|Core CPI m/m|Core PPI m/m|FOMC|CPI y/y,Neutral|Good|Good|Neutral|Neutral,1,0,1,0.0,100.0,0.0,2025-01
0.1,5,CPI m/m|Core CPI m/m|Core PPI m/m|FOMC|CPI y/y,Neutral|Neutral|Good|Neutral|Neutral,3,1,2,33.3,66.7,0.5,2023-03|2023-12|2025-01
0.1,5,CPI m/m|Core CPI m/m|Core PPI m/m|FOMC|CPI y/y,Neutral|Bad|Neutral|Neutral|Neutral,1,1,0,100.0,0.0,inf,2023-05
0.1,5,CPI m/m|Core CPI m/m|Core PPI m/m|FOMC|CPI y/y,Neutral|Neutral|Neutral|Neutral|Good,1,0,1,0.0,100.0,0.0,2023-07
0.1,5,CPI m/m|Core CPI m/m|Core PPI m/m|FOMC|CPI y/y,Neutral|Neutral|Neutral|Neutral|Bad,1,1,0,100.0,0.0,inf,2023-09
0.1,5,CPI m/m|Core CPI m/m|Core PPI m/m|FOMC|CPI y/y,Neutral|Neutral|Good|Neutral|Good,1,1,0,100.0,0.0,inf,2024-06
0.1,5,CPI m/m|Core CPI m/m|Core PPI m/m|FOMC|CPI y/y,Good|Neutral|Bad|Neutral|Good,1,0,1,0.0,100.0,0.0,2024-07
0.1,5,CPI m/m|Core CPI m/m|Core PPI m/m|FOMC|CPI y/y,Neutral|Neutral|Neutral|Good|Neutral,1,0,1,0.0,100.0,0.0,2024-09
0.1,5,CPI m/m|Core CPI m/m|Core PPI m/m|FOMC|CPI y/y,Neutral|Neutral|Neutral|Neutral|Neutral,2,0,2,0.0,100.0,0.0,2024-11|2024-12
0.2,5,CPI m/m|Core CPI m/m|Core PPI m/m|FOMC|CPI y/y,Neutral|Neutral|Good|Neutral|Neutral,2,2,0,100.0,0.0,inf,2023-03|2024-06
0.2,5,CPI m/m|Core CPI m/m|Core PPI m/m|FOMC|CPI y/y,Neutral|Neutral|Neutral|Neutral|Neutral,8,2,6,25.0,75.0,0.33,2023-05|2023-07|2023-09|2023-12|2024-07|2024-11|2024-12|2025-01
0.2,5,CPI m/m|Core CPI m/m|Core PPI m/m|FOMC|CPI y/y,Neutral|Neutral|Neutral|Good|Neutral,1,0,1,0.0,100.0,0.0,2024-09
0.3,5,CPI m/m|Core CPI m/m|Core PPI m/m|FOMC|CPI y/y,Neutral|Neutral|Good|Neutral|Neutral,1,1,0,100.0,0.0,inf,2023-03
0.3,5,CPI m/m|Core CPI m/m|Core PPI m/m|FOMC|CPI y/y,Neutral|Neutral|Neutral|Neutral|Neutral,10,3,7,30.0,70.0,0.43,2023-05|2023-07|2023-09|2023-12|2024-06|2024-07|2024-09|2024-11|2024-12|2025-01
0.0,5,CPI m/m|PPI m/m|Core PPI m/m|FOMC|CPI y/y,Neutral|Good|Good|Neutral|Neutral,2,1,1,50.0,50.0,1.0,2023-03|2025-01
0.0,5,CPI m/m|PPI m/m|Core PPI m/m|FOMC|CPI y/y,Neutral|Good|Neutral|Neutral|Good,1,1,0,100.0,0.0,inf,2023-05
0.0,5,CPI m/m|PPI m/m|Core PPI m/m|FOMC|CPI y/y,Good|Good|Good|Neutral|Good,2,1,1,50.0,50.0,1.0,2023-07|2024-06
0.0,5,CPI m/m|PPI m/m|Core PPI m/m|FOMC|CPI y/y,Neutral|Bad|Neutral|Neutral|Bad,1,1,0,100.0,0.0,inf,2023-09
0.0,5,CPI m/m|PPI m/m|Core PPI m/m|FOMC|CPI y/y,Bad|Neutral|Good|Neutral|Neutral,1,0,1,0.0,100.0,0.0,2023-12
0.0,5,CPI m/m|PPI m/m|Core PPI m/m|FOMC|CPI y/y,Good|Bad|Bad|Neutral|Good,1,0,1,0.0,100.0,0.0,2024-07
0.0,5,CPI m/m|PPI m/m|Core PPI m/m|FOMC|CPI y/y,Neutral|Bad|Bad|Good|Neutral,1,0,1,0.0,100.0,0.0,2024-09
0.0,5,CPI m/m|PPI m/m|Core PPI m/m|FOMC|CPI y/y,Neutral|Neutral|Neutral|Neutral|Neutral,1,0,1,0.0,100.0,0.0,2024-11
0.0,5,CPI m/m|PPI m/m|Core PPI m/m|FOMC|CPI y/y,Neutral|Bad|Neutral|Neutral|Neutral,1,0,1,0.0,100.0,0.0,2024-12
0.1,5,CPI m/m|PPI m/m|Core PPI m/m|FOMC|CPI y/y,Neutral|Good|Good|Neutral|Neutral,2,1,1,50.0,50.0,1.0,2023-03|2025-01
0.1,5,CPI m/m|PPI m/m|Core PPI m/m|FOMC|CPI y/y,Neutral|Neutral|Neutral|Neutral|Neutral,2,1,1,50.0,50.0,1.0,2023-05|2024-11
0.1,5,CPI m/m|PPI m/m|Core PPI m/m|FOMC|CPI y/y,Neutral|Neutral|Neutral|Neutral|Good,1,0,1,0.0,100.0,0.0,2023-07
0.1,5,CPI m/m|PPI m/m|Core PPI m/m|FOMC|CPI y/y,Neutral|Bad|Neutral|Neutral|Bad,1,1,0,100.0,0.0,inf,2023-09
0.1,5,CPI m/m|PPI m/m|Core PPI m/m|FOMC|CPI y/y,Neutral|Neutral|Good|Neutral|Neutral,1,0,1,0.0,100.0,0.0,2023-12
0.1,5,CPI m/m|PPI m/m|Core PPI m/m|FOMC|CPI y/y,Neutral|Good|Good|Neutral|Good,1,1,0,100.0,0.0,inf,2024-06
0.1,5,CPI m/m|PPI m/m|Core PPI m/m|FOMC|CPI y/y,Good|Neutral|Bad|Neutral|Good,1,0,1,0.0,100.0,0.0,2024-07
0.1,5,CPI m/m|PPI m/m|Core PPI m/m|FOMC|CPI y/y,Neutral|Neutral|Neutral|Good|Neutral,1,0,1,0.0,100.0,0.0,2024-09
0.1,5,CPI m/m|PPI m/m|Core PPI m/m|FOMC|CPI y/y,Neutral|Bad|Neutral|Neutral|Neutral,1,0,1,0.0,100.0,0.0,2024-12
0.2,5,CPI m/m|PPI m/m|Core PPI m/m|FOMC|CPI y/y,Neutral|Good|Good|Neutral|Neutral,2,2,0,100.0,0.0,inf,2023-03|2024-06
0.2,5,CPI m/m|PPI m/m|Core PPI m/m|FOMC|CPI y/y,Neutral|Neutral|Neutral|Neutral|Neutral,7,1,6,14.3,85.7,0.17,2023-05|2023-07|2023-12|2024-07|2024-11|2024-12|2025-01
0.2,5,CPI m/m|PPI m/m|Core PPI m/m|FOMC|CPI y/y,Neutral|Bad|Neutral|Neutral|Neutral,1,1,0,100.0,0.0,inf,2023-09
0.2,5,CPI m/m|PPI m/m|Core PPI m/m|FOMC|CPI y/y,Neutral|Neutral|Neutral|Good|Neutral,1,0,1,0.0,100.0,0.0,2024-09
0.3,5,CPI m/m|PPI m/m|Core PPI m/m|FOMC|CPI y/y,Neutral|Good|Good|Neutral|Neutral,1,1,0,100.0,0.0,inf,2023-03
0.3,5,CPI m/m|PPI m/m|Core PPI m/m|FOMC|CPI y/y,Neutral|Neutral|Neutral|Neutral|Neutral,9,2,7,22.2,77.8,0.29,2023-05|2023-07|2023-09|2023-12|2024-07|2024-09|2024-11|2024-12|2025-01
0.3,5,CPI m/m|PPI m/m|Core PPI m/m|FOMC|CPI y/y,Neutral|Good|Neutral|Neutral|Neutral,1,1,0,100.0,0.0,inf,2024-06
0.0,5,Core CPI m/m|PPI m/m|Core PPI m/m|FOMC|CPI y/y,Bad|Good|Good|Neutral|Neutral,1,1,0,100.0,0.0,inf,2023-03
0.0,5,Core CPI m/m|PPI m/m|Core PPI m/m|FOMC|CPI y/y,Bad|Good|Neutral|Neutral|Good,1,1,0,100.0,0.0,inf,2023-05
0.0,5,Core CPI m/m|PPI m/m|Core PPI m/m|FOMC|CPI y/y,Good|Good|Good|Neutral|Good,2,1,1,50.0,50.0,1.0,2023-07|2024-06
0.0,5,Core CPI m/m|PPI m/m|Core PPI m/m|FOMC|CPI y/y,Bad|Bad|Neutral|Neutral|Bad,1,1,0,100.0,0.0,inf,2023-09
0.0,5,Core CPI m/m|PPI m/m|Core PPI m/m|FOMC|CPI y/y,Neutral|Neutral|Good|Neutral|Neutral,1,0,1,0.0,100.0,0.0,2023-12
0.0,5,Core CPI m/m|PPI m/m|Core PPI m/m|FOMC|CPI y/y,Good|Bad|Bad|Neutral|Good,1,0,1,0.0,100.0,0.0,2024-07
0.0,5,Core CPI m/m|PPI m/m|Core PPI m/m|FOMC|CPI y/y,Bad|Bad|Bad|Good|Neutral,1,0,1,0.0,100.0,0.0,2024-09
0.0,5,Core CPI m/m|PPI m/m|Core PPI m/m|FOMC|CPI y/y,Neutral|Neutral|Neutral|Neutral|Neutral,1,0,1,0.0,100.0,0.0,2024-11
0.0,5,Core CPI m/m|PPI m/m|Core PPI m/m|FOMC|CPI y/y,Neutral|Bad|Neutral|Neutral|Neutral,1,0,1,0.0,100.0,0.0,2024-12
0.0,5,Core CPI m/m|PPI m/m|Core PPI m/m|FOMC|CPI y/y,Good|Good|Good|Neutral|Neutral,1,0,1,0.0,100.0,0.0,2025-01
0.1,5,Core CPI m/m|PPI m/m|Core PPI m/m|FOMC|CPI y/y,Neutral|Good|Good|Neutral|Neutral,2,1,1,50.0,50.0,1.0,2023-03|2025-01
0.1,5,Core CPI m/m|PPI m/m|Core PPI m/m|FOMC|CPI y/y,Bad|Neutral|Neutral|Neutral|Neutral,1,1,0,100.0,0.0,inf,2023-05
0.1,5,Core CPI m/m|PPI m/m|Core PPI m/m|FOMC|CPI y/y,Neutral|Neutral|Neutral|Neutral|Good,1,0,1,0.0,100.0,0.0,2023-07
0.1,5,Core CPI m/m|PPI m/m|Core PPI m/m|FOMC|CPI y/y,Neutral|Bad|Neutral|Neutral|Bad,1,1,0,100.0,0.0,inf,2023-09
0.1,5,Core CPI m/m|PPI m/m|Core PPI m/m|FOMC|CPI y/y,Neutral|Neutral|Good|Neutral|Neutral,1,0,1,0.0,100.0,0.0,2023-12
0.1,5,Core CPI m/m|PPI m/m|Core PPI m/m|FOMC|CPI y/y,Neutral|Good|Good|Neutral|Good,1,1,0,100.0,0.0,inf,2024-06
0.1,5,Core CPI m/m|PPI m/m|Core PPI m/m|FOMC|CPI y/y,Neutral|Neutral|Bad|Neutral|Good,1,0,1,0.0,100.0,0.0,2024-07
0.1,5,Core CPI m/m|PPI m/m|Core PPI m/m|FOMC|CPI y/y,Neutral|Neutral|Neutral|Good|Neutral,1,0,1,0.0,100.0,0.0,2024-09
0.1,5,Core CPI m/m|PPI m/m|Core PPI m/m|FOMC|CPI y/y,Neutral|Neutral|Neutral|Neutral|Neutral,1,0,1,0.0,100.0,0.0,2024-11
0.1,5,Core CPI m/m|PPI m/m|Core PPI m/m|FOMC|CPI y/y,Neutral|Bad|Neutral|Neutral|Neutral,1,0,1,0.0,100.0,0.0,2024-12
0.2,5,Core CPI m/m|PPI m/m|Core PPI m/m|FOMC|CPI y/y,Neutral|Good|Good|Neutral|Neutral,2,2,0,100.0,0.0,inf,2023-03|2024-06
0.2,5,Core CPI m/m|PPI m/m|Core PPI m/m|FOMC|CPI y/y,Neutral|Neutral|Neutral|Neutral|Neutral,7,1,6,14.3,85.7,0.17,2023-05|2023-07|2023-12|2024-07|2024-11|2024-12|2025-01
0.2,5,Core CPI m/m|PPI m/m|Core PPI m/m|FOMC|CPI y/y,Neutral|Bad|Neutral|Neutral|Neutral,1,1,0,100.0,0.0,inf,2023-09
0.2,5,Core CPI m/m|PPI m/m|Core PPI m/m|FOMC|CPI y/y,Neutral|Neutral|Neutral|Good|Neutral,1,0,1,0.0,100.0,0.0,2024-09
0.3,5,Core CPI m/m|PPI m/m|Core PPI m/m|FOMC|CPI y/y,Neutral|Good|Good|Neutral|Neutral,1,1,0,100.0,0.0,inf,2023-03
0.3,5,Core CPI m/m|PPI m/m|Core PPI m/m|FOMC|CPI y/y,Neutral|Neutral|Neutral|Neutral|Neutral,9,2,7,22.2,77.8,0.29,2023-05|2023-07|2023-09|2023-12|2024-07|2024-09|2024-11|2024-12|2025-01
0.3,5,Core CPI m/m|PPI m/m|Core PPI m/m|FOMC|CPI y/y,Neutral|Good|Neutral|Neutral|Neutral,1,1,0,100.0,0.0,inf,2024-06
0.0,6,CPI m/m|Core CPI m/m|PPI m/m|Core PPI m/m|FOMC|CPI y/y,Neutral|Bad|Good|Good|Neutral|Neutral,1,1,0,100.0,0.0,inf,2023-03
0.0,6,CPI m/m|Core CPI m/m|PPI m/m|Core PPI m/m|FOMC|CPI y/y,Neutral|Bad|Good|Neutral|Neutral|Good,1,1,0,100.0,0.0,inf,2023-05
0.0,6,CPI m/m|Core CPI m/m|PPI m/m|Core PPI m/m|FOMC|CPI y/y,Good|Good|Good|Good|Neutral|Good,2,1,1,50.0,50.0,1.0,2023-07|2024-06
0.0,6,CPI m/m|Core CPI m/m|PPI m/m|Core PPI m/m|FOMC|CPI y/y,Neutral|Bad|Bad|Neutral|Neutral|Bad,1,1,0,100.0,0.0,inf,2023-09
0.0,6,CPI m/m|Core CPI m/m|PPI m/m|Core PPI m/m|FOMC|CPI y/y,Bad|Neutral|Neutral|Good|Neutral|Neutral,1,0,1,0.0,100.0,0.0,2023-12
0.0,6,CPI m/m|Core CPI m/m|PPI m/m|Core PPI m/m|FOMC|CPI y/y,Good|Good|Bad|Bad|Neutral|Good,1,0,1,0.0,100.0,0.0,2024-07
0.0,6,CPI m/m|Core CPI m/m|PPI m/m|Core PPI m/m|FOMC|CPI y/y,Neutral|Bad|Bad|Bad|Good|Neutral,1,0,1,0.0,100.0,0.0,2024-09
0.0,6,CPI m/m|Core CPI m/m|PPI m/m|Core PPI m/m|FOMC|CPI y/y,Neutral|Neutral|Neutral|Neutral|Neutral|Neutral,1,0,1,0.0,100.0,0.0,2024-11
0.0,6,CPI m/m|Core CPI m/m|PPI m/m|Core PPI m/m|FOMC|CPI y/y,Neutral|Neutral|Bad|Neutral|Neutral|Neutral,1,0,1,0.0,100.0,0.0,2024-12
0.0,6,CPI m/m|Core CPI m/m|PPI m/m|Core PPI m/m|FOMC|CPI y/y,Neutral|Good|Good|Good|Neutral|Neutral,1,0,1,0.0,100.0,0.0,2025-01
0.1,6,CPI m/m|Core CPI m/m|PPI m/m|Core PPI m/m|FOMC|CPI y/y,Neutral|Neutral|Good|Good|Neutral|Neutral,2,1,1,50.0,50.0,1.0,2023-03|2025-01
0.1,6,CPI m/m|Core CPI m/m|PPI m/m|Core PPI m/m|FOMC|CPI y/y,Neutral|Bad|Neutral|Neutral|Neutral|Neutral,1,1,0,100.0,0.0,inf,2023-05
0.1,6,CPI m/m|Core CPI m/m|PPI m/m|Core PPI m/m|FOMC|CPI y/y,Neutral|Neutral|Neutral|Neutral|Neutral|Good,1,0,1,0.0,100.0,0.0,2023-07
0.1,6,CPI m/m|Core CPI m/m|PPI m/m|Core PPI m/m|FOMC|CPI y/y,Neutral|Neutral|Bad|Neutral|Neutral|Bad,1,1,0,100.0,0.0,inf,2023-09
0.1,6,CPI m/m|Core CPI m/m|PPI m/m|Core PPI m/m|FOMC|CPI y/y,Neutral|Neutral|Neutral|Good|Neutral|Neutral,1,0,1,0.0,100.0,0.0,2023-12
0.1,6,CPI m/m|Core CPI m/m|PPI m/m|Core PPI m/m|FOMC|CPI y/y,Neutral|Neutral|Good|Good|Neutral|Good,1,1,0,100.0,0.0,inf,2024-06
0.1,6,CPI m/m|Core CPI m/m|PPI m/m|Core PPI m/m|FOMC|CPI y/y,Good|Neutral|Neutral|Bad|Neutral|Good,1,0,1,0.0,100.0,0.0,2024-07
0.1,6,CPI m/m|Core CPI m/m|PPI m/m|Core PPI m/m|FOMC|CPI y/y,Neutral|Neutral|Neutral|Neutral|Good|Neutral,1,0,1,0.0,100.0,0.0,2024-09
0.1,6,CPI m/m|Core CPI m/m|PPI m/m|Core PPI m/m|FOMC|CPI y/y,Neutral|Neutral|Neutral|Neutral|Neutral|Neutral,1,0,1,0.0,100.0,0.0,2024-11
0.1,6,CPI m/m|Core CPI m/m|PPI m/m|Core PPI m/m|FOMC|CPI y/y,Neutral|Neutral|Bad|Neutral|Neutral|Neutral,1,0,1,0.0,100.0,0.0,2024-12
0.2,6,CPI m/m|Core CPI m/m|PPI m/m|Core PPI m/m|FOMC|CPI y/y,Neutral|Neutral|Good|Good|Neutral|Neutral,2,2,0,100.0,0.0,inf,2023-03|2024-06
0.2,6,CPI m/m|Core CPI m/m|PPI m/m|Core PPI m/m|FOMC|CPI y/y,Neutral|Neutral|Neutral|Neutral|Neutral|Neutral,7,1,6,14.3,85.7,0.17,2023-05|2023-07|2023-12|2024-07|2024-11|2024-12|2025-01
0.2,6,CPI m/m|Core CPI m/m|PPI m/m|Core PPI m/m|FOMC|CPI y/y,Neutral|Neutral|Bad|Neutral|Neutral|Neutral,1,1,0,100.0,0.0,inf,2023-09
0.2,6,CPI m/m|Core CPI m/m|PPI m/m|Core PPI m/m|FOMC|CPI y/y,Neutral|Neutral|Neutral|Neutral|Good|Neutral,1,0,1,0.0,100.0,0.0,2024-09
0.3,6,CPI m/m|Core CPI m/m|PPI m/m|Core PPI m/m|FOMC|CPI y/y,Neutral|Neutral|Good|Good|Neutral|Neutral,1,1,0,100.0,0.0,inf,2023-03
0.3,6,CPI m/m|Core CPI m/m|PPI m/m|Core PPI m/m|FOMC|CPI y/y,Neutral|Neutral|Neutral|Neutral|Neutral|Neutral,9,2,7,22.2,77.8,0.29,2023-05|2023-07|2023-09|2023-12|2024-07|2024-09|2024-11|2024-12|2025-01
0.3,6,CPI m/m|Core CPI m/m|PPI m/m|Core PPI m/m|FOMC|CPI y/y,Neutral|Neutral|Good|Neutral|Neutral|Neutral,1,1,0,100.0,0.0,inf,2024-06
