آستانه,تعداد_شاخص‌ها,لیست_شاخص‌ها,الگوی_وضعیت,تعداد_کل_وقوع,تعداد_ضررده,تعداد_سودده,درصد_ضررده,درصد_سودده,نسبت_شانس,دوره‌ها
0.0,1,CPI m/m,Neutral,34,21,13,61.8,38.2,1.62,2017-12-27_2018-01-25|2018-02-25_2018-03-26|2018-05-26_2018-06-24|2018-07-25_2018-08-23|2018-10-23_2018-11-21|2018-11-22_2018-12-21|2018-12-22_2019-01-20|2019-02-20_2019-03-21|2019-05-21_2019-06-19|2019-07-20_2019-08-18|2019-08-19_2019-09-17|2019-12-17_2020-01-15|2020-10-12_2020-11-10|2020-11-11_2020-12-10|2021-01-10_2021-02-08|2021-02-09_2021-03-10|2021-08-08_2021-09-06|2022-03-06_2022-04-04|2022-04-05_2022-05-04|2022-12-31_2023-01-29|2023-01-30_2023-02-28|2023-03-01_2023-03-30|2023-04-30_2023-05-29|2023-07-29_2023-08-27|2023-08-28_2023-09-26|2024-02-24_2024-03-24|2024-07-23_2024-08-21|2024-08-22_2024-09-20|2024-10-21_2024-11-19|2024-11-20_2024-12-19|2024-12-20_2025-01-18|2025-06-18_2025-07-17|2025-07-18_2025-08-16|2025-12-15_2026-01-13
0.0,1,CPI m/m,Bad,30,18,12,60.0,40.0,1.5,2018-01-26_2018-02-24|2019-03-22_2019-04-20|2019-06-20_2019-07-19|2019-10-18_2019-11-16|2019-11-17_2019-12-16|2020-02-15_2020-03-15|2020-07-14_2020-08-12|2020-08-13_2020-09-11|2021-04-10_2021-05-09|2021-05-10_2021-06-08|2021-06-09_2021-07-08|2021-07-09_2021-08-07|2021-10-07_2021-11-05|2021-11-06_2021-12-05|2021-12-06_2022-01-04|2022-01-05_2022-02-03|2022-02-04_2022-03-05|2022-05-05_2022-06-03|2022-06-04_2022-07-03|2022-07-04_2022-08-02|2022-09-02_2022-10-01|2022-10-02_2022-10-31|2023-09-27_2023-10-26|2023-11-26_2023-12-25|2023-12-26_2024-01-24|2024-01-25_2024-02-23|2024-03-25_2024-04-23|2024-09-21_2024-10-20|2025-01-19_2025-02-17|2025-08-17_2025-09-15
0.0,1,CPI m/m,Good,29,16,13,55.2,44.8,1.23,2018-03-27_2018-04-25|2018-04-26_2018-05-25|2018-06-25_2018-07-24|2018-08-24_2018-09-22|2018-09-23_2018-10-22|2019-01-21_2019-02-19|2019-04-21_2019-05-20|2019-09-18_2019-10-17|2020-01-16_2020-02-14|2020-03-16_2020-04-14|2020-04-15_2020-05-14|2020-05-15_2020-06-13|2021-09-07_2021-10-06|2022-08-03_2022-09-01|2022-11-01_2022-11-30|2022-12-01_2022-12-30|2023-03-31_2023-04-29|2023-05-30_2023-06-28|2023-06-29_2023-07-28|2023-10-27_2023-11-25|2024-04-24_2024-05-23|2024-05-24_2024-06-22|2024-06-23_2024-07-22|2025-02-18_2025-03-19|2025-03-20_2025-04-18|2025-04-19_2025-05-18|2025-05-19_2025-06-17|2025-10-16_2025-11-14|2026-02-13_2026-03-14
0.1,1,CPI m/m,Neutral,62,36,26,58.1,41.9,1.38,2017-12-27_2018-01-25|2018-02-25_2018-03-26|2018-03-27_2018-04-25|2018-04-26_2018-05-25|2018-05-26_2018-06-24|2018-06-25_2018-07-24|2018-07-25_2018-08-23|2018-08-24_2018-09-22|2018-09-23_2018-10-22|2018-10-23_2018-11-21|2018-11-22_2018-12-21|2018-12-22_2019-01-20|2019-01-21_2019-02-19|2019-02-20_2019-03-21|2019-05-21_2019-06-19|2019-06-20_2019-07-19|2019-07-20_2019-08-18|2019-08-19_2019-09-17|2019-09-18_2019-10-17|2019-11-17_2019-12-16|2019-12-17_2020-01-15|2020-01-16_2020-02-14|2020-02-15_2020-03-15|2020-05-15_2020-06-13|2020-10-12_2020-11-10|2020-11-11_2020-12-10|2021-01-10_2021-02-08|2021-02-09_2021-03-10|2021-04-10_2021-05-09|2021-08-08_2021-09-06|2022-01-05_2022-02-03|2022-03-06_2022-04-04|2022-04-05_2022-05-04|2022-05-05_2022-06-03|2022-12-31_2023-01-29|2023-01-30_2023-02-28|2023-03-01_2023-03-30|2023-03-31_2023-04-29|2023-04-30_2023-05-29|2023-05-30_2023-06-28|2023-06-29_2023-07-28|2023-07-29_2023-08-27|2023-08-28_2023-09-26|2023-10-27_2023-11-25|2023-11-26_2023-12-25|2023-12-26_2024-01-24|2024-01-25_2024-02-23|2024-02-24_2024-03-24|2024-05-24_2024-06-22|2024-07-23_2024-08-21|2024-08-22_2024-09-20|2024-09-21_2024-10-20|2024-10-21_2024-11-19|2024-11-20_2024-12-19|2024-12-20_2025-01-18|2025-02-18_2025-03-19|2025-04-19_2025-05-18|2025-05-19_2025-06-17|2025-06-18_2025-07-17|2025-07-18_2025-08-16|2025-12-15_2026-01-13|2026-02-13_2026-03-14
0.1,1,CPI m/m,Bad,20,13,7,65.0,35.0,1.86,2018-01-26_2018-02-24|2019-03-22_2019-04-20|2019-10-18_2019-11-16|2020-07-14_2020-08-12|2020-08-13_2020-09-11|2021-05-10_2021-06-08|2021-06-09_2021-07-08|2021-07-09_2021-08-07|2021-10-07_2021-11-05|2021-11-06_2021-12-05|2021-12-06_2022-01-04|2022-02-04_2022-03-05|2022-06-04_2022-07-03|2022-07-04_2022-08-02|2022-09-02_2022-10-01|2022-10-02_2022-10-31|2023-09-27_2023-10-26|2024-03-25_2024-04-23|2025-01-19_2025-02-17|2025-08-17_2025-09-15
0.1,1,CPI m/m,Good,11,6,5,54.5,45.5,1.2,2019-04-21_2019-05-20|2020-03-16_2020-04-14|2020-04-15_2020-05-14|2021-09-07_2021-10-06|2022-08-03_2022-09-01|2022-11-01_2022-11-30|2022-12-01_2022-12-30|2024-04-24_2024-05-23|2024-06-23_2024-07-22|2025-03-20_2025-04-18|2025-10-16_2025-11-14
0.2,1,CPI m/m,Neutral,89,54,35,60.7,39.3,1.54,2017-12-27_2018-01-25|2018-01-26_2018-02-24|2018-02-25_2018-03-26|2018-03-27_2018-04-25|2018-04-26_2018-05-25|2018-05-26_2018-06-24|2018-06-25_2018-07-24|2018-07-25_2018-08-23|2018-08-24_2018-09-22|2018-09-23_2018-10-22|2018-10-23_2018-11-21|2018-11-22_2018-12-21|2018-12-22_2019-01-20|2019-01-21_2019-02-19|2019-02-20_2019-03-21|2019-03-22_2019-04-20|2019-04-21_2019-05-20|2019-05-21_2019-06-19|2019-06-20_2019-07-19|2019-07-20_2019-08-18|2019-08-19_2019-09-17|2019-09-18_2019-10-17|2019-10-18_2019-11-16|2019-11-17_2019-12-16|2019-12-17_2020-01-15|2020-01-16_2020-02-14|2020-02-15_2020-03-15|2020-03-16_2020-04-14|2020-04-15_2020-05-14|2020-05-15_2020-06-13|2020-07-14_2020-08-12|2020-08-13_2020-09-11|2020-10-12_2020-11-10|2020-11-11_2020-12-10|2021-01-10_2021-02-08|2021-02-09_2021-03-10|2021-04-10_2021-05-09|2021-06-09_2021-07-08|2021-08-08_2021-09-06|2021-09-07_2021-10-06|2021-10-07_2021-11-05|2021-12-06_2022-01-04|2022-01-05_2022-02-03|2022-02-04_2022-03-05|2022-03-06_2022-04-04|2022-04-05_2022-05-04|2022-05-05_2022-06-03|2022-07-04_2022-08-02|2022-08-03_2022-09-01|2022-09-02_2022-10-01|2022-10-02_2022-10-31|2022-11-01_2022-11-30|2022-12-01_2022-12-30|2022-12-31_2023-01-29|2023-01-30_2023-02-28|2023-03-01_2023-03-30|2023-03-31_2023-04-29|2023-04-30_2023-05-29|2023-05-30_2023-06-28|2023-06-29_2023-07-28|2023-07-29_2023-08-27|2023-08-28_2023-09-26|2023-09-27_2023-10-26|2023-10-27_2023-11-25|2023-11-26_2023-12-25|2023-12-26_2024-01-24|2024-01-25_2024-02-23|2024-02-24_2024-03-24|2024-03-25_2024-04-23|2024-04-24_2024-05-23|2024-05-24_2024-06-22|2024-06-23_2024-07-22|2024-07-23_2024-08-21|2024-08-22_2024-09-20|2024-09-21_2024-10-20|2024-10-21_2024-11-19|2024-11-20_2024-12-19|2024-12-20_2025-01-18|2025-01-19_2025-02-17|2025-02-18_2025-03-19|2025-03-20_2025-04-18|2025-04-19_2025-05-18|2025-05-19_2025-06-17|2025-06-18_2025-07-17|2025-07-18_2025-08-16|2025-08-17_2025-09-15|2025-10-16_2025-11-14|2025-12-15_2026-01-13|2026-02-13_2026-03-14
0.2,1,CPI m/m,Bad,4,1,3,25.0,75.0,0.33,2021-05-10_2021-06-08|2021-07-09_2021-08-07|2021-11-06_2021-12-05|2022-06-04_2022-07-03
0.3,1,CPI m/m,Neutral,89,54,35,60.7,39.3,1.54,2017-12-27_2018-01-25|2018-01-26_2018-02-24|2018-02-25_2018-03-26|2018-03-27_2018-04-25|2018-04-26_2018-05-25|2018-05-26_2018-06-24|2018-06-25_2018-07-24|2018-07-25_2018-08-23|2018-08-24_2018-09-22|2018-09-23_2018-10-22|2018-10-23_2018-11-21|2018-11-22_2018-12-21|2018-12-22_2019-01-20|2019-01-21_2019-02-19|2019-02-20_2019-03-21|2019-03-22_2019-04-20|2019-04-21_2019-05-20|2019-05-21_2019-06-19|2019-06-20_2019-07-19|2019-07-20_2019-08-18|2019-08-19_2019-09-17|2019-09-18_2019-10-17|2019-10-18_2019-11-16|2019-11-17_2019-12-16|2019-12-17_2020-01-15|2020-01-16_2020-02-14|2020-02-15_2020-03-15|2020-03-16_2020-04-14|2020-04-15_2020-05-14|2020-05-15_2020-06-13|2020-07-14_2020-08-12|2020-08-13_2020-09-11|2020-10-12_2020-11-10|2020-11-11_2020-12-10|2021-01-10_2021-02-08|2021-02-09_2021-03-10|2021-04-10_2021-05-09|2021-06-09_2021-07-08|2021-08-08_2021-09-06|2021-09-07_2021-10-06|2021-10-07_2021-11-05|2021-12-06_2022-01-04|2022-01-05_2022-02-03|2022-02-04_2022-03-05|2022-03-06_2022-04-04|2022-04-05_2022-05-04|2022-05-05_2022-06-03|2022-07-04_2022-08-02|2022-08-03_2022-09-01|2022-09-02_2022-10-01|2022-10-02_2022-10-31|2022-11-01_2022-11-30|2022-12-01_2022-12-30|2022-12-31_2023-01-29|2023-01-30_2023-02-28|2023-03-01_2023-03-30|2023-03-31_2023-04-29|2023-04-30_2023-05-29|2023-05-30_2023-06-28|2023-06-29_2023-07-28|2023-07-29_2023-08-27|2023-08-28_2023-09-26|2023-09-27_2023-10-26|2023-10-27_2023-11-25|2023-11-26_2023-12-25|2023-12-26_2024-01-24|2024-01-25_2024-02-23|2024-02-24_2024-03-24|2024-03-25_2024-04-23|2024-04-24_2024-05-23|2024-05-24_2024-06-22|2024-06-23_2024-07-22|2024-07-23_2024-08-21|2024-08-22_2024-09-20|2024-09-21_2024-10-20|2024-10-21_2024-11-19|2024-11-20_2024-12-19|2024-12-20_2025-01-18|2025-01-19_2025-02-17|2025-02-18_2025-03-19|2025-03-20_2025-04-18|2025-04-19_2025-05-18|2025-05-19_2025-06-17|2025-06-18_2025-07-17|2025-07-18_2025-08-16|2025-08-17_2025-09-15|2025-10-16_2025-11-14|2025-12-15_2026-01-13|2026-02-13_2026-03-14
0.3,1,CPI m/m,Bad,4,1,3,25.0,75.0,0.33,2021-05-10_2021-06-08|2021-07-09_2021-08-07|2021-11-06_2021-12-05|2022-06-04_2022-07-03
0.0,1,Core CPI m/m,Bad,29,16,13,55.2,44.8,1.23,2017-12-27_2018-01-25|2018-01-26_2018-02-24|2018-05-26_2018-06-24|2019-06-20_2019-07-19|2019-07-20_2019-08-18|2019-08-19_2019-09-17|2020-07-14_2020-08-12|2020-08-13_2020-09-11|2021-04-10_2021-05-09|2021-05-10_2021-06-08|2021-06-09_2021-07-08|2021-07-09_2021-08-07|2021-11-06_2021-12-05|2022-01-05_2022-02-03|2022-02-04_2022-03-05|2022-05-05_2022-06-03|2022-06-04_2022-07-03|2022-07-04_2022-08-02|2022-09-02_2022-10-01|2022-10-02_2022-10-31|2023-03-01_2023-03-30|2023-04-30_2023-05-29|2023-08-28_2023-09-26|2024-01-25_2024-02-23|2024-02-24_2024-03-24|2024-03-25_2024-04-23|2024-08-22_2024-09-20|2024-09-21_2024-10-20|2025-01-19_2025-02-17
0.0,1,Core CPI m/m,Neutral,32,19,13,59.4,40.6,1.46,2018-02-25_2018-03-26|2018-03-27_2018-04-25|2018-06-25_2018-07-24|2018-07-25_2018-08-23|2018-10-23_2018-11-21|2018-11-22_2018-12-21|2018-12-22_2019-01-20|2019-01-21_2019-02-19|2019-10-18_2019-11-16|2019-11-17_2019-12-16|2020-01-16_2020-02-14|2020-02-15_2020-03-15|2020-10-12_2020-11-10|2021-01-10_2021-02-08|2021-10-07_2021-11-05|2021-12-06_2022-01-04|2022-03-06_2022-04-04|2022-12-31_2023-01-29|2023-01-30_2023-02-28|2023-03-31_2023-04-29|2023-05-30_2023-06-28|2023-07-29_2023-08-27|2023-09-27_2023-10-26|2023-11-26_2023-12-25|2023-12-26_2024-01-24|2024-04-24_2024-05-23|2024-07-23_2024-08-21|2024-10-21_2024-11-19|2024-11-20_2024-12-19|2025-07-18_2025-08-16|2025-08-17_2025-09-15|2026-02-13_2026-03-14
0.0,1,Core CPI m/m,Good,32,20,12,62.5,37.5,1.67,2018-04-26_2018-05-25|2018-08-24_2018-09-22|2018-09-23_2018-10-22|2019-02-20_2019-03-21|2019-03-22_2019-04-20|2019-04-21_2019-05-20|2019-05-21_2019-06-19|2019-09-18_2019-10-17|2019-12-17_2020-01-15|2020-03-16_2020-04-14|2020-04-15_2020-05-14|2020-05-15_2020-06-13|2020-11-11_2020-12-10|2021-02-09_2021-03-10|2021-08-08_2021-09-06|2021-09-07_2021-10-06|2022-04-05_2022-05-04|2022-08-03_2022-09-01|2022-11-01_2022-11-30|2022-12-01_2022-12-30|2023-06-29_2023-07-28|2023-10-27_2023-11-25|2024-05-24_2024-06-22|2024-06-23_2024-07-22|2024-12-20_2025-01-18|2025-02-18_2025-03-19|2025-03-20_2025-04-18|2025-04-19_2025-05-18|2025-05-19_2025-06-17|2025-06-18_2025-07-17|2025-10-16_2025-11-14|2025-12-15_2026-01-13
0.1,1,Core CPI m/m,Neutral,68,44,24,64.7,35.3,1.83,2017-12-27_2018-01-25|2018-01-26_2018-02-24|2018-02-25_2018-03-26|2018-03-27_2018-04-25|2018-04-26_2018-05-25|2018-05-26_2018-06-24|2018-06-25_2018-07-24|2018-07-25_2018-08-23|2018-08-24_2018-09-22|2018-09-23_2018-10-22|2018-10-23_2018-11-21|2018-11-22_2018-12-21|2018-12-22_2019-01-20|2019-01-21_2019-02-19|2019-02-20_2019-03-21|2019-03-22_2019-04-20|2019-04-21_2019-05-20|2019-05-21_2019-06-19|2019-06-20_2019-07-19|2019-07-20_2019-08-18|2019-08-19_2019-09-17|2019-09-18_2019-10-17|2019-10-18_2019-11-16|2019-11-17_2019-12-16|2019-12-17_2020-01-15|2020-01-16_2020-02-14|2020-02-15_2020-03-15|2020-05-15_2020-06-13|2020-10-12_2020-11-10|2020-11-11_2020-12-10|2021-01-10_2021-02-08|2021-04-10_2021-05-09|2021-10-07_2021-11-05|2021-12-06_2022-01-04|2022-01-05_2022-02-03|2022-02-04_2022-03-05|2022-03-06_2022-04-04|2022-06-04_2022-07-03|2022-12-01_2022-12-30|2022-12-31_2023-01-29|2023-01-30_2023-02-28|2023-03-01_2023-03-30|2023-03-31_2023-04-29|2023-05-30_2023-06-28|2023-06-29_2023-07-28|2023-07-29_2023-08-27|2023-08-28_2023-09-26|2023-09-27_2023-10-26|2023-10-27_2023-11-25|2023-11-26_2023-12-25|2023-12-26_2024-01-24|2024-04-24_2024-05-23|2024-05-24_2024-06-22|2024-06-23_2024-07-22|2024-07-23_2024-08-21|2024-08-22_2024-09-20|2024-09-21_2024-10-20|2024-10-21_2024-11-19|2024-11-20_2024-12-19|2024-12-20_2025-01-18|2025-02-18_2025-03-19|2025-04-19_2025-05-18|2025-06-18_2025-07-17|2025-07-18_2025-08-16|2025-08-17_2025-09-15|2025-10-16_2025-11-14|2025-12-15_2026-01-13|2026-02-13_2026-03-14
0.1,1,Core CPI m/m,Good,10,5,5,50.0,50.0,1.0,2020-03-16_2020-04-14|2020-04-15_2020-05-14|2021-02-09_2021-03-10|2021-08-08_2021-09-06|2021-09-07_2021-10-06|2022-04-05_2022-05-04|2022-08-03_2022-09-01|2022-11-01_2022-11-30|2025-03-20_2025-04-18|2025-05-19_2025-06-17
0.1,1,Core CPI m/m,Bad,15,6,9,40.0,60.0,0.67,2020-07-14_2020-08-12|2020-08-13_2020-09-11|2021-05-10_2021-06-08|2021-06-09_2021-07-08|2021-07-09_2021-08-07|2021-11-06_2021-12-05|2022-05-05_2022-06-03|2022-07-04_2022-08-02|2022-09-02_2022-10-01|2022-10-02_2022-10-31|2023-04-30_2023-05-29|2024-01-25_2024-02-23|2024-02-24_2024-03-24|2024-03-25_2024-04-23|2025-01-19_2025-02-17
0.2,1,Core CPI m/m,Neutral,89,53,36,59.6,40.4,1.47,2017-12-27_2018-01-25|2018-01-26_2018-02-24|2018-02-25_2018-03-26|2018-03-27_2018-04-25|2018-04-26_2018-05-25|2018-05-26_2018-06-24|2018-06-25_2018-07-24|2018-07-25_2018-08-23|2018-08-24_2018-09-22|2018-09-23_2018-10-22|2018-10-23_2018-11-21|2018-11-22_2018-12-21|2018-12-22_2019-01-20|2019-01-21_2019-02-19|2019-02-20_2019-03-21|2019-03-22_2019-04-20|2019-04-21_2019-05-20|2019-05-21_2019-06-19|2019-06-20_2019-07-19|2019-07-20_2019-08-18|2019-08-19_2019-09-17|2019-09-18_2019-10-17|2019-10-18_2019-11-16|2019-11-17_2019-12-16|2019-12-17_2020-01-15|2020-01-16_2020-02-14|2020-02-15_2020-03-15|2020-03-16_2020-04-14|2020-04-15_2020-05-14|2020-05-15_2020-06-13|2020-08-13_2020-09-11|2020-10-12_2020-11-10|2020-11-11_2020-12-10|2021-01-10_2021-02-08|2021-02-09_2021-03-10|2021-04-10_2021-05-09|2021-06-09_2021-07-08|2021-08-08_2021-09-06|2021-09-07_2021-10-06|2021-10-07_2021-11-05|2021-11-06_2021-12-05|2021-12-06_2022-01-04|2022-01-05_2022-02-03|2022-02-04_2022-03-05|2022-03-06_2022-04-04|2022-04-05_2022-05-04|2022-05-05_2022-06-03|2022-06-04_2022-07-03|2022-07-04_2022-08-02|2022-08-03_2022-09-01|2022-10-02_2022-10-31|2022-11-01_2022-11-30|2022-12-01_2022-12-30|2022-12-31_2023-01-29|2023-01-30_2023-02-28|2023-03-01_2023-03-30|2023-03-31_2023-04-29|2023-04-30_2023-05-29|2023-05-30_2023-06-28|2023-06-29_2023-07-28|2023-07-29_2023-08-27|2023-08-28_2023-09-26|2023-09-27_2023-10-26|2023-10-27_2023-11-25|2023-11-26_2023-12-25|2023-12-26_2024-01-24|2024-01-25_2024-02-23|2024-02-24_2024-03-24|2024-03-25_2024-04-23|2024-04-24_2024-05-23|2024-05-24_2024-06-22|2024-06-23_2024-07-22|2024-07-23_2024-08-21|2024-08-22_2024-09-20|2024-09-21_2024-10-20|2024-10-21_2024-11-19|2024-11-20_2024-12-19|2024-12-20_2025-01-18|2025-01-19_2025-02-17|2025-02-18_2025-03-19|2025-03-20_2025-04-18|2025-04-19_2025-05-18|2025-05-19_2025-06-17|2025-06-18_2025-07-17|2025-07-18_2025-08-16|2025-08-17_2025-09-15|2025-10-16_2025-11-14|2025-12-15_2026-01-13|2026-02-13_2026-03-14
0.2,1,Core CPI m/m,Bad,4,2,2,50.0,50.0,1.0,2020-07-14_2020-08-12|2021-05-10_2021-06-08|2021-07-09_2021-08-07|2022-09-02_2022-10-01
0.3,1,Core CPI m/m,Neutral,91,54,37,59.3,40.7,1.46,2017-12-27_2018-01-25|2018-01-26_2018-02-24|2018-02-25_2018-03-26|2018-03-27_2018-04-25|2018-04-26_2018-05-25|2018-05-26_2018-06-24|2018-06-25_2018-07-24|2018-07-25_2018-08-23|2018-08-24_2018-09-22|2018-09-23_2018-10-22|2018-10-23_2018-11-21|2018-11-22_2018-12-21|2018-12-22_2019-01-20|2019-01-21_2019-02-19|2019-02-20_2019-03-21|2019-03-22_2019-04-20|2019-04-21_2019-05-20|2019-05-21_2019-06-19|2019-06-20_2019-07-19|2019-07-20_2019-08-18|2019-08-19_2019-09-17|2019-09-18_2019-10-17|2019-10-18_2019-11-16|2019-11-17_2019-12-16|2019-12-17_2020-01-15|2020-01-16_2020-02-14|2020-02-15_2020-03-15|2020-03-16_2020-04-14|2020-04-15_2020-05-14|2020-05-15_2020-06-13|2020-07-14_2020-08-12|2020-08-13_2020-09-11|2020-10-12_2020-11-10|2020-11-11_2020-12-10|2021-01-10_2021-02-08|2021-02-09_2021-03-10|2021-04-10_2021-05-09|2021-06-09_2021-07-08|2021-08-08_2021-09-06|2021-09-07_2021-10-06|2021-10-07_2021-11-05|2021-11-06_2021-12-05|2021-12-06_2022-01-04|2022-01-05_2022-02-03|2022-02-04_2022-03-05|2022-03-06_2022-04-04|2022-04-05_2022-05-04|2022-05-05_2022-06-03|2022-06-04_2022-07-03|2022-07-04_2022-08-02|2022-08-03_2022-09-01|2022-09-02_2022-10-01|2022-10-02_2022-10-31|2022-11-01_2022-11-30|2022-12-01_2022-12-30|2022-12-31_2023-01-29|2023-01-30_2023-02-28|2023-03-01_2023-03-30|2023-03-31_2023-04-29|2023-04-30_2023-05-29|2023-05-30_2023-06-28|2023-06-29_2023-07-28|2023-07-29_2023-08-27|2023-08-28_2023-09-26|2023-09-27_2023-10-26|2023-10-27_2023-11-25|2023-11-26_2023-12-25|2023-12-26_2024-01-24|2024-01-25_2024-02-23|2024-02-24_2024-03-24|2024-03-25_2024-04-23|2024-04-24_2024-05-23|2024-05-24_2024-06-22|2024-06-23_2024-07-22|2024-07-23_2024-08-21|2024-08-22_2024-09-20|2024-09-21_2024-10-20|2024-10-21_2024-11-19|2024-11-20_2024-12-19|2024-12-20_2025-01-18|2025-01-19_2025-02-17|2025-02-18_2025-03-19|2025-03-20_2025-04-18|2025-04-19_2025-05-18|2025-05-19_2025-06-17|2025-06-18_2025-07-17|2025-07-18_2025-08-16|2025-08-17_2025-09-15|2025-10-16_2025-11-14|2025-12-15_2026-01-13|2026-02-13_2026-03-14
0.3,1,Core CPI m/m,Bad,2,1,1,50.0,50.0,1.0,2021-05-10_2021-06-08|2021-07-09_2021-08-07
0.0,1,PPI m/m,Good,38,23,15,60.5,39.5,1.53,2017-12-27_2018-01-25|2018-04-26_2018-05-25|2018-07-25_2018-08-23|2018-08-24_2018-09-22|2018-12-22_2019-01-20|2019-01-21_2019-02-19|2019-02-20_2019-03-21|2019-09-18_2019-10-17|2019-11-17_2019-12-16|2019-12-17_2020-01-15|2020-02-15_2020-03-15|2020-04-15_2020-05-14|2020-06-14_2020-07-13|2021-01-10_2021-02-08|2021-10-07_2021-11-05|2022-01-05_2022-02-03|2022-03-06_2022-04-04|2022-08-03_2022-09-01|2022-11-01_2022-11-30|2022-12-31_2023-01-29|2023-03-01_2023-03-30|2023-03-31_2023-04-29|2023-04-30_2023-05-29|2023-05-30_2023-06-28|2023-06-29_2023-07-28|2023-10-27_2023-11-25|2023-12-26_2024-01-24|2024-03-25_2024-04-23|2024-05-24_2024-06-22|2024-07-23_2024-08-21|2024-09-21_2024-10-20|2024-12-20_2025-01-18|2025-02-18_2025-03-19|2025-03-20_2025-04-18|2025-04-19_2025-05-18|2025-05-19_2025-06-17|2025-06-18_2025-07-17|2025-08-17_2025-09-15
0.0,1,PPI m/m,Neutral,14,5,9,35.7,64.3,0.56,2018-01-26_2018-02-24|2018-09-23_2018-10-22|2019-04-21_2019-05-20|2019-05-21_2019-06-19|2019-06-20_2019-07-19|2019-07-20_2019-08-18|2020-12-11_2021-01-09|2021-11-06_2021-12-05|2022-05-05_2022-06-03|2022-06-04_2022-07-03|2022-09-02_2022-10-01|2023-11-26_2023-12-25|2024-10-21_2024-11-19|2025-11-15_2025-12-14
0.0,1,PPI m/m,Bad,42,28,14,66.7,33.3,2.0,2018-02-25_2018-03-26|2018-03-27_2018-04-25|2018-05-26_2018-06-24|2018-06-25_2018-07-24|2018-10-23_2018-11-21|2018-11-22_2018-12-21|2019-03-22_2019-04-20|2019-08-19_2019-09-17|2019-10-18_2019-11-16|2020-03-16_2020-04-14|2020-05-15_2020-06-13|2020-07-14_2020-08-12|2020-08-13_2020-09-11|2020-10-12_2020-11-10|2020-11-11_2020-12-10|2021-02-09_2021-03-10|2021-03-11_2021-04-09|2021-05-10_2021-06-08|2021-06-09_2021-07-08|2021-07-09_2021-08-07|2021-08-08_2021-09-06|2021-09-07_2021-10-06|2021-12-06_2022-01-04|2022-02-04_2022-03-05|2022-04-05_2022-05-04|2022-07-04_2022-08-02|2022-10-02_2022-10-31|2022-12-01_2022-12-30|2023-01-30_2023-02-28|2023-07-29_2023-08-27|2023-08-28_2023-09-26|2023-09-27_2023-10-26|2024-01-25_2024-02-23|2024-02-24_2024-03-24|2024-04-24_2024-05-23|2024-06-23_2024-07-22|2024-08-22_2024-09-20|2024-11-20_2024-12-19|2025-01-19_2025-02-17|2025-07-18_2025-08-16|2026-01-14_2026-02-12|2026-02-13_2026-03-14
0.1,1,PPI m/m,Good,26,16,10,61.5,38.5,1.6,2017-12-27_2018-01-25|2018-07-25_2018-08-23|2018-08-24_2018-09-22|2019-01-21_2019-02-19|2019-09-18_2019-10-17|2019-11-17_2019-12-16|2020-04-15_2020-05-14|2020-06-14_2020-07-13|2021-01-10_2021-02-08|2022-01-05_2022-02-03|2022-03-06_2022-04-04|2022-08-03_2022-09-01|2022-11-01_2022-11-30|2022-12-31_2023-01-29|2023-03-01_2023-03-30|2023-03-31_2023-04-29|2023-05-30_2023-06-28|2023-10-27_2023-11-25|2023-12-26_2024-01-24|2024-05-24_2024-06-22|2024-12-20_2025-01-18|2025-02-18_2025-03-19|2025-03-20_2025-04-18|2025-04-19_2025-05-18|2025-06-18_2025-07-17|2025-08-17_2025-09-15
0.1,1,PPI m/m,Neutral,38,20,18,52.6,47.4,1.11,2018-01-26_2018-02-24|2018-02-25_2018-03-26|2018-04-26_2018-05-25|2018-06-25_2018-07-24|2018-09-23_2018-10-22|2018-11-22_2018-12-21|2018-12-22_2019-01-20|2019-02-20_2019-03-21|2019-04-21_2019-05-20|2019-05-21_2019-06-19|2019-06-20_2019-07-19|2019-07-20_2019-08-18|2019-08-19_2019-09-17|2019-12-17_2020-01-15|2020-02-15_2020-03-15|2020-03-16_2020-04-14|2020-08-13_2020-09-11|2020-11-11_2020-12-10|2020-12-11_2021-01-09|2021-09-07_2021-10-06|2021-10-07_2021-11-05|2021-11-06_2021-12-05|2022-05-05_2022-06-03|2022-06-04_2022-07-03|2022-09-02_2022-10-01|2022-12-01_2022-12-30|2023-04-30_2023-05-29|2023-06-29_2023-07-28|2023-07-29_2023-08-27|2023-11-26_2023-12-25|2024-03-25_2024-04-23|2024-06-23_2024-07-22|2024-07-23_2024-08-21|2024-08-22_2024-09-20|2024-09-21_2024-10-20|2024-10-21_2024-11-19|2025-05-19_2025-06-17|2025-11-15_2025-12-14
0.1,1,PPI m/m,Bad,30,20,10,66.7,33.3,2.0,2018-03-27_2018-04-25|2018-05-26_2018-06-24|2018-10-23_2018-11-21|2019-03-22_2019-04-20|2019-10-18_2019-11-16|2020-05-15_2020-06-13|2020-07-14_2020-08-12|2020-10-12_2020-11-10|2021-02-09_2021-03-10|2021-03-11_2021-04-09|2021-05-10_2021-06-08|2021-06-09_2021-07-08|2021-07-09_2021-08-07|2021-08-08_2021-09-06|2021-12-06_2022-01-04|2022-02-04_2022-03-05|2022-04-05_2022-05-04|2022-07-04_2022-08-02|2022-10-02_2022-10-31|2023-01-30_2023-02-28|2023-08-28_2023-09-26|2023-09-27_2023-10-26|2024-01-25_2024-02-23|2024-02-24_2024-03-24|2024-04-24_2024-05-23|2024-11-20_2024-12-19|2025-01-19_2025-02-17|2025-07-18_2025-08-16|2026-01-14_2026-02-12|2026-02-13_2026-03-14
0.2,1,PPI m/m,Good,15,9,6,60.0,40.0,1.5,2017-12-27_2018-01-25|2018-08-24_2018-09-22|2019-09-18_2019-10-17|2020-04-15_2020-05-14|2020-06-14_2020-07-13|2022-08-03_2022-09-01|2022-12-31_2023-01-29|2023-03-01_2023-03-30|2023-03-31_2023-04-29|2023-10-27_2023-11-25|2024-05-24_2024-06-22|2025-02-18_2025-03-19|2025-03-20_2025-04-18|2025-04-19_2025-05-18|2025-08-17_2025-09-15
0.2,1,PPI m/m,Neutral,61,33,28,54.1,45.9,1.18,2018-01-26_2018-02-24|2018-02-25_2018-03-26|2018-03-27_2018-04-25|2018-04-26_2018-05-25|2018-05-26_2018-06-24|2018-06-25_2018-07-24|2018-07-25_2018-08-23|2018-09-23_2018-10-22|2018-11-22_2018-12-21|2018-12-22_2019-01-20|2019-01-21_2019-02-19|2019-02-20_2019-03-21|2019-04-21_2019-05-20|2019-05-21_2019-06-19|2019-06-20_2019-07-19|2019-07-20_2019-08-18|2019-08-19_2019-09-17|2019-10-18_2019-11-16|2019-11-17_2019-12-16|2019-12-17_2020-01-15|2020-02-15_2020-03-15|2020-03-16_2020-04-14|2020-08-13_2020-09-11|2020-10-12_2020-11-10|2020-11-11_2020-12-10|2020-12-11_2021-01-09|2021-01-10_2021-02-08|2021-09-07_2021-10-06|2021-10-07_2021-11-05|2021-11-06_2021-12-05|2022-01-05_2022-02-03|2022-03-06_2022-04-04|2022-05-05_2022-06-03|2022-06-04_2022-07-03|2022-09-02_2022-10-01|2022-10-02_2022-10-31|2022-11-01_2022-11-30|2022-12-01_2022-12-30|2023-04-30_2023-05-29|2023-05-30_2023-06-28|2023-06-29_2023-07-28|2023-07-29_2023-08-27|2023-09-27_2023-10-26|2023-11-26_2023-12-25|2023-12-26_2024-01-24|2024-01-25_2024-02-23|2024-03-25_2024-04-23|2024-04-24_2024-05-23|2024-06-23_2024-07-22|2024-07-23_2024-08-21|2024-08-22_2024-09-20|2024-09-21_2024-10-20|2024-10-21_2024-11-19|2024-11-20_2024-12-19|2024-12-20_2025-01-18|2025-01-19_2025-02-17|2025-05-19_2025-06-17|2025-06-18_2025-07-17|2025-11-15_2025-12-14|2026-01-14_2026-02-12|2026-02-13_2026-03-14
0.2,1,PPI m/m,Bad,18,14,4,77.8,22.2,3.5,2018-10-23_2018-11-21|2019-03-22_2019-04-20|2020-05-15_2020-06-13|2020-07-14_2020-08-12|2021-02-09_2021-03-10|2021-03-11_2021-04-09|2021-05-10_2021-06-08|2021-06-09_2021-07-08|2021-07-09_2021-08-07|2021-08-08_2021-09-06|2021-12-06_2022-01-04|2022-02-04_2022-03-05|2022-04-05_2022-05-04|2022-07-04_2022-08-02|2023-01-30_2023-02-28|2023-08-28_2023-09-26|2024-02-24_2024-03-24|2025-07-18_2025-08-16
0.3,1,PPI m/m,Good,14,8,6,57.1,42.9,1.33,2017-12-27_2018-01-25|2018-08-24_2018-09-22|2019-09-18_2019-10-17|2020-04-15_2020-05-14|2020-06-14_2020-07-13|2022-08-03_2022-09-01|2022-12-31_2023-01-29|2023-03-01_2023-03-30|2023-03-31_2023-04-29|2023-10-27_2023-11-25|2024-05-24_2024-06-22|2025-03-20_2025-04-18|2025-04-19_2025-05-18|2025-08-17_2025-09-15
0.3,1,PPI m/m,Neutral,70,41,29,58.6,41.4,1.41,2018-01-26_2018-02-24|2018-02-25_2018-03-26|2018-03-27_2018-04-25|2018-04-26_2018-05-25|2018-05-26_2018-06-24|2018-06-25_2018-07-24|2018-07-25_2018-08-23|2018-09-23_2018-10-22|2018-11-22_2018-12-21|2018-12-22_2019-01-20|2019-01-21_2019-02-19|2019-02-20_2019-03-21|2019-03-22_2019-04-20|2019-04-21_2019-05-20|2019-05-21_2019-06-19|2019-06-20_2019-07-19|2019-07-20_2019-08-18|2019-08-19_2019-09-17|2019-10-18_2019-11-16|2019-11-17_2019-12-16|2019-12-17_2020-01-15|2020-02-15_2020-03-15|2020-03-16_2020-04-14|2020-07-14_2020-08-12|2020-08-13_2020-09-11|2020-10-12_2020-11-10|2020-11-11_2020-12-10|2020-12-11_2021-01-09|2021-01-10_2021-02-08|2021-03-11_2021-04-09|2021-05-10_2021-06-08|2021-09-07_2021-10-06|2021-10-07_2021-11-05|2021-11-06_2021-12-05|2022-01-05_2022-02-03|2022-03-06_2022-04-04|2022-04-05_2022-05-04|2022-05-05_2022-06-03|2022-06-04_2022-07-03|2022-09-02_2022-10-01|2022-10-02_2022-10-31|2022-11-01_2022-11-30|2022-12-01_2022-12-30|2023-01-30_2023-02-28|2023-04-30_2023-05-29|2023-05-30_2023-06-28|2023-06-29_2023-07-28|2023-07-29_2023-08-27|2023-08-28_2023-09-26|2023-09-27_2023-10-26|2023-11-26_2023-12-25|2023-12-26_2024-01-24|2024-01-25_2024-02-23|2024-02-24_2024-03-24|2024-03-25_2024-04-23|2024-04-24_2024-05-23|2024-06-23_2024-07-22|2024-07-23_2024-08-21|2024-08-22_2024-09-20|2024-09-21_2024-10-20|2024-10-21_2024-11-19|2024-11-20_2024-12-19|2024-12-20_2025-01-18|2025-01-19_2025-02-17|2025-02-18_2025-03-19|2025-05-19_2025-06-17|2025-06-18_2025-07-17|2025-11-15_2025-12-14|2026-01-14_2026-02-12|2026-02-13_2026-03-14
0.3,1,PPI m/m,Bad,10,7,3,70.0,30.0,2.33,2018-10-23_2018-11-21|2020-05-15_2020-06-13|2021-02-09_2021-03-10|2021-06-09_2021-07-08|2021-07-09_2021-08-07|2021-08-08_2021-09-06|2021-12-06_2022-01-04|2022-02-04_2022-03-05|2022-07-04_2022-08-02|2025-07-18_2025-08-16
0.0,1,Core PPI m/m,Good,39,22,17,56.4,43.6,1.29,2017-12-27_2018-01-25|2018-07-25_2018-08-23|2018-08-24_2018-09-22|2018-12-22_2019-01-20|2019-02-20_2019-03-21|2019-04-21_2019-05-20|2019-07-20_2019-08-18|2019-09-18_2019-10-17|2019-11-17_2019-12-16|2019-12-17_2020-01-15|2020-02-15_2020-03-15|2020-04-15_2020-05-14|2020-06-14_2020-07-13|2020-11-11_2020-12-10|2020-12-11_2021-01-09|2021-10-07_2021-11-05|2021-11-06_2021-12-05|2022-03-06_2022-04-04|2022-05-05_2022-06-03|2022-06-04_2022-07-03|2022-07-04_2022-08-02|2022-08-03_2022-09-01|2022-11-01_2022-11-30|2023-03-01_2023-03-30|2023-03-31_2023-04-29|2023-06-29_2023-07-28|2023-10-27_2023-11-25|2023-11-26_2023-12-25|2023-12-26_2024-01-24|2024-05-24_2024-06-22|2024-07-23_2024-08-21|2024-12-20_2025-01-18|2025-02-18_2025-03-19|2025-03-20_2025-04-18|2025-04-19_2025-05-18|2025-05-19_2025-06-17|2025-06-18_2025-07-17|2025-08-17_2025-09-15|2025-11-15_2025-12-14
0.0,1,Core PPI m/m,Bad,38,26,12,68.4,31.6,2.17,2018-01-26_2018-02-24|2018-03-27_2018-04-25|2018-05-26_2018-06-24|2018-06-25_2018-07-24|2018-10-23_2018-11-21|2018-11-22_2018-12-21|2019-01-21_2019-02-19|2019-03-22_2019-04-20|2019-06-20_2019-07-19|2019-08-19_2019-09-17|2019-10-18_2019-11-16|2020-03-16_2020-04-14|2020-07-14_2020-08-12|2020-08-13_2020-09-11|2020-10-12_2020-11-10|2021-02-09_2021-03-10|2021-03-11_2021-04-09|2021-05-10_2021-06-08|2021-06-09_2021-07-08|2021-07-09_2021-08-07|2021-08-08_2021-09-06|2021-09-07_2021-10-06|2021-12-06_2022-01-04|2022-02-04_2022-03-05|2022-04-05_2022-05-04|2022-09-02_2022-10-01|2022-12-01_2022-12-30|2023-01-30_2023-02-28|2023-07-29_2023-08-27|2023-09-27_2023-10-26|2024-01-25_2024-02-23|2024-02-24_2024-03-24|2024-04-24_2024-05-23|2024-06-23_2024-07-22|2024-08-22_2024-09-20|2025-07-18_2025-08-16|2026-01-14_2026-02-12|2026-02-13_2026-03-14
0.0,1,Core PPI m/m,Neutral,17,8,9,47.1,52.9,0.89,2018-02-25_2018-03-26|2018-04-26_2018-05-25|2018-09-23_2018-10-22|2019-05-21_2019-06-19|2020-05-15_2020-06-13|2021-01-10_2021-02-08|2022-01-05_2022-02-03|2022-10-02_2022-10-31|2022-12-31_2023-01-29|2023-04-30_2023-05-29|2023-05-30_2023-06-28|2023-08-28_2023-09-26|2024-03-25_2024-04-23|2024-09-21_2024-10-20|2024-10-21_2024-11-19|2024-11-20_2024-12-19|2025-01-19_2025-02-17
0.1,1,Core PPI m/m,Good,27,16,11,59.3,40.7,1.45,2017-12-27_2018-01-25|2018-08-24_2018-09-22|2018-12-22_2019-01-20|2019-07-20_2019-08-18|2019-09-18_2019-10-17|2019-11-17_2019-12-16|2020-04-15_2020-05-14|2020-06-14_2020-07-13|2021-10-07_2021-11-05|2022-03-06_2022-04-04|2022-05-05_2022-06-03|2022-08-03_2022-09-01|2022-11-01_2022-11-30|2023-03-01_2023-03-30|2023-03-31_2023-04-29|2023-10-27_2023-11-25|2023-11-26_2023-12-25|2023-12-26_2024-01-24|2024-05-24_2024-06-22|2024-07-23_2024-08-21|2024-12-20_2025-01-18|2025-02-18_2025-03-19|2025-03-20_2025-04-18|2025-04-19_2025-05-18|2025-05-19_2025-06-17|2025-06-18_2025-07-17|2025-08-17_2025-09-15
0.1,1,Core PPI m/m,Bad,25,17,8,68.0,32.0,2.12,2018-01-26_2018-02-24|2018-10-23_2018-11-21|2018-11-22_2018-12-21|2020-03-16_2020-04-14|2020-07-14_2020-08-12|2020-08-13_2020-09-11|2020-10-12_2020-11-10|2021-02-09_2021-03-10|2021-03-11_2021-04-09|2021-05-10_2021-06-08|2021-06-09_2021-07-08|2021-07-09_2021-08-07|2021-08-08_2021-09-06|2021-12-06_2022-01-04|2022-02-04_2022-03-05|2022-04-05_2022-05-04|2022-09-02_2022-10-01|2022-12-01_2022-12-30|2023-01-30_2023-02-28|2024-01-25_2024-02-23|2024-04-24_2024-05-23|2024-06-23_2024-07-22|2025-07-18_2025-08-16|2026-01-14_2026-02-12|2026-02-13_2026-03-14
0.1,1,Core PPI m/m,Neutral,42,23,19,54.8,45.2,1.21,2018-02-25_2018-03-26|2018-03-27_2018-04-25|2018-04-26_2018-05-25|2018-05-26_2018-06-24|2018-06-25_2018-07-24|2018-07-25_2018-08-23|2018-09-23_2018-10-22|2019-01-21_2019-02-19|2019-02-20_2019-03-21|2019-03-22_2019-04-20|2019-04-21_2019-05-20|2019-05-21_2019-06-19|2019-06-20_2019-07-19|2019-08-19_2019-09-17|2019-10-18_2019-11-16|2019-12-17_2020-01-15|2020-02-15_2020-03-15|2020-05-15_2020-06-13|2020-11-11_2020-12-10|2020-12-11_2021-01-09|2021-01-10_2021-02-08|2021-09-07_2021-10-06|2021-11-06_2021-12-05|2022-01-05_2022-02-03|2022-06-04_2022-07-03|2022-07-04_2022-08-02|2022-10-02_2022-10-31|2022-12-31_2023-01-29|2023-04-30_2023-05-29|2023-05-30_2023-06-28|2023-06-29_2023-07-28|2023-07-29_2023-08-27|2023-08-28_2023-09-26|2023-09-27_2023-10-26|2024-02-24_2024-03-24|2024-03-25_2024-04-23|2024-08-22_2024-09-20|2024-09-21_2024-10-20|2024-10-21_2024-11-19|2024-11-20_2024-12-19|2025-01-19_2025-02-17|2025-11-15_2025-12-14
0.2,1,Core PPI m/m,Good,18,10,8,55.6,44.4,1.25,2017-12-27_2018-01-25|2018-08-24_2018-09-22|2018-12-22_2019-01-20|2019-07-20_2019-08-18|2019-09-18_2019-10-17|2019-11-17_2019-12-16|2020-06-14_2020-07-13|2021-10-07_2021-11-05|2022-03-06_2022-04-04|2022-11-01_2022-11-30|2023-03-01_2023-03-30|2023-03-31_2023-04-29|2023-10-27_2023-11-25|2024-05-24_2024-06-22|2025-02-18_2025-03-19|2025-03-20_2025-04-18|2025-04-19_2025-05-18|2025-08-17_2025-09-15
0.2,1,Core PPI m/m,Neutral,62,37,25,59.7,40.3,1.48,2018-01-26_2018-02-24|2018-02-25_2018-03-26|2018-03-27_2018-04-25|2018-04-26_2018-05-25|2018-05-26_2018-06-24|2018-06-25_2018-07-24|2018-07-25_2018-08-23|2018-09-23_2018-10-22|2018-11-22_2018-12-21|2019-01-21_2019-02-19|2019-02-20_2019-03-21|2019-03-22_2019-04-20|2019-04-21_2019-05-20|2019-05-21_2019-06-19|2019-06-20_2019-07-19|2019-08-19_2019-09-17|2019-10-18_2019-11-16|2019-12-17_2020-01-15|2020-02-15_2020-03-15|2020-03-16_2020-04-14|2020-04-15_2020-05-14|2020-05-15_2020-06-13|2020-08-13_2020-09-11|2020-10-12_2020-11-10|2020-11-11_2020-12-10|2020-12-11_2021-01-09|2021-01-10_2021-02-08|2021-06-09_2021-07-08|2021-09-07_2021-10-06|2021-11-06_2021-12-05|2022-01-05_2022-02-03|2022-05-05_2022-06-03|2022-06-04_2022-07-03|2022-07-04_2022-08-02|2022-08-03_2022-09-01|2022-09-02_2022-10-01|2022-10-02_2022-10-31|2022-12-01_2022-12-30|2022-12-31_2023-01-29|2023-01-30_2023-02-28|2023-04-30_2023-05-29|2023-05-30_2023-06-28|2023-06-29_2023-07-28|2023-07-29_2023-08-27|2023-08-28_2023-09-26|2023-09-27_2023-10-26|2023-11-26_2023-12-25|2023-12-26_2024-01-24|2024-02-24_2024-03-24|2024-03-25_2024-04-23|2024-06-23_2024-07-22|2024-07-23_2024-08-21|2024-08-22_2024-09-20|2024-09-21_2024-10-20|2024-10-21_2024-11-19|2024-11-20_2024-12-19|2024-12-20_2025-01-18|2025-01-19_2025-02-17|2025-05-19_2025-06-17|2025-06-18_2025-07-17|2025-11-15_2025-12-14|2026-01-14_2026-02-12
0.2,1,Core PPI m/m,Bad,14,9,5,64.3,35.7,1.8,2018-10-23_2018-11-21|2020-07-14_2020-08-12|2021-02-09_2021-03-10|2021-03-11_2021-04-09|2021-05-10_2021-06-08|2021-07-09_2021-08-07|2021-08-08_2021-09-06|2021-12-06_2022-01-04|2022-02-04_2022-03-05|2022-04-05_2022-05-04|2024-01-25_2024-02-23|2024-04-24_2024-05-23|2025-07-18_2025-08-16|2026-02-13_2026-03-14
0.3,1,Core PPI m/m,Good,14,7,7,50.0,50.0,1.0,2017-12-27_2018-01-25|2018-08-24_2018-09-22|2018-12-22_2019-01-20|2019-07-20_2019-08-18|2019-09-18_2019-10-17|2019-11-17_2019-12-16|2020-06-14_2020-07-13|2022-03-06_2022-04-04|2023-03-01_2023-03-30|2023-03-31_2023-04-29|2025-02-18_2025-03-19|2025-03-20_2025-04-18|2025-04-19_2025-05-18|2025-08-17_2025-09-15
0.3,1,Core PPI m/m,Neutral,71,45,26,63.4,36.6,1.73,2018-01-26_2018-02-24|2018-02-25_2018-03-26|2018-03-27_2018-04-25|2018-04-26_2018-05-25|2018-05-26_2018-06-24|2018-06-25_2018-07-24|2018-07-25_2018-08-23|2018-09-23_2018-10-22|2018-10-23_2018-11-21|2018-11-22_2018-12-21|2019-01-21_2019-02-19|2019-02-20_2019-03-21|2019-03-22_2019-04-20|2019-04-21_2019-05-20|2019-05-21_2019-06-19|2019-06-20_2019-07-19|2019-08-19_2019-09-17|2019-10-18_2019-11-16|2019-12-17_2020-01-15|2020-02-15_2020-03-15|2020-03-16_2020-04-14|2020-04-15_2020-05-14|2020-05-15_2020-06-13|2020-08-13_2020-09-11|2020-10-12_2020-11-10|2020-11-11_2020-12-10|2020-12-11_2021-01-09|2021-01-10_2021-02-08|2021-03-11_2021-04-09|2021-05-10_2021-06-08|2021-06-09_2021-07-08|2021-09-07_2021-10-06|2021-10-07_2021-11-05|2021-11-06_2021-12-05|2021-12-06_2022-01-04|2022-01-05_2022-02-03|2022-05-05_2022-06-03|2022-06-04_2022-07-03|2022-07-04_2022-08-02|2022-08-03_2022-09-01|2022-09-02_2022-10-01|2022-10-02_2022-10-31|2022-11-01_2022-11-30|2022-12-01_2022-12-30|2022-12-31_2023-01-29|2023-01-30_2023-02-28|2023-04-30_2023-05-29|2023-05-30_2023-06-28|2023-06-29_2023-07-28|2023-07-29_2023-08-27|2023-08-28_2023-09-26|2023-09-27_2023-10-26|2023-10-27_2023-11-25|2023-11-26_2023-12-25|2023-12-26_2024-01-24|2024-02-24_2024-03-24|2024-03-25_2024-04-23|2024-04-24_2024-05-23|2024-05-24_2024-06-22|2024-06-23_2024-07-22|2024-07-23_2024-08-21|2024-08-22_2024-09-20|2024-09-21_2024-10-20|2024-10-21_2024-11-19|2024-11-20_2024-12-19|2024-12-20_2025-01-18|2025-01-19_2025-02-17|2025-05-19_2025-06-17|2025-06-18_2025-07-17|2025-11-15_2025-12-14|2026-01-14_2026-02-12
0.3,1,Core PPI m/m,Bad,9,4,5,44.4,55.6,0.8,2020-07-14_2020-08-12|2021-02-09_2021-03-10|2021-07-09_2021-08-07|2021-08-08_2021-09-06|2022-02-04_2022-03-05|2022-04-05_2022-05-04|2024-01-25_2024-02-23|2025-07-18_2025-08-16|2026-02-13_2026-03-14
0.0,1,FOMC,Neutral,66,42,24,63.6,36.4,1.75,2018-01-26_2018-02-24|2018-02-25_2018-03-26|2018-04-26_2018-05-25|2018-05-26_2018-06-24|2018-07-25_2018-08-23|2018-09-23_2018-10-22|2018-10-23_2018-11-21|2018-11-22_2018-12-21|2019-01-21_2019-02-19|2019-02-20_2019-03-21|2019-04-21_2019-05-20|2019-05-21_2019-06-19|2019-07-20_2019-08-18|2019-09-18_2019-10-17|2019-10-18_2019-11-16|2019-11-17_2019-12-16|2020-01-16_2020-02-14|2020-04-15_2020-05-14|2020-05-15_2020-06-13|2020-07-14_2020-08-12|2020-09-12_2020-10-11|2020-10-12_2020-11-10|2020-12-11_2021-01-09|2021-01-10_2021-02-08|2021-03-11_2021-04-09|2021-04-10_2021-05-09|2021-06-09_2021-07-08|2021-07-09_2021-08-07|2021-09-07_2021-10-06|2021-10-07_2021-11-05|2021-12-06_2022-01-04|2022-01-05_2022-02-03|2022-03-06_2022-04-04|2022-04-05_2022-05-04|2022-06-04_2022-07-03|2022-07-04_2022-08-02|2022-09-02_2022-10-01|2022-11-01_2022-11-30|2022-12-01_2022-12-30|2023-01-30_2023-02-28|2023-03-01_2023-03-30|2023-04-30_2023-05-29|2023-05-30_2023-06-28|2023-06-29_2023-07-28|2023-08-28_2023-09-26|2023-10-27_2023-11-25|2023-11-26_2023-12-25|2024-01-25_2024-02-23|2024-02-24_2024-03-24|2024-04-24_2024-05-23|2024-05-24_2024-06-22|2024-07-23_2024-08-21|2024-08-22_2024-09-20|2024-10-21_2024-11-19|2024-11-20_2024-12-19|2025-01-19_2025-02-17|2025-02-18_2025-03-19|2025-04-19_2025-05-18|2025-06-18_2025-07-17|2025-07-18_2025-08-16|2025-09-16_2025-10-15|2025-10-16_2025-11-14|2025-11-15_2025-12-14|2026-01-14_2026-02-12|2026-03-15_2026-04-13|2026-04-14_2026-05-13
0.0,1,FOMC,Good,1,0,1,0.0,100.0,0.0,2020-02-15_2020-03-15
0.1,1,FOMC,Neutral,66,42,24,63.6,36.4,1.75,2018-01-26_2018-02-24|2018-02-25_2018-03-26|2018-04-26_2018-05-25|2018-05-26_2018-06-24|2018-07-25_2018-08-23|2018-09-23_2018-10-22|2018-10-23_2018-11-21|2018-11-22_2018-12-21|2019-01-21_2019-02-19|2019-02-20_2019-03-21|2019-04-21_2019-05-20|2019-05-21_2019-06-19|2019-07-20_2019-08-18|2019-09-18_2019-10-17|2019-10-18_2019-11-16|2019-11-17_2019-12-16|2020-01-16_2020-02-14|2020-04-15_2020-05-14|2020-05-15_2020-06-13|2020-07-14_2020-08-12|2020-09-12_2020-10-11|2020-10-12_2020-11-10|2020-12-11_2021-01-09|2021-01-10_2021-02-08|2021-03-11_2021-04-09|2021-04-10_2021-05-09|2021-06-09_2021-07-08|2021-07-09_2021-08-07|2021-09-07_2021-10-06|2021-10-07_2021-11-05|2021-12-06_2022-01-04|2022-01-05_2022-02-03|2022-03-06_2022-04-04|2022-04-05_2022-05-04|2022-06-04_2022-07-03|2022-07-04_2022-08-02|2022-09-02_2022-10-01|2022-11-01_2022-11-30|2022-12-01_2022-12-30|2023-01-30_2023-02-28|2023-03-01_2023-03-30|2023-04-30_2023-05-29|2023-05-30_2023-06-28|2023-06-29_2023-07-28|2023-08-28_2023-09-26|2023-10-27_2023-11-25|2023-11-26_2023-12-25|2024-01-25_2024-02-23|2024-02-24_2024-03-24|2024-04-24_2024-05-23|2024-05-24_2024-06-22|2024-07-23_2024-08-21|2024-08-22_2024-09-20|2024-10-21_2024-11-19|2024-11-20_2024-12-19|2025-01-19_2025-02-17|2025-02-18_2025-03-19|2025-04-19_2025-05-18|2025-06-18_2025-07-17|2025-07-18_2025-08-16|2025-09-16_2025-10-15|2025-10-16_2025-11-14|2025-11-15_2025-12-14|2026-01-14_2026-02-12|2026-03-15_2026-04-13|2026-04-14_2026-05-13
0.1,1,FOMC,Good,1,0,1,0.0,100.0,0.0,2020-02-15_2020-03-15
0.2,1,FOMC,Neutral,66,42,24,63.6,36.4,1.75,2018-01-26_2018-02-24|2018-02-25_2018-03-26|2018-04-26_2018-05-25|2018-05-26_2018-06-24|2018-07-25_2018-08-23|2018-09-23_2018-10-22|2018-10-23_2018-11-21|2018-11-22_2018-12-21|2019-01-21_2019-02-19|2019-02-20_2019-03-21|2019-04-21_2019-05-20|2019-05-21_2019-06-19|2019-07-20_2019-08-18|2019-09-18_2019-10-17|2019-10-18_2019-11-16|2019-11-17_2019-12-16|2020-01-16_2020-02-14|2020-04-15_2020-05-14|2020-05-15_2020-06-13|2020-07-14_2020-08-12|2020-09-12_2020-10-11|2020-10-12_2020-11-10|2020-12-11_2021-01-09|2021-01-10_2021-02-08|2021-03-11_2021-04-09|2021-04-10_2021-05-09|2021-06-09_2021-07-08|2021-07-09_2021-08-07|2021-09-07_2021-10-06|2021-10-07_2021-11-05|2021-12-06_2022-01-04|2022-01-05_2022-02-03|2022-03-06_2022-04-04|2022-04-05_2022-05-04|2022-06-04_2022-07-03|2022-07-04_2022-08-02|2022-09-02_2022-10-01|2022-11-01_2022-11-30|2022-12-01_2022-12-30|2023-01-30_2023-02-28|2023-03-01_2023-03-30|2023-04-30_2023-05-29|2023-05-30_2023-06-28|2023-06-29_2023-07-28|2023-08-28_2023-09-26|2023-10-27_2023-11-25|2023-11-26_2023-12-25|2024-01-25_2024-02-23|2024-02-24_2024-03-24|2024-04-24_2024-05-23|2024-05-24_2024-06-22|2024-07-23_2024-08-21|2024-08-22_2024-09-20|2024-10-21_2024-11-19|2024-11-20_2024-12-19|2025-01-19_2025-02-17|2025-02-18_2025-03-19|2025-04-19_2025-05-18|2025-06-18_2025-07-17|2025-07-18_2025-08-16|2025-09-16_2025-10-15|2025-10-16_2025-11-14|2025-11-15_2025-12-14|2026-01-14_2026-02-12|2026-03-15_2026-04-13|2026-04-14_2026-05-13
0.2,1,FOMC,Good,1,0,1,0.0,100.0,0.0,2020-02-15_2020-03-15
0.3,1,FOMC,Neutral,66,42,24,63.6,36.4,1.75,2018-01-26_2018-02-24|2018-02-25_2018-03-26|2018-04-26_2018-05-25|2018-05-26_2018-06-24|2018-07-25_2018-08-23|2018-09-23_2018-10-22|2018-10-23_2018-11-21|2018-11-22_2018-12-21|2019-01-21_2019-02-19|2019-02-20_2019-03-21|2019-04-21_2019-05-20|2019-05-21_2019-06-19|2019-07-20_2019-08-18|2019-09-18_2019-10-17|2019-10-18_2019-11-16|2019-11-17_2019-12-16|2020-01-16_2020-02-14|2020-04-15_2020-05-14|2020-05-15_2020-06-13|2020-07-14_2020-08-12|2020-09-12_2020-10-11|2020-10-12_2020-11-10|2020-12-11_2021-01-09|2021-01-10_2021-02-08|2021-03-11_2021-04-09|2021-04-10_2021-05-09|2021-06-09_2021-07-08|2021-07-09_2021-08-07|2021-09-07_2021-10-06|2021-10-07_2021-11-05|2021-12-06_2022-01-04|2022-01-05_2022-02-03|2022-03-06_2022-04-04|2022-04-05_2022-05-04|2022-06-04_2022-07-03|2022-07-04_2022-08-02|2022-09-02_2022-10-01|2022-11-01_2022-11-30|2022-12-01_2022-12-30|2023-01-30_2023-02-28|2023-03-01_2023-03-30|2023-04-30_2023-05-29|2023-05-30_2023-06-28|2023-06-29_2023-07-28|2023-08-28_2023-09-26|2023-10-27_2023-11-25|2023-11-26_2023-12-25|2024-01-25_2024-02-23|2024-02-24_2024-03-24|2024-04-24_2024-05-23|2024-05-24_2024-06-22|2024-07-23_2024-08-21|2024-08-22_2024-09-20|2024-10-21_2024-11-19|2024-11-20_2024-12-19|2025-01-19_2025-02-17|2025-02-18_2025-03-19|2025-04-19_2025-05-18|2025-06-18_2025-07-17|2025-07-18_2025-08-16|2025-09-16_2025-10-15|2025-10-16_2025-11-14|2025-11-15_2025-12-14|2026-01-14_2026-02-12|2026-03-15_2026-04-13|2026-04-14_2026-05-13
0.3,1,FOMC,Good,1,0,1,0.0,100.0,0.0,2020-02-15_2020-03-15
0.0,1,CPI y/y,Neutral,28,16,12,57.1,42.9,1.33,2017-12-27_2018-01-25|2018-02-25_2018-03-26|2018-03-27_2018-04-25|2018-04-26_2018-05-25|2018-05-26_2018-06-24|2018-06-25_2018-07-24|2018-07-25_2018-08-23|2018-10-23_2018-11-21|2018-11-22_2018-12-21|2018-12-22_2019-01-20|2019-06-20_2019-07-19|2019-12-17_2020-01-15|2020-10-12_2020-11-10|2021-01-10_2021-02-08|2021-02-09_2021-03-10|2021-09-07_2021-10-06|2021-12-06_2022-01-04|2022-01-05_2022-02-03|2022-03-06_2022-04-04|2022-12-31_2023-01-29|2023-03-01_2023-03-30|2023-11-26_2023-12-25|2024-04-24_2024-05-23|2024-08-22_2024-09-20|2024-10-21_2024-11-19|2024-11-20_2024-12-19|2024-12-20_2025-01-18|2025-08-17_2025-09-15
0.0,1,CPI y/y,Bad,34,20,14,58.8,41.2,1.43,2018-01-26_2018-02-24|2019-01-21_2019-02-19|2019-03-22_2019-04-20|2019-07-20_2019-08-18|2019-10-18_2019-11-16|2019-11-17_2019-12-16|2020-01-16_2020-02-14|2020-02-15_2020-03-15|2020-07-14_2020-08-12|2020-08-13_2020-09-11|2021-04-10_2021-05-09|2021-05-10_2021-06-08|2021-06-09_2021-07-08|2021-07-09_2021-08-07|2021-08-08_2021-09-06|2021-10-07_2021-11-05|2021-11-06_2021-12-05|2022-02-04_2022-03-05|2022-04-05_2022-05-04|2022-05-05_2022-06-03|2022-06-04_2022-07-03|2022-07-04_2022-08-02|2022-09-02_2022-10-01|2022-10-02_2022-10-31|2023-01-30_2023-02-28|2023-08-28_2023-09-26|2023-09-27_2023-10-26|2023-12-26_2024-01-24|2024-01-25_2024-02-23|2024-02-24_2024-03-24|2024-03-25_2024-04-23|2024-09-21_2024-10-20|2025-01-19_2025-02-17|2025-06-18_2025-07-17
0.0,1,CPI y/y,Good,31,19,12,61.3,38.7,1.58,2018-08-24_2018-09-22|2018-09-23_2018-10-22|2019-02-20_2019-03-21|2019-04-21_2019-05-20|2019-05-21_2019-06-19|2019-08-19_2019-09-17|2019-09-18_2019-10-17|2020-03-16_2020-04-14|2020-04-15_2020-05-14|2020-05-15_2020-06-13|2020-11-11_2020-12-10|2022-08-03_2022-09-01|2022-11-01_2022-11-30|2022-12-01_2022-12-30|2023-03-31_2023-04-29|2023-04-30_2023-05-29|2023-05-30_2023-06-28|2023-06-29_2023-07-28|2023-07-29_2023-08-27|2023-10-27_2023-11-25|2024-05-24_2024-06-22|2024-06-23_2024-07-22|2024-07-23_2024-08-21|2025-02-18_2025-03-19|2025-03-20_2025-04-18|2025-04-19_2025-05-18|2025-05-19_2025-06-17|2025-07-18_2025-08-16|2025-10-16_2025-11-14|2025-12-15_2026-01-13|2026-02-13_2026-03-14
0.1,1,CPI y/y,Neutral,41,24,17,58.5,41.5,1.41,2017-12-27_2018-01-25|2018-02-25_2018-03-26|2018-03-27_2018-04-25|2018-04-26_2018-05-25|2018-05-26_2018-06-24|2018-06-25_2018-07-24|2018-07-25_2018-08-23|2018-08-24_2018-09-22|2018-10-23_2018-11-21|2018-11-22_2018-12-21|2018-12-22_2019-01-20|2019-03-22_2019-04-20|2019-05-21_2019-06-19|2019-06-20_2019-07-19|2019-12-17_2020-01-15|2020-02-15_2020-03-15|2020-10-12_2020-11-10|2020-11-11_2020-12-10|2021-01-10_2021-02-08|2021-02-09_2021-03-10|2021-09-07_2021-10-06|2021-12-06_2022-01-04|2022-01-05_2022-02-03|2022-03-06_2022-04-04|2022-04-05_2022-05-04|2022-10-02_2022-10-31|2022-12-31_2023-01-29|2023-03-01_2023-03-30|2023-03-31_2023-04-29|2023-04-30_2023-05-29|2023-05-30_2023-06-28|2023-07-29_2023-08-27|2023-10-27_2023-11-25|2023-11-26_2023-12-25|2024-04-24_2024-05-23|2024-08-22_2024-09-20|2024-10-21_2024-11-19|2024-11-20_2024-12-19|2024-12-20_2025-01-18|2025-07-18_2025-08-16|2025-08-17_2025-09-15
0.1,1,CPI y/y,Bad,30,17,13,56.7,43.3,1.31,2018-01-26_2018-02-24|2019-01-21_2019-02-19|2019-07-20_2019-08-18|2019-10-18_2019-11-16|2019-11-17_2019-12-16|2020-01-16_2020-02-14|2020-07-14_2020-08-12|2020-08-13_2020-09-11|2021-04-10_2021-05-09|2021-05-10_2021-06-08|2021-06-09_2021-07-08|2021-07-09_2021-08-07|2021-08-08_2021-09-06|2021-10-07_2021-11-05|2021-11-06_2021-12-05|2022-02-04_2022-03-05|2022-05-05_2022-06-03|2022-06-04_2022-07-03|2022-07-04_2022-08-02|2022-09-02_2022-10-01|2023-01-30_2023-02-28|2023-08-28_2023-09-26|2023-09-27_2023-10-26|2023-12-26_2024-01-24|2024-01-25_2024-02-23|2024-02-24_2024-03-24|2024-03-25_2024-04-23|2024-09-21_2024-10-20|2025-01-19_2025-02-17|2025-06-18_2025-07-17
0.1,1,CPI y/y,Good,22,14,8,63.6,36.4,1.75,2018-09-23_2018-10-22|2019-02-20_2019-03-21|2019-04-21_2019-05-20|2019-08-19_2019-09-17|2019-09-18_2019-10-17|2020-03-16_2020-04-14|2020-04-15_2020-05-14|2020-05-15_2020-06-13|2022-08-03_2022-09-01|2022-11-01_2022-11-30|2022-12-01_2022-12-30|2023-06-29_2023-07-28|2024-05-24_2024-06-22|2024-06-23_2024-07-22|2024-07-23_2024-08-21|2025-02-18_2025-03-19|2025-03-20_2025-04-18|2025-04-19_2025-05-18|2025-05-19_2025-06-17|2025-10-16_2025-11-14|2025-12-15_2026-01-13|2026-02-13_2026-03-14
0.2,1,CPI y/y,Neutral,79,48,31,60.8,39.2,1.55,2017-12-27_2018-01-25|2018-02-25_2018-03-26|2018-03-27_2018-04-25|2018-04-26_2018-05-25|2018-05-26_2018-06-24|2018-06-25_2018-07-24|2018-07-25_2018-08-23|2018-08-24_2018-09-22|2018-09-23_2018-10-22|2018-10-23_2018-11-21|2018-11-22_2018-12-21|2018-12-22_2019-01-20|2019-01-21_2019-02-19|2019-02-20_2019-03-21|2019-03-22_2019-04-20|2019-04-21_2019-05-20|2019-05-21_2019-06-19|2019-06-20_2019-07-19|2019-07-20_2019-08-18|2019-08-19_2019-09-17|2019-09-18_2019-10-17|2019-10-18_2019-11-16|2019-11-17_2019-12-16|2019-12-17_2020-01-15|2020-01-16_2020-02-14|2020-02-15_2020-03-15|2020-03-16_2020-04-14|2020-04-15_2020-05-14|2020-05-15_2020-06-13|2020-07-14_2020-08-12|2020-08-13_2020-09-11|2020-10-12_2020-11-10|2020-11-11_2020-12-10|2021-01-10_2021-02-08|2021-02-09_2021-03-10|2021-04-10_2021-05-09|2021-08-08_2021-09-06|2021-09-07_2021-10-06|2021-10-07_2021-11-05|2021-12-06_2022-01-04|2022-01-05_2022-02-03|2022-03-06_2022-04-04|2022-04-05_2022-05-04|2022-08-03_2022-09-01|2022-10-02_2022-10-31|2022-12-31_2023-01-29|2023-03-01_2023-03-30|2023-03-31_2023-04-29|2023-04-30_2023-05-29|2023-05-30_2023-06-28|2023-06-29_2023-07-28|2023-07-29_2023-08-27|2023-08-28_2023-09-26|2023-09-27_2023-10-26|2023-10-27_2023-11-25|2023-11-26_2023-12-25|2023-12-26_2024-01-24|2024-02-24_2024-03-24|2024-03-25_2024-04-23|2024-04-24_2024-05-23|2024-05-24_2024-06-22|2024-06-23_2024-07-22|2024-07-23_2024-08-21|2024-08-22_2024-09-20|2024-09-21_2024-10-20|2024-10-21_2024-11-19|2024-11-20_2024-12-19|2024-12-20_2025-01-18|2025-01-19_2025-02-17|2025-02-18_2025-03-19|2025-03-20_2025-04-18|2025-04-19_2025-05-18|2025-05-19_2025-06-17|2025-06-18_2025-07-17|2025-07-18_2025-08-16|2025-08-17_2025-09-15|2025-10-16_2025-11-14|2025-12-15_2026-01-13|2026-02-13_2026-03-14
0.2,1,CPI y/y,Bad,12,6,6,50.0,50.0,1.0,2018-01-26_2018-02-24|2021-05-10_2021-06-08|2021-06-09_2021-07-08|2021-07-09_2021-08-07|2021-11-06_2021-12-05|2022-02-04_2022-03-05|2022-05-05_2022-06-03|2022-06-04_2022-07-03|2022-07-04_2022-08-02|2022-09-02_2022-10-01|2023-01-30_2023-02-28|2024-01-25_2024-02-23
0.2,1,CPI y/y,Good,2,1,1,50.0,50.0,1.0,2022-11-01_2022-11-30|2022-12-01_2022-12-30
0.3,1,CPI y/y,Neutral,90,53,37,58.9,41.1,1.43,2017-12-27_2018-01-25|2018-01-26_2018-02-24|2018-02-25_2018-03-26|2018-03-27_2018-04-25|2018-04-26_2018-05-25|2018-05-26_2018-06-24|2018-06-25_2018-07-24|2018-07-25_2018-08-23|2018-08-24_2018-09-22|2018-09-23_2018-10-22|2018-10-23_2018-11-21|2018-11-22_2018-12-21|2018-12-22_2019-01-20|2019-01-21_2019-02-19|2019-02-20_2019-03-21|2019-03-22_2019-04-20|2019-04-21_2019-05-20|2019-05-21_2019-06-19|2019-06-20_2019-07-19|2019-07-20_2019-08-18|2019-08-19_2019-09-17|2019-09-18_2019-10-17|2019-10-18_2019-11-16|2019-11-17_2019-12-16|2019-12-17_2020-01-15|2020-01-16_2020-02-14|2020-02-15_2020-03-15|2020-03-16_2020-04-14|2020-04-15_2020-05-14|2020-05-15_2020-06-13|2020-07-14_2020-08-12|2020-08-13_2020-09-11|2020-10-12_2020-11-10|2020-11-11_2020-12-10|2021-01-10_2021-02-08|2021-02-09_2021-03-10|2021-04-10_2021-05-09|2021-06-09_2021-07-08|2021-08-08_2021-09-06|2021-09-07_2021-10-06|2021-10-07_2021-11-05|2021-11-06_2021-12-05|2021-12-06_2022-01-04|2022-01-05_2022-02-03|2022-02-04_2022-03-05|2022-03-06_2022-04-04|2022-04-05_2022-05-04|2022-05-05_2022-06-03|2022-06-04_2022-07-03|2022-08-03_2022-09-01|2022-09-02_2022-10-01|2022-10-02_2022-10-31|2022-11-01_2022-11-30|2022-12-01_2022-12-30|2022-12-31_2023-01-29|2023-01-30_2023-02-28|2023-03-01_2023-03-30|2023-03-31_2023-04-29|2023-04-30_2023-05-29|2023-05-30_2023-06-28|2023-06-29_2023-07-28|2023-07-29_2023-08-27|2023-08-28_2023-09-26|2023-09-27_2023-10-26|2023-10-27_2023-11-25|2023-11-26_2023-12-25|2023-12-26_2024-01-24|2024-01-25_2024-02-23|2024-02-24_2024-03-24|2024-03-25_2024-04-23|2024-04-24_2024-05-23|2024-05-24_2024-06-22|2024-06-23_2024-07-22|2024-07-23_2024-08-21|2024-08-22_2024-09-20|2024-09-21_2024-10-20|2024-10-21_2024-11-19|2024-11-20_2024-12-19|2024-12-20_2025-01-18|2025-01-19_2025-02-17|2025-02-18_2025-03-19|2025-03-20_2025-04-18|2025-04-19_2025-05-18|2025-05-19_2025-06-17|2025-06-18_2025-07-17|2025-07-18_2025-08-16|2025-08-17_2025-09-15|2025-10-16_2025-11-14|2025-12-15_2026-01-13|2026-02-13_2026-03-14
0.3,1,CPI y/y,Bad,3,2,1,66.7,33.3,2.0,2021-05-10_2021-06-08|2021-07-09_2021-08-07|2022-07-04_2022-08-02
0.0,2,CPI m/m|Core CPI m/m,Neutral|Bad,9,5,4,55.6,44.4,1.25,2017-12-27_2018-01-25|2018-05-26_2018-06-24|2019-07-20_2019-08-18|2019-08-19_2019-09-17|2023-03-01_2023-03-30|2023-04-30_2023-05-29|2023-08-28_2023-09-26|2024-02-24_2024-03-24|2024-08-22_2024-09-20
0.0,2,CPI m/m|Core CPI m/m,Bad|Bad,20,11,9,55.0,45.0,1.22,2018-01-26_2018-02-24|2019-06-20_2019-07-19|2020-07-14_2020-08-12|2020-08-13_2020-09-11|2021-04-10_2021-05-09|2021-05-10_2021-06-08|2021-06-09_2021-07-08|2021-07-09_2021-08-07|2021-11-06_2021-12-05|2022-01-05_2022-02-03|2022-02-04_2022-03-05|2022-05-05_2022-06-03|2022-06-04_2022-07-03|2022-07-04_2022-08-02|2022-09-02_2022-10-01|2022-10-02_2022-10-31|2024-01-25_2024-02-23|2024-03-25_2024-04-23|2024-09-21_2024-10-20|2025-01-19_2025-02-17
0.0,2,CPI m/m|Core CPI m/m,Neutral|Neutral,15,9,6,60.0,40.0,1.5,2018-02-25_2018-03-26|2018-07-25_2018-08-23|2018-10-23_2018-11-21|2018-11-22_2018-12-21|2018-12-22_2019-01-20|2020-10-12_2020-11-10|2021-01-10_2021-02-08|2022-03-06_2022-04-04|2022-12-31_2023-01-29|2023-01-30_2023-02-28|2023-07-29_2023-08-27|2024-07-23_2024-08-21|2024-10-21_2024-11-19|2024-11-20_2024-12-19|2025-07-18_2025-08-16
0.0,2,CPI m/m|Core CPI m/m,Good|Neutral,8,4,4,50.0,50.0,1.0,2018-03-27_2018-04-25|2018-06-25_2018-07-24|2019-01-21_2019-02-19|2020-01-16_2020-02-14|2023-03-31_2023-04-29|2023-05-30_2023-06-28|2024-04-24_2024-05-23|2026-02-13_2026-03-14
0.0,2,CPI m/m|Core CPI m/m,Good|Good,21,12,9,57.1,42.9,1.33,2018-04-26_2018-05-25|2018-08-24_2018-09-22|2018-09-23_2018-10-22|2019-04-21_2019-05-20|2019-09-18_2019-10-17|2020-03-16_2020-04-14|2020-04-15_2020-05-14|2020-05-15_2020-06-13|2021-09-07_2021-10-06|2022-08-03_2022-09-01|2022-11-01_2022-11-30|2022-12-01_2022-12-30|2023-06-29_2023-07-28|2023-10-27_2023-11-25|2024-05-24_2024-06-22|2024-06-23_2024-07-22|2025-02-18_2025-03-19|2025-03-20_2025-04-18|2025-04-19_2025-05-18|2025-05-19_2025-06-17|2025-10-16_2025-11-14
0.0,2,CPI m/m|Core CPI m/m,Neutral|Good,10,7,3,70.0,30.0,2.33,2019-02-20_2019-03-21|2019-05-21_2019-06-19|2019-12-17_2020-01-15|2020-11-11_2020-12-10|2021-02-09_2021-03-10|2021-08-08_2021-09-06|2022-04-05_2022-05-04|2024-12-20_2025-01-18|2025-06-18_2025-07-17|2025-12-15_2026-01-13
0.0,2,CPI m/m|Core CPI m/m,Bad|Good,1,1,0,100.0,0.0,inf,2019-03-22_2019-04-20
0.0,2,CPI m/m|Core CPI m/m,Bad|Neutral,9,6,3,66.7,33.3,2.0,2019-10-18_2019-11-16|2019-11-17_2019-12-16|2020-02-15_2020-03-15|2021-10-07_2021-11-05|2021-12-06_2022-01-04|2023-09-27_2023-10-26|2023-11-26_2023-12-25|2023-12-26_2024-01-24|2025-08-17_2025-09-15
0.1,2,CPI m/m|Core CPI m/m,Neutral|Neutral,54,34,20,63.0,37.0,1.7,2017-12-27_2018-01-25|2018-02-25_2018-03-26|2018-03-27_2018-04-25|2018-04-26_2018-05-25|2018-05-26_2018-06-24|2018-06-25_2018-07-24|2018-07-25_2018-08-23|2018-08-24_2018-09-22|2018-09-23_2018-10-22|2018-10-23_2018-11-21|2018-11-22_2018-12-21|2018-12-22_2019-01-20|2019-01-21_2019-02-19|2019-02-20_2019-03-21|2019-05-21_2019-06-19|2019-06-20_2019-07-19|2019-07-20_2019-08-18|2019-08-19_2019-09-17|2019-09-18_2019-10-17|2019-11-17_2019-12-16|2019-12-17_2020-01-15|2020-01-16_2020-02-14|2020-02-15_2020-03-15|2020-05-15_2020-06-13|2020-10-12_2020-11-10|2020-11-11_2020-12-10|2021-01-10_2021-02-08|2021-04-10_2021-05-09|2022-01-05_2022-02-03|2022-03-06_2022-04-04|2022-12-31_2023-01-29|2023-01-30_2023-02-28|2023-03-01_2023-03-30|2023-03-31_2023-04-29|2023-05-30_2023-06-28|2023-06-29_2023-07-28|2023-07-29_2023-08-27|2023-08-28_2023-09-26|2023-10-27_2023-11-25|2023-11-26_2023-12-25|2023-12-26_2024-01-24|2024-05-24_2024-06-22|2024-07-23_2024-08-21|2024-08-22_2024-09-20|2024-09-21_2024-10-20|2024-10-21_2024-11-19|2024-11-20_2024-12-19|2024-12-20_2025-01-18|2025-02-18_2025-03-19|2025-04-19_2025-05-18|2025-06-18_2025-07-17|2025-07-18_2025-08-16|2025-12-15_2026-01-13|2026-02-13_2026-03-14
0.1,2,CPI m/m|Core CPI m/m,Bad|Neutral,9,7,2,77.8,22.2,3.5,2018-01-26_2018-02-24|2019-03-22_2019-04-20|2019-10-18_2019-11-16|2021-10-07_2021-11-05|2021-12-06_2022-01-04|2022-02-04_2022-03-05|2022-06-04_2022-07-03|2023-09-27_2023-10-26|2025-08-17_2025-09-15
0.1,2,CPI m/m|Core CPI m/m,Good|Neutral,5,3,2,60.0,40.0,1.5,2019-04-21_2019-05-20|2022-12-01_2022-12-30|2024-04-24_2024-05-23|2024-06-23_2024-07-22|2025-10-16_2025-11-14
0.1,2,CPI m/m|Core CPI m/m,Good|Good,6,3,3,50.0,50.0,1.0,2020-03-16_2020-04-14|2020-04-15_2020-05-14|2021-09-07_2021-10-06|2022-08-03_2022-09-01|2022-11-01_2022-11-30|2025-03-20_2025-04-18
0.1,2,CPI m/m|Core CPI m/m,Bad|Bad,11,6,5,54.5,45.5,1.2,2020-07-14_2020-08-12|2020-08-13_2020-09-11|2021-05-10_2021-06-08|2021-06-09_2021-07-08|2021-07-09_2021-08-07|2021-11-06_2021-12-05|2022-07-04_2022-08-02|2022-09-02_2022-10-01|2022-10-02_2022-10-31|2024-03-25_2024-04-23|2025-01-19_2025-02-17
0.1,2,CPI m/m|Core CPI m/m,Neutral|Good,4,2,2,50.0,50.0,1.0,2021-02-09_2021-03-10|2021-08-08_2021-09-06|2022-04-05_2022-05-04|2025-05-19_2025-06-17
0.1,2,CPI m/m|Core CPI m/m,Neutral|Bad,4,0,4,0.0,100.0,0.0,2022-05-05_2022-06-03|2023-04-30_2023-05-29|2024-01-25_2024-02-23|2024-02-24_2024-03-24
0.2,2,CPI m/m|Core CPI m/m,Neutral|Neutral,87,53,34,60.9,39.1,1.56,2017-12-27_2018-01-25|2018-01-26_2018-02-24|2018-02-25_2018-03-26|2018-03-27_2018-04-25|2018-04-26_2018-05-25|2018-05-26_2018-06-24|2018-06-25_2018-07-24|2018-07-25_2018-08-23|2018-08-24_2018-09-22|2018-09-23_2018-10-22|2018-10-23_2018-11-21|2018-11-22_2018-12-21|2018-12-22_2019-01-20|2019-01-21_2019-02-19|2019-02-20_2019-03-21|2019-03-22_2019-04-20|2019-04-21_2019-05-20|2019-05-21_2019-06-19|2019-06-20_2019-07-19|2019-07-20_2019-08-18|2019-08-19_2019-09-17|2019-09-18_2019-10-17|2019-10-18_2019-11-16|2019-11-17_2019-12-16|2019-12-17_2020-01-15|2020-01-16_2020-02-14|2020-02-15_2020-03-15|2020-03-16_2020-04-14|2020-04-15_2020-05-14|2020-05-15_2020-06-13|2020-08-13_2020-09-11|2020-10-12_2020-11-10|2020-11-11_2020-12-10|2021-01-10_2021-02-08|2021-02-09_2021-03-10|2021-04-10_2021-05-09|2021-06-09_2021-07-08|2021-08-08_2021-09-06|2021-09-07_2021-10-06|2021-10-07_2021-11-05|2021-12-06_2022-01-04|2022-01-05_2022-02-03|2022-02-04_2022-03-05|2022-03-06_2022-04-04|2022-04-05_2022-05-04|2022-05-05_2022-06-03|2022-07-04_2022-08-02|2022-08-03_2022-09-01|2022-10-02_2022-10-31|2022-11-01_2022-11-30|2022-12-01_2022-12-30|2022-12-31_2023-01-29|2023-01-30_2023-02-28|2023-03-01_2023-03-30|2023-03-31_2023-04-29|2023-04-30_2023-05-29|2023-05-30_2023-06-28|2023-06-29_2023-07-28|2023-07-29_2023-08-27|2023-08-28_2023-09-26|2023-09-27_2023-10-26|2023-10-27_2023-11-25|2023-11-26_2023-12-25|2023-12-26_2024-01-24|2024-01-25_2024-02-23|2024-02-24_2024-03-24|2024-03-25_2024-04-23|2024-04-24_2024-05-23|2024-05-24_2024-06-22|2024-06-23_2024-07-22|2024-07-23_2024-08-21|2024-08-22_2024-09-20|2024-09-21_2024-10-20|2024-10-21_2024-11-19|2024-11-20_2024-12-19|2024-12-20_2025-01-18|2025-01-19_2025-02-17|2025-02-18_2025-03-19|2025-03-20_2025-04-18|2025-04-19_2025-05-18|2025-05-19_2025-06-17|2025-06-18_2025-07-17|2025-07-18_2025-08-16|2025-08-17_2025-09-15|2025-10-16_2025-11-14|2025-12-15_2026-01-13|2026-02-13_2026-03-14
0.2,2,CPI m/m|Core CPI m/m,Neutral|Bad,2,1,1,50.0,50.0,1.0,2020-07-14_2020-08-12|2022-09-02_2022-10-01
0.2,2,CPI m/m|Core CPI m/m,Bad|Bad,2,1,1,50.0,50.0,1.0,2021-05-10_2021-06-08|2021-07-09_2021-08-07
0.2,2,CPI m/m|Core CPI m/m,Bad|Neutral,2,0,2,0.0,100.0,0.0,2021-11-06_2021-12-05|2022-06-04_2022-07-03
0.3,2,CPI m/m|Core CPI m/m,Neutral|Neutral,89,54,35,60.7,39.3,1.54,2017-12-27_2018-01-25|2018-01-26_2018-02-24|2018-02-25_2018-03-26|2018-03-27_2018-04-25|2018-04-26_2018-05-25|2018-05-26_2018-06-24|2018-06-25_2018-07-24|2018-07-25_2018-08-23|2018-08-24_2018-09-22|2018-09-23_2018-10-22|2018-10-23_2018-11-21|2018-11-22_2018-12-21|2018-12-22_2019-01-20|2019-01-21_2019-02-19|2019-02-20_2019-03-21|2019-03-22_2019-04-20|2019-04-21_2019-05-20|2019-05-21_2019-06-19|2019-06-20_2019-07-19|2019-07-20_2019-08-18|2019-08-19_2019-09-17|2019-09-18_2019-10-17|2019-10-18_2019-11-16|2019-11-17_2019-12-16|2019-12-17_2020-01-15|2020-01-16_2020-02-14|2020-02-15_2020-03-15|2020-03-16_2020-04-14|2020-04-15_2020-05-14|2020-05-15_2020-06-13|2020-07-14_2020-08-12|2020-08-13_2020-09-11|2020-10-12_2020-11-10|2020-11-11_2020-12-10|2021-01-10_2021-02-08|2021-02-09_2021-03-10|2021-04-10_2021-05-09|2021-06-09_2021-07-08|2021-08-08_2021-09-06|2021-09-07_2021-10-06|2021-10-07_2021-11-05|2021-12-06_2022-01-04|2022-01-05_2022-02-03|2022-02-04_2022-03-05|2022-03-06_2022-04-04|2022-04-05_2022-05-04|2022-05-05_2022-06-03|2022-07-04_2022-08-02|2022-08-03_2022-09-01|2022-09-02_2022-10-01|2022-10-02_2022-10-31|2022-11-01_2022-11-30|2022-12-01_2022-12-30|2022-12-31_2023-01-29|2023-01-30_2023-02-28|2023-03-01_2023-03-30|2023-03-31_2023-04-29|2023-04-30_2023-05-29|2023-05-30_2023-06-28|2023-06-29_2023-07-28|2023-07-29_2023-08-27|2023-08-28_2023-09-26|2023-09-27_2023-10-26|2023-10-27_2023-11-25|2023-11-26_2023-12-25|2023-12-26_2024-01-24|2024-01-25_2024-02-23|2024-02-24_2024-03-24|2024-03-25_2024-04-23|2024-04-24_2024-05-23|2024-05-24_2024-06-22|2024-06-23_2024-07-22|2024-07-23_2024-08-21|2024-08-22_2024-09-20|2024-09-21_2024-10-20|2024-10-21_2024-11-19|2024-11-20_2024-12-19|2024-12-20_2025-01-18|2025-01-19_2025-02-17|2025-02-18_2025-03-19|2025-03-20_2025-04-18|2025-04-19_2025-05-18|2025-05-19_2025-06-17|2025-06-18_2025-07-17|2025-07-18_2025-08-16|2025-08-17_2025-09-15|2025-10-16_2025-11-14|2025-12-15_2026-01-13|2026-02-13_2026-03-14
0.3,2,CPI m/m|Core CPI m/m,Bad|Bad,2,1,1,50.0,50.0,1.0,2021-05-10_2021-06-08|2021-07-09_2021-08-07
0.3,2,CPI m/m|Core CPI m/m,Bad|Neutral,2,0,2,0.0,100.0,0.0,2021-11-06_2021-12-05|2022-06-04_2022-07-03
0.0,2,CPI m/m|PPI m/m,Neutral|Good,13,8,5,61.5,38.5,1.6,2017-12-27_2018-01-25|2018-07-25_2018-08-23|2018-12-22_2019-01-20|2019-02-20_2019-03-21|2019-12-17_2020-01-15|2021-01-10_2021-02-08|2022-03-06_2022-04-04|2022-12-31_2023-01-29|2023-03-01_2023-03-30|2023-04-30_2023-05-29|2024-07-23_2024-08-21|2024-12-20_2025-01-18|2025-06-18_2025-07-17
0.0,2,CPI m/m|PPI m/m,Bad|Neutral,7,2,5,28.6,71.4,0.4,2018-01-26_2018-02-24|2019-06-20_2019-07-19|2021-11-06_2021-12-05|2022-05-05_2022-06-03|2022-06-04_2022-07-03|2022-09-02_2022-10-01|2023-11-26_2023-12-25
0.0,2,CPI m/m|PPI m/m,Neutral|Bad,17,11,6,64.7,35.3,1.83,2018-02-25_2018-03-26|2018-05-26_2018-06-24|2018-10-23_2018-11-21|2018-11-22_2018-12-21|2019-08-19_2019-09-17|2020-10-12_2020-11-10|2020-11-11_2020-12-10|2021-02-09_2021-03-10|2021-08-08_2021-09-06|2022-04-05_2022-05-04|2023-01-30_2023-02-28|2023-07-29_2023-08-27|2023-08-28_2023-09-26|2024-02-24_2024-03-24|2024-08-22_2024-09-20|2024-11-20_2024-12-19|2025-07-18_2025-08-16
0.0,2,CPI m/m|PPI m/m,Good|Bad,9,5,4,55.6,44.4,1.25,2018-03-27_2018-04-25|2018-06-25_2018-07-24|2020-03-16_2020-04-14|2020-05-15_2020-06-13|2021-09-07_2021-10-06|2022-12-01_2022-12-30|2024-04-24_2024-05-23|2024-06-23_2024-07-22|2026-02-13_2026-03-14
0.0,2,CPI m/m|PPI m/m,Good|Good,16,9,7,56.2,43.8,1.29,2018-04-26_2018-05-25|2018-08-24_2018-09-22|2019-01-21_2019-02-19|2019-09-18_2019-10-17|2020-04-15_2020-05-14|2022-08-03_2022-09-01|2022-11-01_2022-11-30|2023-03-31_2023-04-29|2023-05-30_2023-06-28|2023-06-29_2023-07-28|2023-10-27_2023-11-25|2024-05-24_2024-06-22|2025-02-18_2025-03-19|2025-03-20_2025-04-18|2025-04-19_2025-05-18|2025-05-19_2025-06-17
0.0,2,CPI m/m|PPI m/m,Good|Neutral,2,1,1,50.0,50.0,1.0,2018-09-23_2018-10-22|2019-04-21_2019-05-20
0.0,2,CPI m/m|PPI m/m,Bad|Bad,14,10,4,71.4,28.6,2.5,2019-03-22_2019-04-20|2019-10-18_2019-11-16|2020-07-14_2020-08-12|2020-08-13_2020-09-11|2021-05-10_2021-06-08|2021-06-09_2021-07-08|2021-07-09_2021-08-07|2021-12-06_2022-01-04|2022-02-04_2022-03-05|2022-07-04_2022-08-02|2022-10-02_2022-10-31|2023-09-27_2023-10-26|2024-01-25_2024-02-23|2025-01-19_2025-02-17
0.0,2,CPI m/m|PPI m/m,Neutral|Neutral,3,1,2,33.3,66.7,0.5,2019-05-21_2019-06-19|2019-07-20_2019-08-18|2024-10-21_2024-11-19
0.0,2,CPI m/m|PPI m/m,Bad|Good,8,5,3,62.5,37.5,1.67,2019-11-17_2019-12-16|2020-02-15_2020-03-15|2021-10-07_2021-11-05|2022-01-05_2022-02-03|2023-12-26_2024-01-24|2024-03-25_2024-04-23|2024-09-21_2024-10-20|2025-08-17_2025-09-15
0.1,2,CPI m/m|PPI m/m,Neutral|Good,20,12,8,60.0,40.0,1.5,2017-12-27_2018-01-25|2018-07-25_2018-08-23|2018-08-24_2018-09-22|2019-01-21_2019-02-19|2019-09-18_2019-10-17|2019-11-17_2019-12-16|2021-01-10_2021-02-08|2022-01-05_2022-02-03|2022-03-06_2022-04-04|2022-12-31_2023-01-29|2023-03-01_2023-03-30|2023-03-31_2023-04-29|2023-05-30_2023-06-28|2023-10-27_2023-11-25|2023-12-26_2024-01-24|2024-05-24_2024-06-22|2024-12-20_2025-01-18|2025-02-18_2025-03-19|2025-04-19_2025-05-18|2025-06-18_2025-07-17
0.1,2,CPI m/m|PPI m/m,Bad|Neutral,7,3,4,42.9,57.1,0.75,2018-01-26_2018-02-24|2020-08-13_2020-09-11|2021-10-07_2021-11-05|2021-11-06_2021-12-05|2022-06-04_2022-07-03|2022-09-02_2022-10-01|2024-03-25_2024-04-23
0.1,2,CPI m/m|PPI m/m,Neutral|Neutral,24,13,11,54.2,45.8,1.18,2018-02-25_2018-03-26|2018-04-26_2018-05-25|2018-06-25_2018-07-24|2018-09-23_2018-10-22|2018-11-22_2018-12-21|2018-12-22_2019-01-20|2019-02-20_2019-03-21|2019-05-21_2019-06-19|2019-06-20_2019-07-19|2019-07-20_2019-08-18|2019-08-19_2019-09-17|2019-12-17_2020-01-15|2020-02-15_2020-03-15|2020-11-11_2020-12-10|2022-05-05_2022-06-03|2023-04-30_2023-05-29|2023-06-29_2023-07-28|2023-07-29_2023-08-27|2023-11-26_2023-12-25|2024-07-23_2024-08-21|2024-08-22_2024-09-20|2024-09-21_2024-10-20|2024-10-21_2024-11-19|2025-05-19_2025-06-17
0.1,2,CPI m/m|PPI m/m,Neutral|Bad,15,8,7,53.3,46.7,1.14,2018-03-27_2018-04-25|2018-05-26_2018-06-24|2018-10-23_2018-11-21|2020-05-15_2020-06-13|2020-10-12_2020-11-10|2021-02-09_2021-03-10|2021-08-08_2021-09-06|2022-04-05_2022-05-04|2023-01-30_2023-02-28|2023-08-28_2023-09-26|2024-01-25_2024-02-23|2024-02-24_2024-03-24|2024-11-20_2024-12-19|2025-07-18_2025-08-16|2026-02-13_2026-03-14
0.1,2,CPI m/m|PPI m/m,Bad|Bad,12,9,3,75.0,25.0,3.0,2019-03-22_2019-04-20|2019-10-18_2019-11-16|2020-07-14_2020-08-12|2021-05-10_2021-06-08|2021-06-09_2021-07-08|2021-07-09_2021-08-07|2021-12-06_2022-01-04|2022-02-04_2022-03-05|2022-07-04_2022-08-02|2022-10-02_2022-10-31|2023-09-27_2023-10-26|2025-01-19_2025-02-17
0.1,2,CPI m/m|PPI m/m,Good|Neutral,5,3,2,60.0,40.0,1.5,2019-04-21_2019-05-20|2020-03-16_2020-04-14|2021-09-07_2021-10-06|2022-12-01_2022-12-30|2024-06-23_2024-07-22
0.1,2,CPI m/m|PPI m/m,Good|Good,4,2,2,50.0,50.0,1.0,2020-04-15_2020-05-14|2022-08-03_2022-09-01|2022-11-01_2022-11-30|2025-03-20_2025-04-18
0.1,2,CPI m/m|PPI m/m,Good|Bad,1,1,0,100.0,0.0,inf,2024-04-24_2024-05-23
0.1,2,CPI m/m|PPI m/m,Bad|Good,1,1,0,100.0,0.0,inf,2025-08-17_2025-09-15
0.2,2,CPI m/m|PPI m/m,Neutral|Good,14,8,6,57.1,42.9,1.33,2017-12-27_2018-01-25|2018-08-24_2018-09-22|2019-09-18_2019-10-17|2020-04-15_2020-05-14|2022-08-03_2022-09-01|2022-12-31_2023-01-29|2023-03-01_2023-03-30|2023-03-31_2023-04-29|2023-10-27_2023-11-25|2024-05-24_2024-06-22|2025-02-18_2025-03-19|2025-03-20_2025-04-18|2025-04-19_2025-05-18|2025-08-17_2025-09-15
0.2,2,CPI m/m|PPI m/m,Neutral|Neutral,56,31,25,55.4,44.6,1.24,2018-01-26_2018-02-24|2018-02-25_2018-03-26|2018-03-27_2018-04-25|2018-04-26_2018-05-25|2018-05-26_2018-06-24|2018-06-25_2018-07-24|2018-07-25_2018-08-23|2018-09-23_2018-10-22|2018-11-22_2018-12-21|2018-12-22_2019-01-20|2019-01-21_2019-02-19|2019-02-20_2019-03-21|2019-04-21_2019-05-20|2019-05-21_2019-06-19|2019-06-20_2019-07-19|2019-07-20_2019-08-18|2019-08-19_2019-09-17|2019-10-18_2019-11-16|2019-11-17_2019-12-16|2019-12-17_2020-01-15|2020-02-15_2020-03-15|2020-03-16_2020-04-14|2020-08-13_2020-09-11|2020-10-12_2020-11-10|2020-11-11_2020-12-10|2021-01-10_2021-02-08|2021-09-07_2021-10-06|2021-10-07_2021-11-05|2022-01-05_2022-02-03|2022-03-06_2022-04-04|2022-05-05_2022-06-03|2022-09-02_2022-10-01|2022-10-02_2022-10-31|2022-11-01_2022-11-30|2022-12-01_2022-12-30|2023-04-30_2023-05-29|2023-05-30_2023-06-28|2023-06-29_2023-07-28|2023-07-29_2023-08-27|2023-09-27_2023-10-26|2023-11-26_2023-12-25|2023-12-26_2024-01-24|2024-01-25_2024-02-23|2024-03-25_2024-04-23|2024-04-24_2024-05-23|2024-06-23_2024-07-22|2024-07-23_2024-08-21|2024-08-22_2024-09-20|2024-09-21_2024-10-20|2024-10-21_2024-11-19|2024-11-20_2024-12-19|2024-12-20_2025-01-18|2025-01-19_2025-02-17|2025-05-19_2025-06-17|2025-06-18_2025-07-17|2026-02-13_2026-03-14
0.2,2,CPI m/m|PPI m/m,Neutral|Bad,15,12,3,80.0,20.0,4.0,2018-10-23_2018-11-21|2019-03-22_2019-04-20|2020-05-15_2020-06-13|2020-07-14_2020-08-12|2021-02-09_2021-03-10|2021-06-09_2021-07-08|2021-08-08_2021-09-06|2021-12-06_2022-01-04|2022-02-04_2022-03-05|2022-04-05_2022-05-04|2022-07-04_2022-08-02|2023-01-30_2023-02-28|2023-08-28_2023-09-26|2024-02-24_2024-03-24|2025-07-18_2025-08-16
0.2,2,CPI m/m|PPI m/m,Bad|Bad,2,1,1,50.0,50.0,1.0,2021-05-10_2021-06-08|2021-07-09_2021-08-07
0.2,2,CPI m/m|PPI m/m,Bad|Neutral,2,0,2,0.0,100.0,0.0,2021-11-06_2021-12-05|2022-06-04_2022-07-03
0.3,2,CPI m/m|PPI m/m,Neutral|Good,13,7,6,53.8,46.2,1.17,2017-12-27_2018-01-25|2018-08-24_2018-09-22|2019-09-18_2019-10-17|2020-04-15_2020-05-14|2022-08-03_2022-09-01|2022-12-31_2023-01-29|2023-03-01_2023-03-30|2023-03-31_2023-04-29|2023-10-27_2023-11-25|2024-05-24_2024-06-22|2025-03-20_2025-04-18|2025-04-19_2025-05-18|2025-08-17_2025-09-15
0.3,2,CPI m/m|PPI m/m,Neutral|Neutral,63,37,26,58.7,41.3,1.42,2018-01-26_2018-02-24|2018-02-25_2018-03-26|2018-03-27_2018-04-25|2018-04-26_2018-05-25|2018-05-26_2018-06-24|2018-06-25_2018-07-24|2018-07-25_2018-08-23|2018-09-23_2018-10-22|2018-11-22_2018-12-21|2018-12-22_2019-01-20|2019-01-21_2019-02-19|2019-02-20_2019-03-21|2019-03-22_2019-04-20|2019-04-21_2019-05-20|2019-05-21_2019-06-19|2019-06-20_2019-07-19|2019-07-20_2019-08-18|2019-08-19_2019-09-17|2019-10-18_2019-11-16|2019-11-17_2019-12-16|2019-12-17_2020-01-15|2020-02-15_2020-03-15|2020-03-16_2020-04-14|2020-07-14_2020-08-12|2020-08-13_2020-09-11|2020-10-12_2020-11-10|2020-11-11_2020-12-10|2021-01-10_2021-02-08|2021-09-07_2021-10-06|2021-10-07_2021-11-05|2022-01-05_2022-02-03|2022-03-06_2022-04-04|2022-04-05_2022-05-04|2022-05-05_2022-06-03|2022-09-02_2022-10-01|2022-10-02_2022-10-31|2022-11-01_2022-11-30|2022-12-01_2022-12-30|2023-01-30_2023-02-28|2023-04-30_2023-05-29|2023-05-30_2023-06-28|2023-06-29_2023-07-28|2023-07-29_2023-08-27|2023-08-28_2023-09-26|2023-09-27_2023-10-26|2023-11-26_2023-12-25|2023-12-26_2024-01-24|2024-01-25_2024-02-23|2024-02-24_2024-03-24|2024-03-25_2024-04-23|2024-04-24_2024-05-23|2024-06-23_2024-07-22|2024-07-23_2024-08-21|2024-08-22_2024-09-20|2024-09-21_2024-10-20|2024-10-21_2024-11-19|2024-11-20_2024-12-19|2024-12-20_2025-01-18|2025-01-19_2025-02-17|2025-02-18_2025-03-19|2025-05-19_2025-06-17|2025-06-18_2025-07-17|2026-02-13_2026-03-14
0.3,2,CPI m/m|PPI m/m,Neutral|Bad,9,7,2,77.8,22.2,3.5,2018-10-23_2018-11-21|2020-05-15_2020-06-13|2021-02-09_2021-03-10|2021-06-09_2021-07-08|2021-08-08_2021-09-06|2021-12-06_2022-01-04|2022-02-04_2022-03-05|2022-07-04_2022-08-02|2025-07-18_2025-08-16
0.3,2,CPI m/m|PPI m/m,Bad|Neutral,3,1,2,33.3,66.7,0.5,2021-05-10_2021-06-08|2021-11-06_2021-12-05|2022-06-04_2022-07-03
0.3,2,CPI m/m|PPI m/m,Bad|Bad,1,0,1,0.0,100.0,0.0,2021-07-09_2021-08-07
0.0,2,CPI m/m|Core PPI m/m,Neutral|Good,12,7,5,58.3,41.7,1.4,2017-12-27_2018-01-25|2018-07-25_2018-08-23|2018-12-22_2019-01-20|2019-02-20_2019-03-21|2019-07-20_2019-08-18|2019-12-17_2020-01-15|2020-11-11_2020-12-10|2022-03-06_2022-04-04|2023-03-01_2023-03-30|2024-07-23_2024-08-21|2024-12-20_2025-01-18|2025-06-18_2025-07-17
0.0,2,CPI m/m|Core PPI m/m,Bad|Bad,14,10,4,71.4,28.6,2.5,2018-01-26_2018-02-24|2019-03-22_2019-04-20|2019-06-20_2019-07-19|2019-10-18_2019-11-16|2020-07-14_2020-08-12|2020-08-13_2020-09-11|2021-05-10_2021-06-08|2021-06-09_2021-07-08|2021-07-09_2021-08-07|2021-12-06_2022-01-04|2022-02-04_2022-03-05|2022-09-02_2022-10-01|2023-09-27_2023-10-26|2024-01-25_2024-02-23
0.0,2,CPI m/m|Core PPI m/m,Neutral|Neutral,8,4,4,50.0,50.0,1.0,2018-02-25_2018-03-26|2019-05-21_2019-06-19|2021-01-10_2021-02-08|2022-12-31_2023-01-29|2023-04-30_2023-05-29|2023-08-28_2023-09-26|2024-10-21_2024-11-19|2024-11-20_2024-12-19
0.0,2,CPI m/m|Core PPI m/m,Good|Bad,9,5,4,55.6,44.4,1.25,2018-03-27_2018-04-25|2018-06-25_2018-07-24|2019-01-21_2019-02-19|2020-03-16_2020-04-14|2021-09-07_2021-10-06|2022-12-01_2022-12-30|2024-04-24_2024-05-23|2024-06-23_2024-07-22|2026-02-13_2026-03-14
0.0,2,CPI m/m|Core PPI m/m,Good|Neutral,4,2,2,50.0,50.0,1.0,2018-04-26_2018-05-25|2018-09-23_2018-10-22|2020-05-15_2020-06-13|2023-05-30_2023-06-28
0.0,2,CPI m/m|Core PPI m/m,Neutral|Bad,13,9,4,69.2,30.8,2.25,2018-05-26_2018-06-24|2018-10-23_2018-11-21|2018-11-22_2018-12-21|2019-08-19_2019-09-17|2020-10-12_2020-11-10|2021-02-09_2021-03-10|2021-08-08_2021-09-06|2022-04-05_2022-05-04|2023-01-30_2023-02-28|2023-07-29_2023-08-27|2024-02-24_2024-03-24|2024-08-22_2024-09-20|2025-07-18_2025-08-16
0.0,2,CPI m/m|Core PPI m/m,Good|Good,14,8,6,57.1,42.9,1.33,2018-08-24_2018-09-22|2019-04-21_2019-05-20|2019-09-18_2019-10-17|2020-04-15_2020-05-14|2022-08-03_2022-09-01|2022-11-01_2022-11-30|2023-03-31_2023-04-29|2023-06-29_2023-07-28|2023-10-27_2023-11-25|2024-05-24_2024-06-22|2025-02-18_2025-03-19|2025-03-20_2025-04-18|2025-04-19_2025-05-18|2025-05-19_2025-06-17
0.0,2,CPI m/m|Core PPI m/m,Bad|Good,10,5,5,50.0,50.0,1.0,2019-11-17_2019-12-16|2020-02-15_2020-03-15|2021-10-07_2021-11-05|2021-11-06_2021-12-05|2022-05-05_2022-06-03|2022-06-04_2022-07-03|2022-07-04_2022-08-02|2023-11-26_2023-12-25|2023-12-26_2024-01-24|2025-08-17_2025-09-15
0.0,2,CPI m/m|Core PPI m/m,Bad|Neutral,5,2,3,40.0,60.0,0.67,2022-01-05_2022-02-03|2022-10-02_2022-10-31|2024-03-25_2024-04-23|2024-09-21_2024-10-20|2025-01-19_2025-02-17
0.1,2,CPI m/m|Core PPI m/m,Neutral|Good,20,11,9,55.0,45.0,1.22,2017-12-27_2018-01-25|2018-08-24_2018-09-22|2018-12-22_2019-01-20|2019-07-20_2019-08-18|2019-09-18_2019-10-17|2019-11-17_2019-12-16|2022-03-06_2022-04-04|2022-05-05_2022-06-03|2023-03-01_2023-03-30|2023-03-31_2023-04-29|2023-10-27_2023-11-25|2023-11-26_2023-12-25|2023-12-26_2024-01-24|2024-05-24_2024-06-22|2024-07-23_2024-08-21|2024-12-20_2025-01-18|2025-02-18_2025-03-19|2025-04-19_2025-05-18|2025-05-19_2025-06-17|2025-06-18_2025-07-17
0.1,2,CPI m/m|Core PPI m/m,Bad|Bad,9,7,2,77.8,22.2,3.5,2018-01-26_2018-02-24|2020-07-14_2020-08-12|2020-08-13_2020-09-11|2021-05-10_2021-06-08|2021-06-09_2021-07-08|2021-07-09_2021-08-07|2021-12-06_2022-01-04|2022-02-04_2022-03-05|2022-09-02_2022-10-01
0.1,2,CPI m/m|Core PPI m/m,Neutral|Neutral,29,17,12,58.6,41.4,1.42,2018-02-25_2018-03-26|2018-03-27_2018-04-25|2018-04-26_2018-05-25|2018-05-26_2018-06-24|2018-06-25_2018-07-24|2018-07-25_2018-08-23|2018-09-23_2018-10-22|2019-01-21_2019-02-19|2019-02-20_2019-03-21|2019-05-21_2019-06-19|2019-06-20_2019-07-19|2019-08-19_2019-09-17|2019-12-17_2020-01-15|2020-02-15_2020-03-15|2020-05-15_2020-06-13|2020-11-11_2020-12-10|2021-01-10_2021-02-08|2022-01-05_2022-02-03|2022-12-31_2023-01-29|2023-04-30_2023-05-29|2023-05-30_2023-06-28|2023-06-29_2023-07-28|2023-07-29_2023-08-27|2023-08-28_2023-09-26|2024-02-24_2024-03-24|2024-08-22_2024-09-20|2024-09-21_2024-10-20|2024-10-21_2024-11-19|2024-11-20_2024-12-19
0.1,2,CPI m/m|Core PPI m/m,Neutral|Bad,10,5,5,50.0,50.0,1.0,2018-10-23_2018-11-21|2018-11-22_2018-12-21|2020-10-12_2020-11-10|2021-02-09_2021-03-10|2021-08-08_2021-09-06|2022-04-05_2022-05-04|2023-01-30_2023-02-28|2024-01-25_2024-02-23|2025-07-18_2025-08-16|2026-02-13_2026-03-14
0.1,2,CPI m/m|Core PPI m/m,Bad|Neutral,9,4,5,44.4,55.6,0.8,2019-03-22_2019-04-20|2019-10-18_2019-11-16|2021-11-06_2021-12-05|2022-06-04_2022-07-03|2022-07-04_2022-08-02|2022-10-02_2022-10-31|2023-09-27_2023-10-26|2024-03-25_2024-04-23|2025-01-19_2025-02-17
0.1,2,CPI m/m|Core PPI m/m,Good|Neutral,2,1,1,50.0,50.0,1.0,2019-04-21_2019-05-20|2021-09-07_2021-10-06
0.1,2,CPI m/m|Core PPI m/m,Good|Bad,4,3,1,75.0,25.0,3.0,2020-03-16_2020-04-14|2022-12-01_2022-12-30|2024-04-24_2024-05-23|2024-06-23_2024-07-22
0.1,2,CPI m/m|Core PPI m/m,Good|Good,4,2,2,50.0,50.0,1.0,2020-04-15_2020-05-14|2022-08-03_2022-09-01|2022-11-01_2022-11-30|2025-03-20_2025-04-18
0.1,2,CPI m/m|Core PPI m/m,Bad|Good,2,2,0,100.0,0.0,inf,2021-10-07_2021-11-05|2025-08-17_2025-09-15
0.2,2,CPI m/m|Core PPI m/m,Neutral|Good,17,9,8,52.9,47.1,1.13,2017-12-27_2018-01-25|2018-08-24_2018-09-22|2018-12-22_2019-01-20|2019-07-20_2019-08-18|2019-09-18_2019-10-17|2019-11-17_2019-12-16|2021-10-07_2021-11-05|2022-03-06_2022-04-04|2022-11-01_2022-11-30|2023-03-01_2023-03-30|2023-03-31_2023-04-29|2023-10-27_2023-11-25|2024-05-24_2024-06-22|2025-02-18_2025-03-19|2025-03-20_2025-04-18|2025-04-19_2025-05-18|2025-08-17_2025-09-15
0.2,2,CPI m/m|Core PPI m/m,Neutral|Neutral,57,35,22,61.4,38.6,1.59,2018-01-26_2018-02-24|2018-02-25_2018-03-26|2018-03-27_2018-04-25|2018-04-26_2018-05-25|2018-05-26_2018-06-24|2018-06-25_2018-07-24|2018-07-25_2018-08-23|2018-09-23_2018-10-22|2018-11-22_2018-12-21|2019-01-21_2019-02-19|2019-02-20_2019-03-21|2019-03-22_2019-04-20|2019-04-21_2019-05-20|2019-05-21_2019-06-19|2019-06-20_2019-07-19|2019-08-19_2019-09-17|2019-10-18_2019-11-16|2019-12-17_2020-01-15|2020-02-15_2020-03-15|2020-03-16_2020-04-14|2020-04-15_2020-05-14|2020-05-15_2020-06-13|2020-08-13_2020-09-11|2020-10-12_2020-11-10|2020-11-11_2020-12-10|2021-01-10_2021-02-08|2021-06-09_2021-07-08|2021-09-07_2021-10-06|2022-01-05_2022-02-03|2022-05-05_2022-06-03|2022-07-04_2022-08-02|2022-08-03_2022-09-01|2022-09-02_2022-10-01|2022-10-02_2022-10-31|2022-12-01_2022-12-30|2022-12-31_2023-01-29|2023-01-30_2023-02-28|2023-04-30_2023-05-29|2023-05-30_2023-06-28|2023-06-29_2023-07-28|2023-07-29_2023-08-27|2023-08-28_2023-09-26|2023-09-27_2023-10-26|2023-11-26_2023-12-25|2023-12-26_2024-01-24|2024-02-24_2024-03-24|2024-03-25_2024-04-23|2024-06-23_2024-07-22|2024-07-23_2024-08-21|2024-08-22_2024-09-20|2024-09-21_2024-10-20|2024-10-21_2024-11-19|2024-11-20_2024-12-19|2024-12-20_2025-01-18|2025-01-19_2025-02-17|2025-05-19_2025-06-17|2025-06-18_2025-07-17
0.2,2,CPI m/m|Core PPI m/m,Neutral|Bad,11,7,4,63.6,36.4,1.75,2018-10-23_2018-11-21|2020-07-14_2020-08-12|2021-02-09_2021-03-10|2021-08-08_2021-09-06|2021-12-06_2022-01-04|2022-02-04_2022-03-05|2022-04-05_2022-05-04|2024-01-25_2024-02-23|2024-04-24_2024-05-23|2025-07-18_2025-08-16|2026-02-13_2026-03-14
0.2,2,CPI m/m|Core PPI m/m,Bad|Bad,2,1,1,50.0,50.0,1.0,2021-05-10_2021-06-08|2021-07-09_2021-08-07
0.2,2,CPI m/m|Core PPI m/m,Bad|Neutral,2,0,2,0.0,100.0,0.0,2021-11-06_2021-12-05|2022-06-04_2022-07-03
0.3,2,CPI m/m|Core PPI m/m,Neutral|Good,13,6,7,46.2,53.8,0.86,2017-12-27_2018-01-25|2018-08-24_2018-09-22|2018-12-22_2019-01-20|2019-07-20_2019-08-18|2019-09-18_2019-10-17|2019-11-17_2019-12-16|2022-03-06_2022-04-04|2023-03-01_2023-03-30|2023-03-31_2023-04-29|2025-02-18_2025-03-19|2025-03-20_2025-04-18|2025-04-19_2025-05-18|2025-08-17_2025-09-15
0.3,2,CPI m/m|Core PPI m/m,Neutral|Neutral,64,41,23,64.1,35.9,1.78,2018-01-26_2018-02-24|2018-02-25_2018-03-26|2018-03-27_2018-04-25|2018-04-26_2018-05-25|2018-05-26_2018-06-24|2018-06-25_2018-07-24|2018-07-25_2018-08-23|2018-09-23_2018-10-22|2018-10-23_2018-11-21|2018-11-22_2018-12-21|2019-01-21_2019-02-19|2019-02-20_2019-03-21|2019-03-22_2019-04-20|2019-04-21_2019-05-20|2019-05-21_2019-06-19|2019-06-20_2019-07-19|2019-08-19_2019-09-17|2019-10-18_2019-11-16|2019-12-17_2020-01-15|2020-02-15_2020-03-15|2020-03-16_2020-04-14|2020-04-15_2020-05-14|2020-05-15_2020-06-13|2020-08-13_2020-09-11|2020-10-12_2020-11-10|2020-11-11_2020-12-10|2021-01-10_2021-02-08|2021-06-09_2021-07-08|2021-09-07_2021-10-06|2021-10-07_2021-11-05|2021-12-06_2022-01-04|2022-01-05_2022-02-03|2022-05-05_2022-06-03|2022-07-04_2022-08-02|2022-08-03_2022-09-01|2022-09-02_2022-10-01|2022-10-02_2022-10-31|2022-11-01_2022-11-30|2022-12-01_2022-12-30|2022-12-31_2023-01-29|2023-01-30_2023-02-28|2023-04-30_2023-05-29|2023-05-30_2023-06-28|2023-06-29_2023-07-28|2023-07-29_2023-08-27|2023-08-28_2023-09-26|2023-09-27_2023-10-26|2023-10-27_2023-11-25|2023-11-26_2023-12-25|2023-12-26_2024-01-24|2024-02-24_2024-03-24|2024-03-25_2024-04-23|2024-04-24_2024-05-23|2024-05-24_2024-06-22|2024-06-23_2024-07-22|2024-07-23_2024-08-21|2024-08-22_2024-09-20|2024-09-21_2024-10-20|2024-10-21_2024-11-19|2024-11-20_2024-12-19|2024-12-20_2025-01-18|2025-01-19_2025-02-17|2025-05-19_2025-06-17|2025-06-18_2025-07-17
0.3,2,CPI m/m|Core PPI m/m,Neutral|Bad,8,4,4,50.0,50.0,1.0,2020-07-14_2020-08-12|2021-02-09_2021-03-10|2021-08-08_2021-09-06|2022-02-04_2022-03-05|2022-04-05_2022-05-04|2024-01-25_2024-02-23|2025-07-18_2025-08-16|2026-02-13_2026-03-14
0.3,2,CPI m/m|Core PPI m/m,Bad|Neutral,3,1,2,33.3,66.7,0.5,2021-05-10_2021-06-08|2021-11-06_2021-12-05|2022-06-04_2022-07-03
0.3,2,CPI m/m|Core PPI m/m,Bad|Bad,1,0,1,0.0,100.0,0.0,2021-07-09_2021-08-07
0.0,2,CPI m/m|FOMC,Bad|Neutral,16,10,6,62.5,37.5,1.67,2018-01-26_2018-02-24|2019-10-18_2019-11-16|2019-11-17_2019-12-16|2020-07-14_2020-08-12|2021-04-10_2021-05-09|2021-06-09_2021-07-08|2021-07-09_2021-08-07|2021-10-07_2021-11-05|2021-12-06_2022-01-04|2022-01-05_2022-02-03|2022-06-04_2022-07-03|2022-07-04_2022-08-02|2022-09-02_2022-10-01|2023-11-26_2023-12-25|2024-01-25_2024-02-23|2025-01-19_2025-02-17
0.0,2,CPI m/m|FOMC,Neutral|Neutral,23,14,9,60.9,39.1,1.56,2018-02-25_2018-03-26|2018-05-26_2018-06-24|2018-07-25_2018-08-23|2018-10-23_2018-11-21|2018-11-22_2018-12-21|2019-02-20_2019-03-21|2019-05-21_2019-06-19|2019-07-20_2019-08-18|2020-10-12_2020-11-10|2021-01-10_2021-02-08|2022-03-06_2022-04-04|2022-04-05_2022-05-04|2023-01-30_2023-02-28|2023-03-01_2023-03-30|2023-04-30_2023-05-29|2023-08-28_2023-09-26|2024-02-24_2024-03-24|2024-07-23_2024-08-21|2024-08-22_2024-09-20|2024-10-21_2024-11-19|2024-11-20_2024-12-19|2025-06-18_2025-07-17|2025-07-18_2025-08-16
0.0,2,CPI m/m|FOMC,Good|Neutral,19,12,7,63.2,36.8,1.71,2018-04-26_2018-05-25|2018-09-23_2018-10-22|2019-01-21_2019-02-19|2019-04-21_2019-05-20|2019-09-18_2019-10-17|2020-01-16_2020-02-14|2020-04-15_2020-05-14|2020-05-15_2020-06-13|2021-09-07_2021-10-06|2022-11-01_2022-11-30|2022-12-01_2022-12-30|2023-05-30_2023-06-28|2023-06-29_2023-07-28|2023-10-27_2023-11-25|2024-04-24_2024-05-23|2024-05-24_2024-06-22|2025-02-18_2025-03-19|2025-04-19_2025-05-18|2025-10-16_2025-11-14
0.0,2,CPI m/m|FOMC,Bad|Good,1,0,1,0.0,100.0,0.0,2020-02-15_2020-03-15
0.1,2,CPI m/m|FOMC,Bad|Neutral,11,7,4,63.6,36.4,1.75,2018-01-26_2018-02-24|2019-10-18_2019-11-16|2020-07-14_2020-08-12|2021-06-09_2021-07-08|2021-07-09_2021-08-07|2021-10-07_2021-11-05|2021-12-06_2022-01-04|2022-06-04_2022-07-03|2022-07-04_2022-08-02|2022-09-02_2022-10-01|2025-01-19_2025-02-17
0.1,2,CPI m/m|FOMC,Neutral|Neutral,40,25,15,62.5,37.5,1.67,2018-02-25_2018-03-26|2018-04-26_2018-05-25|2018-05-26_2018-06-24|2018-07-25_2018-08-23|2018-09-23_2018-10-22|2018-10-23_2018-11-21|2018-11-22_2018-12-21|2019-01-21_2019-02-19|2019-02-20_2019-03-21|2019-05-21_2019-06-19|2019-07-20_2019-08-18|2019-09-18_2019-10-17|2019-11-17_2019-12-16|2020-01-16_2020-02-14|2020-05-15_2020-06-13|2020-10-12_2020-11-10|2021-01-10_2021-02-08|2021-04-10_2021-05-09|2022-01-05_2022-02-03|2022-03-06_2022-04-04|2022-04-05_2022-05-04|2023-01-30_2023-02-28|2023-03-01_2023-03-30|2023-04-30_2023-05-29|2023-05-30_2023-06-28|2023-06-29_2023-07-28|2023-08-28_2023-09-26|2023-10-27_2023-11-25|2023-11-26_2023-12-25|2024-01-25_2024-02-23|2024-02-24_2024-03-24|2024-05-24_2024-06-22|2024-07-23_2024-08-21|2024-08-22_2024-09-20|2024-10-21_2024-11-19|2024-11-20_2024-12-19|2025-02-18_2025-03-19|2025-04-19_2025-05-18|2025-06-18_2025-07-17|2025-07-18_2025-08-16
0.1,2,CPI m/m|FOMC,Good|Neutral,7,4,3,57.1,42.9,1.33,2019-04-21_2019-05-20|2020-04-15_2020-05-14|2021-09-07_2021-10-06|2022-11-01_2022-11-30|2022-12-01_2022-12-30|2024-04-24_2024-05-23|2025-10-16_2025-11-14
0.1,2,CPI m/m|FOMC,Neutral|Good,1,0,1,0.0,100.0,0.0,2020-02-15_2020-03-15
0.2,2,CPI m/m|FOMC,Neutral|Neutral,56,36,20,64.3,35.7,1.8,2018-01-26_2018-02-24|2018-02-25_2018-03-26|2018-04-26_2018-05-25|2018-05-26_2018-06-24|2018-07-25_2018-08-23|2018-09-23_2018-10-22|2018-10-23_2018-11-21|2018-11-22_2018-12-21|2019-01-21_2019-02-19|2019-02-20_2019-03-21|2019-04-21_2019-05-20|2019-05-21_2019-06-19|2019-07-20_2019-08-18|2019-09-18_2019-10-17|2019-10-18_2019-11-16|2019-11-17_2019-12-16|2020-01-16_2020-02-14|2020-04-15_2020-05-14|2020-05-15_2020-06-13|2020-07-14_2020-08-12|2020-10-12_2020-11-10|2021-01-10_2021-02-08|2021-04-10_2021-05-09|2021-06-09_2021-07-08|2021-09-07_2021-10-06|2021-10-07_2021-11-05|2021-12-06_2022-01-04|2022-01-05_2022-02-03|2022-03-06_2022-04-04|2022-04-05_2022-05-04|2022-07-04_2022-08-02|2022-09-02_2022-10-01|2022-11-01_2022-11-30|2022-12-01_2022-12-30|2023-01-30_2023-02-28|2023-03-01_2023-03-30|2023-04-30_2023-05-29|2023-05-30_2023-06-28|2023-06-29_2023-07-28|2023-08-28_2023-09-26|2023-10-27_2023-11-25|2023-11-26_2023-12-25|2024-01-25_2024-02-23|2024-02-24_2024-03-24|2024-04-24_2024-05-23|2024-05-24_2024-06-22|2024-07-23_2024-08-21|2024-08-22_2024-09-20|2024-10-21_2024-11-19|2024-11-20_2024-12-19|2025-01-19_2025-02-17|2025-02-18_2025-03-19|2025-04-19_2025-05-18|2025-06-18_2025-07-17|2025-07-18_2025-08-16|2025-10-16_2025-11-14
0.2,2,CPI m/m|FOMC,Neutral|Good,1,0,1,0.0,100.0,0.0,2020-02-15_2020-03-15
0.2,2,CPI m/m|FOMC,Bad|Neutral,2,0,2,0.0,100.0,0.0,2021-07-09_2021-08-07|2022-06-04_2022-07-03
0.3,2,CPI m/m|FOMC,Neutral|Neutral,56,36,20,64.3,35.7,1.8,2018-01-26_2018-02-24|2018-02-25_2018-03-26|2018-04-26_2018-05-25|2018-05-26_2018-06-24|2018-07-25_2018-08-23|2018-09-23_2018-10-22|2018-10-23_2018-11-21|2018-11-22_2018-12-21|2019-01-21_2019-02-19|2019-02-20_2019-03-21|2019-04-21_2019-05-20|2019-05-21_2019-06-19|2019-07-20_2019-08-18|2019-09-18_2019-10-17|2019-10-18_2019-11-16|2019-11-17_2019-12-16|2020-01-16_2020-02-14|2020-04-15_2020-05-14|2020-05-15_2020-06-13|2020-07-14_2020-08-12|2020-10-12_2020-11-10|2021-01-10_2021-02-08|2021-04-10_2021-05-09|2021-06-09_2021-07-08|2021-09-07_2021-10-06|2021-10-07_2021-11-05|2021-12-06_2022-01-04|2022-01-05_2022-02-03|2022-03-06_2022-04-04|2022-04-05_2022-05-04|2022-07-04_2022-08-02|2022-09-02_2022-10-01|2022-11-01_2022-11-30|2022-12-01_2022-12-30|2023-01-30_2023-02-28|2023-03-01_2023-03-30|2023-04-30_2023-05-29|2023-05-30_2023-06-28|2023-06-29_2023-07-28|2023-08-28_2023-09-26|2023-10-27_2023-11-25|2023-11-26_2023-12-25|2024-01-25_2024-02-23|2024-02-24_2024-03-24|2024-04-24_2024-05-23|2024-05-24_2024-06-22|2024-07-23_2024-08-21|2024-08-22_2024-09-20|2024-10-21_2024-11-19|2024-11-20_2024-12-19|2025-01-19_2025-02-17|2025-02-18_2025-03-19|2025-04-19_2025-05-18|2025-06-18_2025-07-17|2025-07-18_2025-08-16|2025-10-16_2025-11-14
0.3,2,CPI m/m|FOMC,Neutral|Good,1,0,1,0.0,100.0,0.0,2020-02-15_2020-03-15
0.3,2,CPI m/m|FOMC,Bad|Neutral,2,0,2,0.0,100.0,0.0,2021-07-09_2021-08-07|2022-06-04_2022-07-03
0.0,2,CPI m/m|CPI y/y,Neutral|Neutral,18,9,9,50.0,50.0,1.0,2017-12-27_2018-01-25|2018-02-25_2018-03-26|2018-05-26_2018-06-24|2018-07-25_2018-08-23|2018-10-23_2018-11-21|2018-11-22_2018-12-21|2018-12-22_2019-01-20|2019-12-17_2020-01-15|2020-10-12_2020-11-10|2021-01-10_2021-02-08|2021-02-09_2021-03-10|2022-03-06_2022-04-04|2022-12-31_2023-01-29|2023-03-01_2023-03-30|2024-08-22_2024-09-20|2024-10-21_2024-11-19|2024-11-20_2024-12-19|2024-12-20_2025-01-18
0.0,2,CPI m/m|CPI y/y,Bad|Bad,25,14,11,56.0,44.0,1.27,2018-01-26_2018-02-24|2019-03-22_2019-04-20|2019-10-18_2019-11-16|2019-11-17_2019-12-16|2020-02-15_2020-03-15|2020-07-14_2020-08-12|2020-08-13_2020-09-11|2021-04-10_2021-05-09|2021-05-10_2021-06-08|2021-06-09_2021-07-08|2021-07-09_2021-08-07|2021-10-07_2021-11-05|2021-11-06_2021-12-05|2022-02-04_2022-03-05|2022-05-05_2022-06-03|2022-06-04_2022-07-03|2022-07-04_2022-08-02|2022-09-02_2022-10-01|2022-10-02_2022-10-31|2023-09-27_2023-10-26|2023-12-26_2024-01-24|2024-01-25_2024-02-23|2024-03-25_2024-04-23|2024-09-21_2024-10-20|2025-01-19_2025-02-17
0.0,2,CPI m/m|CPI y/y,Good|Neutral,5,3,2,60.0,40.0,1.5,2018-03-27_2018-04-25|2018-04-26_2018-05-25|2018-06-25_2018-07-24|2021-09-07_2021-10-06|2024-04-24_2024-05-23
0.0,2,CPI m/m|CPI y/y,Good|Good,22,11,11,50.0,50.0,1.0,2018-08-24_2018-09-22|2018-09-23_2018-10-22|2019-04-21_2019-05-20|2019-09-18_2019-10-17|2020-03-16_2020-04-14|2020-04-15_2020-05-14|2020-05-15_2020-06-13|2022-08-03_2022-09-01|2022-11-01_2022-11-30|2022-12-01_2022-12-30|2023-03-31_2023-04-29|2023-05-30_2023-06-28|2023-06-29_2023-07-28|2023-10-27_2023-11-25|2024-05-24_2024-06-22|2024-06-23_2024-07-22|2025-02-18_2025-03-19|2025-03-20_2025-04-18|2025-04-19_2025-05-18|2025-05-19_2025-06-17|2025-10-16_2025-11-14|2026-02-13_2026-03-14
0.0,2,CPI m/m|CPI y/y,Good|Bad,2,2,0,100.0,0.0,inf,2019-01-21_2019-02-19|2020-01-16_2020-02-14
0.0,2,CPI m/m|CPI y/y,Neutral|Good,9,8,1,88.9,11.1,8.0,2019-02-20_2019-03-21|2019-05-21_2019-06-19|2019-08-19_2019-09-17|2020-11-11_2020-12-10|2023-04-30_2023-05-29|2023-07-29_2023-08-27|2024-07-23_2024-08-21|2025-07-18_2025-08-16|2025-12-15_2026-01-13
0.0,2,CPI m/m|CPI y/y,Bad|Neutral,5,4,1,80.0,20.0,4.0,2019-06-20_2019-07-19|2021-12-06_2022-01-04|2022-01-05_2022-02-03|2023-11-26_2023-12-25|2025-08-17_2025-09-15
0.0,2,CPI m/m|CPI y/y,Neutral|Bad,7,4,3,57.1,42.9,1.33,2019-07-20_2019-08-18|2021-08-08_2021-09-06|2022-04-05_2022-05-04|2023-01-30_2023-02-28|2023-08-28_2023-09-26|2024-02-24_2024-03-24|2025-06-18_2025-07-17
0.1,2,CPI m/m|CPI y/y,Neutral|Neutral,35,19,16,54.3,45.7,1.19,2017-12-27_2018-01-25|2018-02-25_2018-03-26|2018-03-27_2018-04-25|2018-04-26_2018-05-25|2018-05-26_2018-06-24|2018-06-25_2018-07-24|2018-07-25_2018-08-23|2018-08-24_2018-09-22|2018-10-23_2018-11-21|2018-11-22_2018-12-21|2018-12-22_2019-01-20|2019-05-21_2019-06-19|2019-06-20_2019-07-19|2019-12-17_2020-01-15|2020-02-15_2020-03-15|2020-10-12_2020-11-10|2020-11-11_2020-12-10|2021-01-10_2021-02-08|2021-02-09_2021-03-10|2022-01-05_2022-02-03|2022-03-06_2022-04-04|2022-04-05_2022-05-04|2022-12-31_2023-01-29|2023-03-01_2023-03-30|2023-03-31_2023-04-29|2023-04-30_2023-05-29|2023-05-30_2023-06-28|2023-07-29_2023-08-27|2023-10-27_2023-11-25|2023-11-26_2023-12-25|2024-08-22_2024-09-20|2024-10-21_2024-11-19|2024-11-20_2024-12-19|2024-12-20_2025-01-18|2025-07-18_2025-08-16
0.1,2,CPI m/m|CPI y/y,Bad|Bad,16,9,7,56.2,43.8,1.29,2018-01-26_2018-02-24|2019-10-18_2019-11-16|2020-07-14_2020-08-12|2020-08-13_2020-09-11|2021-05-10_2021-06-08|2021-06-09_2021-07-08|2021-07-09_2021-08-07|2021-10-07_2021-11-05|2021-11-06_2021-12-05|2022-02-04_2022-03-05|2022-06-04_2022-07-03|2022-07-04_2022-08-02|2022-09-02_2022-10-01|2023-09-27_2023-10-26|2024-03-25_2024-04-23|2025-01-19_2025-02-17
0.1,2,CPI m/m|CPI y/y,Neutral|Good,13,9,4,69.2,30.8,2.25,2018-09-23_2018-10-22|2019-02-20_2019-03-21|2019-08-19_2019-09-17|2019-09-18_2019-10-17|2020-05-15_2020-06-13|2023-06-29_2023-07-28|2024-05-24_2024-06-22|2024-07-23_2024-08-21|2025-02-18_2025-03-19|2025-04-19_2025-05-18|2025-05-19_2025-06-17|2025-12-15_2026-01-13|2026-02-13_2026-03-14
0.1,2,CPI m/m|CPI y/y,Neutral|Bad,14,8,6,57.1,42.9,1.33,2019-01-21_2019-02-19|2019-07-20_2019-08-18|2019-11-17_2019-12-16|2020-01-16_2020-02-14|2021-04-10_2021-05-09|2021-08-08_2021-09-06|2022-05-05_2022-06-03|2023-01-30_2023-02-28|2023-08-28_2023-09-26|2023-12-26_2024-01-24|2024-01-25_2024-02-23|2024-02-24_2024-03-24|2024-09-21_2024-10-20|2025-06-18_2025-07-17
0.1,2,CPI m/m|CPI y/y,Bad|Neutral,4,4,0,100.0,0.0,inf,2019-03-22_2019-04-20|2021-12-06_2022-01-04|2022-10-02_2022-10-31|2025-08-17_2025-09-15
0.1,2,CPI m/m|CPI y/y,Good|Good,9,5,4,55.6,44.4,1.25,2019-04-21_2019-05-20|2020-03-16_2020-04-14|2020-04-15_2020-05-14|2022-08-03_2022-09-01|2022-11-01_2022-11-30|2022-12-01_2022-12-30|2024-06-23_2024-07-22|2025-03-20_2025-04-18|2025-10-16_2025-11-14
0.1,2,CPI m/m|CPI y/y,Good|Neutral,2,1,1,50.0,50.0,1.0,2021-09-07_2021-10-06|2024-04-24_2024-05-23
0.2,2,CPI m/m|CPI y/y,Neutral|Neutral,79,48,31,60.8,39.2,1.55,2017-12-27_2018-01-25|2018-02-25_2018-03-26|2018-03-27_2018-04-25|2018-04-26_2018-05-25|2018-05-26_2018-06-24|2018-06-25_2018-07-24|2018-07-25_2018-08-23|2018-08-24_2018-09-22|2018-09-23_2018-10-22|2018-10-23_2018-11-21|2018-11-22_2018-12-21|2018-12-22_2019-01-20|2019-01-21_2019-02-19|2019-02-20_2019-03-21|2019-03-22_2019-04-20|2019-04-21_2019-05-20|2019-05-21_2019-06-19|2019-06-20_2019-07-19|2019-07-20_2019-08-18|2019-08-19_2019-09-17|2019-09-18_2019-10-17|2019-10-18_2019-11-16|2019-11-17_2019-12-16|2019-12-17_2020-01-15|2020-01-16_2020-02-14|2020-02-15_2020-03-15|2020-03-16_2020-04-14|2020-04-15_2020-05-14|2020-05-15_2020-06-13|2020-07-14_2020-08-12|2020-08-13_2020-09-11|2020-10-12_2020-11-10|2020-11-11_2020-12-10|2021-01-10_2021-02-08|2021-02-09_2021-03-10|2021-04-10_2021-05-09|2021-08-08_2021-09-06|2021-09-07_2021-10-06|2021-10-07_2021-11-05|2021-12-06_2022-01-04|2022-01-05_2022-02-03|2022-03-06_2022-04-04|2022-04-05_2022-05-04|2022-08-03_2022-09-01|2022-10-02_2022-10-31|2022-12-31_2023-01-29|2023-03-01_2023-03-30|2023-03-31_2023-04-29|2023-04-30_2023-05-29|2023-05-30_2023-06-28|2023-06-29_2023-07-28|2023-07-29_2023-08-27|2023-08-28_2023-09-26|2023-09-27_2023-10-26|2023-10-27_2023-11-25|2023-11-26_2023-12-25|2023-12-26_2024-01-24|2024-02-24_2024-03-24|2024-03-25_2024-04-23|2024-04-24_2024-05-23|2024-05-24_2024-06-22|2024-06-23_2024-07-22|2024-07-23_2024-08-21|2024-08-22_2024-09-20|2024-09-21_2024-10-20|2024-10-21_2024-11-19|2024-11-20_2024-12-19|2024-12-20_2025-01-18|2025-01-19_2025-02-17|2025-02-18_2025-03-19|2025-03-20_2025-04-18|2025-04-19_2025-05-18|2025-05-19_2025-06-17|2025-06-18_2025-07-17|2025-07-18_2025-08-16|2025-08-17_2025-09-15|2025-10-16_2025-11-14|2025-12-15_2026-01-13|2026-02-13_2026-03-14
0.2,2,CPI m/m|CPI y/y,Neutral|Bad,8,5,3,62.5,37.5,1.67,2018-01-26_2018-02-24|2021-06-09_2021-07-08|2022-02-04_2022-03-05|2022-05-05_2022-06-03|2022-07-04_2022-08-02|2022-09-02_2022-10-01|2023-01-30_2023-02-28|2024-01-25_2024-02-23
0.2,2,CPI m/m|CPI y/y,Bad|Bad,4,1,3,25.0,75.0,0.33,2021-05-10_2021-06-08|2021-07-09_2021-08-07|2021-11-06_2021-12-05|2022-06-04_2022-07-03
0.2,2,CPI m/m|CPI y/y,Neutral|Good,2,1,1,50.0,50.0,1.0,2022-11-01_2022-11-30|2022-12-01_2022-12-30
0.3,2,CPI m/m|CPI y/y,Neutral|Neutral,88,53,35,60.2,39.8,1.51,2017-12-27_2018-01-25|2018-01-26_2018-02-24|2018-02-25_2018-03-26|2018-03-27_2018-04-25|2018-04-26_2018-05-25|2018-05-26_2018-06-24|2018-06-25_2018-07-24|2018-07-25_2018-08-23|2018-08-24_2018-09-22|2018-09-23_2018-10-22|2018-10-23_2018-11-21|2018-11-22_2018-12-21|2018-12-22_2019-01-20|2019-01-21_2019-02-19|2019-02-20_2019-03-21|2019-03-22_2019-04-20|2019-04-21_2019-05-20|2019-05-21_2019-06-19|2019-06-20_2019-07-19|2019-07-20_2019-08-18|2019-08-19_2019-09-17|2019-09-18_2019-10-17|2019-10-18_2019-11-16|2019-11-17_2019-12-16|2019-12-17_2020-01-15|2020-01-16_2020-02-14|2020-02-15_2020-03-15|2020-03-16_2020-04-14|2020-04-15_2020-05-14|2020-05-15_2020-06-13|2020-07-14_2020-08-12|2020-08-13_2020-09-11|2020-10-12_2020-11-10|2020-11-11_2020-12-10|2021-01-10_2021-02-08|2021-02-09_2021-03-10|2021-04-10_2021-05-09|2021-06-09_2021-07-08|2021-08-08_2021-09-06|2021-09-07_2021-10-06|2021-10-07_2021-11-05|2021-12-06_2022-01-04|2022-01-05_2022-02-03|2022-02-04_2022-03-05|2022-03-06_2022-04-04|2022-04-05_2022-05-04|2022-05-05_2022-06-03|2022-08-03_2022-09-01|2022-09-02_2022-10-01|2022-10-02_2022-10-31|2022-11-01_2022-11-30|2022-12-01_2022-12-30|2022-12-31_2023-01-29|2023-01-30_2023-02-28|2023-03-01_2023-03-30|2023-03-31_2023-04-29|2023-04-30_2023-05-29|2023-05-30_2023-06-28|2023-06-29_2023-07-28|2023-07-29_2023-08-27|2023-08-28_2023-09-26|2023-09-27_2023-10-26|2023-10-27_2023-11-25|2023-11-26_2023-12-25|2023-12-26_2024-01-24|2024-01-25_2024-02-23|2024-02-24_2024-03-24|2024-03-25_2024-04-23|2024-04-24_2024-05-23|2024-05-24_2024-06-22|2024-06-23_2024-07-22|2024-07-23_2024-08-21|2024-08-22_2024-09-20|2024-09-21_2024-10-20|2024-10-21_2024-11-19|2024-11-20_2024-12-19|2024-12-20_2025-01-18|2025-01-19_2025-02-17|2025-02-18_2025-03-19|2025-03-20_2025-04-18|2025-04-19_2025-05-18|2025-05-19_2025-06-17|2025-06-18_2025-07-17|2025-07-18_2025-08-16|2025-08-17_2025-09-15|2025-10-16_2025-11-14|2025-12-15_2026-01-13|2026-02-13_2026-03-14
0.3,2,CPI m/m|CPI y/y,Bad|Bad,2,1,1,50.0,50.0,1.0,2021-05-10_2021-06-08|2021-07-09_2021-08-07
0.3,2,CPI m/m|CPI y/y,Bad|Neutral,2,0,2,0.0,100.0,0.0,2021-11-06_2021-12-05|2022-06-04_2022-07-03
0.3,2,CPI m/m|CPI y/y,Neutral|Bad,1,1,0,100.0,0.0,inf,2022-07-04_2022-08-02
0.0,2,Core CPI m/m|PPI m/m,Bad|Good,6,2,4,33.3,66.7,0.5,2017-12-27_2018-01-25|2022-01-05_2022-02-03|2023-03-01_2023-03-30|2023-04-30_2023-05-29|2024-03-25_2024-04-23|2024-09-21_2024-10-20
0.0,2,Core CPI m/m|PPI m/m,Bad|Neutral,7,2,5,28.6,71.4,0.4,2018-01-26_2018-02-24|2019-06-20_2019-07-19|2019-07-20_2019-08-18|2021-11-06_2021-12-05|2022-05-05_2022-06-03|2022-06-04_2022-07-03|2022-09-02_2022-10-01
0.0,2,Core CPI m/m|PPI m/m,Neutral|Bad,15,9,6,60.0,40.0,1.5,2018-02-25_2018-03-26|2018-03-27_2018-04-25|2018-06-25_2018-07-24|2018-10-23_2018-11-21|2018-11-22_2018-12-21|2019-10-18_2019-11-16|2020-10-12_2020-11-10|2021-12-06_2022-01-04|2023-01-30_2023-02-28|2023-07-29_2023-08-27|2023-09-27_2023-10-26|2024-04-24_2024-05-23|2024-11-20_2024-12-19|2025-07-18_2025-08-16|2026-02-13_2026-03-14
0.0,2,Core CPI m/m|PPI m/m,Good|Good,17,11,6,64.7,35.3,1.83,2018-04-26_2018-05-25|2018-08-24_2018-09-22|2019-02-20_2019-03-21|2019-09-18_2019-10-17|2019-12-17_2020-01-15|2020-04-15_2020-05-14|2022-08-03_2022-09-01|2022-11-01_2022-11-30|2023-06-29_2023-07-28|2023-10-27_2023-11-25|2024-05-24_2024-06-22|2024-12-20_2025-01-18|2025-02-18_2025-03-19|2025-03-20_2025-04-18|2025-04-19_2025-05-18|2025-05-19_2025-06-17|2025-06-18_2025-07-17
0.0,2,Core CPI m/m|PPI m/m,Bad|Bad,15,11,4,73.3,26.7,2.75,2018-05-26_2018-06-24|2019-08-19_2019-09-17|2020-07-14_2020-08-12|2020-08-13_2020-09-11|2021-05-10_2021-06-08|2021-06-09_2021-07-08|2021-07-09_2021-08-07|2022-02-04_2022-03-05|2022-07-04_2022-08-02|2022-10-02_2022-10-31|2023-08-28_2023-09-26|2024-01-25_2024-02-23|2024-02-24_2024-03-24|2024-08-22_2024-09-20|2025-01-19_2025-02-17
0.0,2,Core CPI m/m|PPI m/m,Neutral|Good,14,9,5,64.3,35.7,1.8,2018-07-25_2018-08-23|2018-12-22_2019-01-20|2019-01-21_2019-02-19|2019-11-17_2019-12-16|2020-02-15_2020-03-15|2021-01-10_2021-02-08|2021-10-07_2021-11-05|2022-03-06_2022-04-04|2022-12-31_2023-01-29|2023-03-31_2023-04-29|2023-05-30_2023-06-28|2023-12-26_2024-01-24|2024-07-23_2024-08-21|2025-08-17_2025-09-15
0.0,2,Core CPI m/m|PPI m/m,Good|Neutral,3,2,1,66.7,33.3,2.0,2018-09-23_2018-10-22|2019-04-21_2019-05-20|2019-05-21_2019-06-19
0.0,2,Core CPI m/m|PPI m/m,Good|Bad,10,6,4,60.0,40.0,1.5,2019-03-22_2019-04-20|2020-03-16_2020-04-14|2020-05-15_2020-06-13|2020-11-11_2020-12-10|2021-02-09_2021-03-10|2021-08-08_2021-09-06|2021-09-07_2021-10-06|2022-04-05_2022-05-04|2022-12-01_2022-12-30|2024-06-23_2024-07-22
0.0,2,Core CPI m/m|PPI m/m,Neutral|Neutral,2,0,2,0.0,100.0,0.0,2023-11-26_2023-12-25|2024-10-21_2024-11-19
0.1,2,Core CPI m/m|PPI m/m,Neutral|Good,21,13,8,61.9,38.1,1.62,2017-12-27_2018-01-25|2018-07-25_2018-08-23|2018-08-24_2018-09-22|2019-01-21_2019-02-19|2019-09-18_2019-10-17|2019-11-17_2019-12-16|2021-01-10_2021-02-08|2022-01-05_2022-02-03|2022-03-06_2022-04-04|2022-12-31_2023-01-29|2023-03-01_2023-03-30|2023-03-31_2023-04-29|2023-05-30_2023-06-28|2023-10-27_2023-11-25|2023-12-26_2024-01-24|2024-05-24_2024-06-22|2024-12-20_2025-01-18|2025-02-18_2025-03-19|2025-04-19_2025-05-18|2025-06-18_2025-07-17|2025-08-17_2025-09-15
0.1,2,Core CPI m/m|PPI m/m,Neutral|Neutral,27,16,11,59.3,40.7,1.45,2018-01-26_2018-02-24|2018-02-25_2018-03-26|2018-04-26_2018-05-25|2018-06-25_2018-07-24|2018-09-23_2018-10-22|2018-11-22_2018-12-21|2018-12-22_2019-01-20|2019-02-20_2019-03-21|2019-04-21_2019-05-20|2019-05-21_2019-06-19|2019-06-20_2019-07-19|2019-07-20_2019-08-18|2019-08-19_2019-09-17|2019-12-17_2020-01-15|2020-02-15_2020-03-15|2020-11-11_2020-12-10|2021-10-07_2021-11-05|2022-06-04_2022-07-03|2022-12-01_2022-12-30|2023-06-29_2023-07-28|2023-07-29_2023-08-27|2023-11-26_2023-12-25|2024-06-23_2024-07-22|2024-07-23_2024-08-21|2024-08-22_2024-09-20|2024-09-21_2024-10-20|2024-10-21_2024-11-19
0.1,2,Core CPI m/m|PPI m/m,Neutral|Bad,16,12,4,75.0,25.0,3.0,2018-03-27_2018-04-25|2018-05-26_2018-06-24|2018-10-23_2018-11-21|2019-03-22_2019-04-20|2019-10-18_2019-11-16|2020-05-15_2020-06-13|2020-10-12_2020-11-10|2021-12-06_2022-01-04|2022-02-04_2022-03-05|2023-01-30_2023-02-28|2023-08-28_2023-09-26|2023-09-27_2023-10-26|2024-04-24_2024-05-23|2024-11-20_2024-12-19|2025-07-18_2025-08-16|2026-02-13_2026-03-14
0.1,2,Core CPI m/m|PPI m/m,Good|Neutral,3,2,1,66.7,33.3,2.0,2020-03-16_2020-04-14|2021-09-07_2021-10-06|2025-05-19_2025-06-17
0.1,2,Core CPI m/m|PPI m/m,Good|Good,4,2,2,50.0,50.0,1.0,2020-04-15_2020-05-14|2022-08-03_2022-09-01|2022-11-01_2022-11-30|2025-03-20_2025-04-18
0.1,2,Core CPI m/m|PPI m/m,Bad|Bad,9,5,4,55.6,44.4,1.25,2020-07-14_2020-08-12|2021-05-10_2021-06-08|2021-06-09_2021-07-08|2021-07-09_2021-08-07|2022-07-04_2022-08-02|2022-10-02_2022-10-31|2024-01-25_2024-02-23|2024-02-24_2024-03-24|2025-01-19_2025-02-17
0.1,2,Core CPI m/m|PPI m/m,Bad|Neutral,6,1,5,16.7,83.3,0.2,2020-08-13_2020-09-11|2021-11-06_2021-12-05|2022-05-05_2022-06-03|2022-09-02_2022-10-01|2023-04-30_2023-05-29|2024-03-25_2024-04-23
0.1,2,Core CPI m/m|PPI m/m,Good|Bad,3,1,2,33.3,66.7,0.5,2021-02-09_2021-03-10|2021-08-08_2021-09-06|2022-04-05_2022-05-04
0.2,2,Core CPI m/m|PPI m/m,Neutral|Good,14,8,6,57.1,42.9,1.33,2017-12-27_2018-01-25|2018-08-24_2018-09-22|2019-09-18_2019-10-17|2020-04-15_2020-05-14|2022-08-03_2022-09-01|2022-12-31_2023-01-29|2023-03-01_2023-03-30|2023-03-31_2023-04-29|2023-10-27_2023-11-25|2024-05-24_2024-06-22|2025-02-18_2025-03-19|2025-03-20_2025-04-18|2025-04-19_2025-05-18|2025-08-17_2025-09-15
0.2,2,Core CPI m/m|PPI m/m,Neutral|Neutral,57,31,26,54.4,45.6,1.19,2018-01-26_2018-02-24|2018-02-25_2018-03-26|2018-03-27_2018-04-25|2018-04-26_2018-05-25|2018-05-26_2018-06-24|2018-06-25_2018-07-24|2018-07-25_2018-08-23|2018-09-23_2018-10-22|2018-11-22_2018-12-21|2018-12-22_2019-01-20|2019-01-21_2019-02-19|2019-02-20_2019-03-21|2019-04-21_2019-05-20|2019-05-21_2019-06-19|2019-06-20_2019-07-19|2019-07-20_2019-08-18|2019-08-19_2019-09-17|2019-10-18_2019-11-16|2019-11-17_2019-12-16|2019-12-17_2020-01-15|2020-02-15_2020-03-15|2020-03-16_2020-04-14|2020-08-13_2020-09-11|2020-10-12_2020-11-10|2020-11-11_2020-12-10|2021-01-10_2021-02-08|2021-09-07_2021-10-06|2021-10-07_2021-11-05|2021-11-06_2021-12-05|2022-01-05_2022-02-03|2022-03-06_2022-04-04|2022-05-05_2022-06-03|2022-06-04_2022-07-03|2022-10-02_2022-10-31|2022-11-01_2022-11-30|2022-12-01_2022-12-30|2023-04-30_2023-05-29|2023-05-30_2023-06-28|2023-06-29_2023-07-28|2023-07-29_2023-08-27|2023-09-27_2023-10-26|2023-11-26_2023-12-25|2023-12-26_2024-01-24|2024-01-25_2024-02-23|2024-03-25_2024-04-23|2024-04-24_2024-05-23|2024-06-23_2024-07-22|2024-07-23_2024-08-21|2024-08-22_2024-09-20|2024-09-21_2024-10-20|2024-10-21_2024-11-19|2024-11-20_2024-12-19|2024-12-20_2025-01-18|2025-01-19_2025-02-17|2025-05-19_2025-06-17|2025-06-18_2025-07-17|2026-02-13_2026-03-14
0.2,2,Core CPI m/m|PPI m/m,Neutral|Bad,14,11,3,78.6,21.4,3.67,2018-10-23_2018-11-21|2019-03-22_2019-04-20|2020-05-15_2020-06-13|2021-02-09_2021-03-10|2021-06-09_2021-07-08|2021-08-08_2021-09-06|2021-12-06_2022-01-04|2022-02-04_2022-03-05|2022-04-05_2022-05-04|2022-07-04_2022-08-02|2023-01-30_2023-02-28|2023-08-28_2023-09-26|2024-02-24_2024-03-24|2025-07-18_2025-08-16
0.2,2,Core CPI m/m|PPI m/m,Bad|Bad,3,2,1,66.7,33.3,2.0,2020-07-14_2020-08-12|2021-05-10_2021-06-08|2021-07-09_2021-08-07
0.2,2,Core CPI m/m|PPI m/m,Bad|Neutral,1,0,1,0.0,100.0,0.0,2022-09-02_2022-10-01
0.3,2,Core CPI m/m|PPI m/m,Neutral|Good,13,7,6,53.8,46.2,1.17,2017-12-27_2018-01-25|2018-08-24_2018-09-22|2019-09-18_2019-10-17|2020-04-15_2020-05-14|2022-08-03_2022-09-01|2022-12-31_2023-01-29|2023-03-01_2023-03-30|2023-03-31_2023-04-29|2023-10-27_2023-11-25|2024-05-24_2024-06-22|2025-03-20_2025-04-18|2025-04-19_2025-05-18|2025-08-17_2025-09-15
0.3,2,Core CPI m/m|PPI m/m,Neutral|Neutral,65,37,28,56.9,43.1,1.32,2018-01-26_2018-02-24|2018-02-25_2018-03-26|2018-03-27_2018-04-25|2018-04-26_2018-05-25|2018-05-26_2018-06-24|2018-06-25_2018-07-24|2018-07-25_2018-08-23|2018-09-23_2018-10-22|2018-11-22_2018-12-21|2018-12-22_2019-01-20|2019-01-21_2019-02-19|2019-02-20_2019-03-21|2019-03-22_2019-04-20|2019-04-21_2019-05-20|2019-05-21_2019-06-19|2019-06-20_2019-07-19|2019-07-20_2019-08-18|2019-08-19_2019-09-17|2019-10-18_2019-11-16|2019-11-17_2019-12-16|2019-12-17_2020-01-15|2020-02-15_2020-03-15|2020-03-16_2020-04-14|2020-07-14_2020-08-12|2020-08-13_2020-09-11|2020-10-12_2020-11-10|2020-11-11_2020-12-10|2021-01-10_2021-02-08|2021-09-07_2021-10-06|2021-10-07_2021-11-05|2021-11-06_2021-12-05|2022-01-05_2022-02-03|2022-03-06_2022-04-04|2022-04-05_2022-05-04|2022-05-05_2022-06-03|2022-06-04_2022-07-03|2022-09-02_2022-10-01|2022-10-02_2022-10-31|2022-11-01_2022-11-30|2022-12-01_2022-12-30|2023-01-30_2023-02-28|2023-04-30_2023-05-29|2023-05-30_2023-06-28|2023-06-29_2023-07-28|2023-07-29_2023-08-27|2023-08-28_2023-09-26|2023-09-27_2023-10-26|2023-11-26_2023-12-25|2023-12-26_2024-01-24|2024-01-25_2024-02-23|2024-02-24_2024-03-24|2024-03-25_2024-04-23|2024-04-24_2024-05-23|2024-06-23_2024-07-22|2024-07-23_2024-08-21|2024-08-22_2024-09-20|2024-09-21_2024-10-20|2024-10-21_2024-11-19|2024-11-20_2024-12-19|2024-12-20_2025-01-18|2025-01-19_2025-02-17|2025-02-18_2025-03-19|2025-05-19_2025-06-17|2025-06-18_2025-07-17|2026-02-13_2026-03-14
0.3,2,Core CPI m/m|PPI m/m,Neutral|Bad,9,7,2,77.8,22.2,3.5,2018-10-23_2018-11-21|2020-05-15_2020-06-13|2021-02-09_2021-03-10|2021-06-09_2021-07-08|2021-08-08_2021-09-06|2021-12-06_2022-01-04|2022-02-04_2022-03-05|2022-07-04_2022-08-02|2025-07-18_2025-08-16
0.3,2,Core CPI m/m|PPI m/m,Bad|Neutral,1,1,0,100.0,0.0,inf,2021-05-10_2021-06-08
0.3,2,Core CPI m/m|PPI m/m,Bad|Bad,1,0,1,0.0,100.0,0.0,2021-07-09_2021-08-07
0.0,2,Core CPI m/m|Core PPI m/m,Bad|Good,7,2,5,28.6,71.4,0.4,2017-12-27_2018-01-25|2019-07-20_2019-08-18|2021-11-06_2021-12-05|2022-05-05_2022-06-03|2022-06-04_2022-07-03|2022-07-04_2022-08-02|2023-03-01_2023-03-30
0.0,2,Core CPI m/m|Core PPI m/m,Bad|Bad,14,10,4,71.4,28.6,2.5,2018-01-26_2018-02-24|2018-05-26_2018-06-24|2019-06-20_2019-07-19|2019-08-19_2019-09-17|2020-07-14_2020-08-12|2020-08-13_2020-09-11|2021-05-10_2021-06-08|2021-06-09_2021-07-08|2021-07-09_2021-08-07|2022-02-04_2022-03-05|2022-09-02_2022-10-01|2024-01-25_2024-02-23|2024-02-24_2024-03-24|2024-08-22_2024-09-20
0.0,2,Core CPI m/m|Core PPI m/m,Neutral|Neutral,6,2,4,33.3,66.7,0.5,2018-02-25_2018-03-26|2021-01-10_2021-02-08|2022-12-31_2023-01-29|2023-05-30_2023-06-28|2024-10-21_2024-11-19|2024-11-20_2024-12-19
0.0,2,Core CPI m/m|Core PPI m/m,Neutral|Bad,14,10,4,71.4,28.6,2.5,2018-03-27_2018-04-25|2018-06-25_2018-07-24|2018-10-23_2018-11-21|2018-11-22_2018-12-21|2019-01-21_2019-02-19|2019-10-18_2019-11-16|2020-10-12_2020-11-10|2021-12-06_2022-01-04|2023-01-30_2023-02-28|2023-07-29_2023-08-27|2023-09-27_2023-10-26|2024-04-24_2024-05-23|2025-07-18_2025-08-16|2026-02-13_2026-03-14
0.0,2,Core CPI m/m|Core PPI m/m,Good|Neutral,4,3,1,75.0,25.0,3.0,2018-04-26_2018-05-25|2018-09-23_2018-10-22|2019-05-21_2019-06-19|2020-05-15_2020-06-13
0.0,2,Core CPI m/m|Core PPI m/m,Neutral|Good,11,6,5,54.5,45.5,1.2,2018-07-25_2018-08-23|2018-12-22_2019-01-20|2019-11-17_2019-12-16|2020-02-15_2020-03-15|2021-10-07_2021-11-05|2022-03-06_2022-04-04|2023-03-31_2023-04-29|2023-11-26_2023-12-25|2023-12-26_2024-01-24|2024-07-23_2024-08-21|2025-08-17_2025-09-15
0.0,2,Core CPI m/m|Core PPI m/m,Good|Good,18,12,6,66.7,33.3,2.0,2018-08-24_2018-09-22|2019-02-20_2019-03-21|2019-04-21_2019-05-20|2019-09-18_2019-10-17|2019-12-17_2020-01-15|2020-04-15_2020-05-14|2020-11-11_2020-12-10|2022-08-03_2022-09-01|2022-11-01_2022-11-30|2023-06-29_2023-07-28|2023-10-27_2023-11-25|2024-05-24_2024-06-22|2024-12-20_2025-01-18|2025-02-18_2025-03-19|2025-03-20_2025-04-18|2025-04-19_2025-05-18|2025-05-19_2025-06-17|2025-06-18_2025-07-17
0.0,2,Core CPI m/m|Core PPI m/m,Good|Bad,8,4,4,50.0,50.0,1.0,2019-03-22_2019-04-20|2020-03-16_2020-04-14|2021-02-09_2021-03-10|2021-08-08_2021-09-06|2021-09-07_2021-10-06|2022-04-05_2022-05-04|2022-12-01_2022-12-30|2024-06-23_2024-07-22
0.0,2,Core CPI m/m|Core PPI m/m,Bad|Neutral,7,3,4,42.9,57.1,0.75,2022-01-05_2022-02-03|2022-10-02_2022-10-31|2023-04-30_2023-05-29|2023-08-28_2023-09-26|2024-03-25_2024-04-23|2024-09-21_2024-10-20|2025-01-19_2025-02-17
0.1,2,Core CPI m/m|Core PPI m/m,Neutral|Good,20,12,8,60.0,40.0,1.5,2017-12-27_2018-01-25|2018-08-24_2018-09-22|2018-12-22_2019-01-20|2019-07-20_2019-08-18|2019-09-18_2019-10-17|2019-11-17_2019-12-16|2021-10-07_2021-11-05|2022-03-06_2022-04-04|2023-03-01_2023-03-30|2023-03-31_2023-04-29|2023-10-27_2023-11-25|2023-11-26_2023-12-25|2023-12-26_2024-01-24|2024-05-24_2024-06-22|2024-07-23_2024-08-21|2024-12-20_2025-01-18|2025-02-18_2025-03-19|2025-04-19_2025-05-18|2025-06-18_2025-07-17|2025-08-17_2025-09-15
0.1,2,Core CPI m/m|Core PPI m/m,Neutral|Bad,12,9,3,75.0,25.0,3.0,2018-01-26_2018-02-24|2018-10-23_2018-11-21|2018-11-22_2018-12-21|2020-10-12_2020-11-10|2021-12-06_2022-01-04|2022-02-04_2022-03-05|2022-12-01_2022-12-30|2023-01-30_2023-02-28|2024-04-24_2024-05-23|2024-06-23_2024-07-22|2025-07-18_2025-08-16|2026-02-13_2026-03-14
0.1,2,Core CPI m/m|Core PPI m/m,Neutral|Neutral,32,20,12,62.5,37.5,1.67,2018-02-25_2018-03-26|2018-03-27_2018-04-25|2018-04-26_2018-05-25|2018-05-26_2018-06-24|2018-06-25_2018-07-24|2018-07-25_2018-08-23|2018-09-23_2018-10-22|2019-01-21_2019-02-19|2019-02-20_2019-03-21|2019-03-22_2019-04-20|2019-04-21_2019-05-20|2019-05-21_2019-06-19|2019-06-20_2019-07-19|2019-08-19_2019-09-17|2019-10-18_2019-11-16|2019-12-17_2020-01-15|2020-02-15_2020-03-15|2020-05-15_2020-06-13|2020-11-11_2020-12-10|2021-01-10_2021-02-08|2022-01-05_2022-02-03|2022-06-04_2022-07-03|2022-12-31_2023-01-29|2023-05-30_2023-06-28|2023-06-29_2023-07-28|2023-07-29_2023-08-27|2023-08-28_2023-09-26|2023-09-27_2023-10-26|2024-08-22_2024-09-20|2024-09-21_2024-10-20|2024-10-21_2024-11-19|2024-11-20_2024-12-19
0.1,2,Core CPI m/m|Core PPI m/m,Good|Bad,4,2,2,50.0,50.0,1.0,2020-03-16_2020-04-14|2021-02-09_2021-03-10|2021-08-08_2021-09-06|2022-04-05_2022-05-04
0.1,2,Core CPI m/m|Core PPI m/m,Good|Good,5,3,2,60.0,40.0,1.5,2020-04-15_2020-05-14|2022-08-03_2022-09-01|2022-11-01_2022-11-30|2025-03-20_2025-04-18|2025-05-19_2025-06-17
0.1,2,Core CPI m/m|Core PPI m/m,Bad|Bad,7,4,3,57.1,42.9,1.33,2020-07-14_2020-08-12|2020-08-13_2020-09-11|2021-05-10_2021-06-08|2021-06-09_2021-07-08|2021-07-09_2021-08-07|2022-09-02_2022-10-01|2024-01-25_2024-02-23
0.1,2,Core CPI m/m|Core PPI m/m,Good|Neutral,1,0,1,0.0,100.0,0.0,2021-09-07_2021-10-06
0.1,2,Core CPI m/m|Core PPI m/m,Bad|Neutral,7,2,5,28.6,71.4,0.4,2021-11-06_2021-12-05|2022-07-04_2022-08-02|2022-10-02_2022-10-31|2023-04-30_2023-05-29|2024-02-24_2024-03-24|2024-03-25_2024-04-23|2025-01-19_2025-02-17
0.1,2,Core CPI m/m|Core PPI m/m,Bad|Good,1,0,1,0.0,100.0,0.0,2022-05-05_2022-06-03
0.2,2,Core CPI m/m|Core PPI m/m,Neutral|Good,17,9,8,52.9,47.1,1.13,2017-12-27_2018-01-25|2018-08-24_2018-09-22|2018-12-22_2019-01-20|2019-07-20_2019-08-18|2019-09-18_2019-10-17|2019-11-17_2019-12-16|2021-10-07_2021-11-05|2022-03-06_2022-04-04|2022-11-01_2022-11-30|2023-03-01_2023-03-30|2023-03-31_2023-04-29|2023-10-27_2023-11-25|2024-05-24_2024-06-22|2025-02-18_2025-03-19|2025-03-20_2025-04-18|2025-04-19_2025-05-18|2025-08-17_2025-09-15
0.2,2,Core CPI m/m|Core PPI m/m,Neutral|Neutral,58,35,23,60.3,39.7,1.52,2018-01-26_2018-02-24|2018-02-25_2018-03-26|2018-03-27_2018-04-25|2018-04-26_2018-05-25|2018-05-26_2018-06-24|2018-06-25_2018-07-24|2018-07-25_2018-08-23|2018-09-23_2018-10-22|2018-11-22_2018-12-21|2019-01-21_2019-02-19|2019-02-20_2019-03-21|2019-03-22_2019-04-20|2019-04-21_2019-05-20|2019-05-21_2019-06-19|2019-06-20_2019-07-19|2019-08-19_2019-09-17|2019-10-18_2019-11-16|2019-12-17_2020-01-15|2020-02-15_2020-03-15|2020-03-16_2020-04-14|2020-04-15_2020-05-14|2020-05-15_2020-06-13|2020-08-13_2020-09-11|2020-10-12_2020-11-10|2020-11-11_2020-12-10|2021-01-10_2021-02-08|2021-06-09_2021-07-08|2021-09-07_2021-10-06|2021-11-06_2021-12-05|2022-01-05_2022-02-03|2022-05-05_2022-06-03|2022-06-04_2022-07-03|2022-07-04_2022-08-02|2022-08-03_2022-09-01|2022-10-02_2022-10-31|2022-12-01_2022-12-30|2022-12-31_2023-01-29|2023-01-30_2023-02-28|2023-04-30_2023-05-29|2023-05-30_2023-06-28|2023-06-29_2023-07-28|2023-07-29_2023-08-27|2023-08-28_2023-09-26|2023-09-27_2023-10-26|2023-11-26_2023-12-25|2023-12-26_2024-01-24|2024-02-24_2024-03-24|2024-03-25_2024-04-23|2024-06-23_2024-07-22|2024-07-23_2024-08-21|2024-08-22_2024-09-20|2024-09-21_2024-10-20|2024-10-21_2024-11-19|2024-11-20_2024-12-19|2024-12-20_2025-01-18|2025-01-19_2025-02-17|2025-05-19_2025-06-17|2025-06-18_2025-07-17
0.2,2,Core CPI m/m|Core PPI m/m,Neutral|Bad,10,6,4,60.0,40.0,1.5,2018-10-23_2018-11-21|2021-02-09_2021-03-10|2021-08-08_2021-09-06|2021-12-06_2022-01-04|2022-02-04_2022-03-05|2022-04-05_2022-05-04|2024-01-25_2024-02-23|2024-04-24_2024-05-23|2025-07-18_2025-08-16|2026-02-13_2026-03-14
0.2,2,Core CPI m/m|Core PPI m/m,Bad|Bad,3,2,1,66.7,33.3,2.0,2020-07-14_2020-08-12|2021-05-10_2021-06-08|2021-07-09_2021-08-07
0.2,2,Core CPI m/m|Core PPI m/m,Bad|Neutral,1,0,1,0.0,100.0,0.0,2022-09-02_2022-10-01
0.3,2,Core CPI m/m|Core PPI m/m,Neutral|Good,13,6,7,46.2,53.8,0.86,2017-12-27_2018-01-25|2018-08-24_2018-09-22|2018-12-22_2019-01-20|2019-07-20_2019-08-18|2019-09-18_2019-10-17|2019-11-17_2019-12-16|2022-03-06_2022-04-04|2023-03-01_2023-03-30|2023-03-31_2023-04-29|2025-02-18_2025-03-19|2025-03-20_2025-04-18|2025-04-19_2025-05-18|2025-08-17_2025-09-15
0.3,2,Core CPI m/m|Core PPI m/m,Neutral|Neutral,66,41,25,62.1,37.9,1.64,2018-01-26_2018-02-24|2018-02-25_2018-03-26|2018-03-27_2018-04-25|2018-04-26_2018-05-25|2018-05-26_2018-06-24|2018-06-25_2018-07-24|2018-07-25_2018-08-23|2018-09-23_2018-10-22|2018-10-23_2018-11-21|2018-11-22_2018-12-21|2019-01-21_2019-02-19|2019-02-20_2019-03-21|2019-03-22_2019-04-20|2019-04-21_2019-05-20|2019-05-21_2019-06-19|2019-06-20_2019-07-19|2019-08-19_2019-09-17|2019-10-18_2019-11-16|2019-12-17_2020-01-15|2020-02-15_2020-03-15|2020-03-16_2020-04-14|2020-04-15_2020-05-14|2020-05-15_2020-06-13|2020-08-13_2020-09-11|2020-10-12_2020-11-10|2020-11-11_2020-12-10|2021-01-10_2021-02-08|2021-06-09_2021-07-08|2021-09-07_2021-10-06|2021-10-07_2021-11-05|2021-11-06_2021-12-05|2021-12-06_2022-01-04|2022-01-05_2022-02-03|2022-05-05_2022-06-03|2022-06-04_2022-07-03|2022-07-04_2022-08-02|2022-08-03_2022-09-01|2022-09-02_2022-10-01|2022-10-02_2022-10-31|2022-11-01_2022-11-30|2022-12-01_2022-12-30|2022-12-31_2023-01-29|2023-01-30_2023-02-28|2023-04-30_2023-05-29|2023-05-30_2023-06-28|2023-06-29_2023-07-28|2023-07-29_2023-08-27|2023-08-28_2023-09-26|2023-09-27_2023-10-26|2023-10-27_2023-11-25|2023-11-26_2023-12-25|2023-12-26_2024-01-24|2024-02-24_2024-03-24|2024-03-25_2024-04-23|2024-04-24_2024-05-23|2024-05-24_2024-06-22|2024-06-23_2024-07-22|2024-07-23_2024-08-21|2024-08-22_2024-09-20|2024-09-21_2024-10-20|2024-10-21_2024-11-19|2024-11-20_2024-12-19|2024-12-20_2025-01-18|2025-01-19_2025-02-17|2025-05-19_2025-06-17|2025-06-18_2025-07-17
0.3,2,Core CPI m/m|Core PPI m/m,Neutral|Bad,8,4,4,50.0,50.0,1.0,2020-07-14_2020-08-12|2021-02-09_2021-03-10|2021-08-08_2021-09-06|2022-02-04_2022-03-05|2022-04-05_2022-05-04|2024-01-25_2024-02-23|2025-07-18_2025-08-16|2026-02-13_2026-03-14
0.3,2,Core CPI m/m|Core PPI m/m,Bad|Neutral,1,1,0,100.0,0.0,inf,2021-05-10_2021-06-08
0.3,2,Core CPI m/m|Core PPI m/m,Bad|Bad,1,0,1,0.0,100.0,0.0,2021-07-09_2021-08-07
0.0,2,Core CPI m/m|FOMC,Bad|Neutral,18,10,8,55.6,44.4,1.25,2018-01-26_2018-02-24|2018-05-26_2018-06-24|2019-07-20_2019-08-18|2020-07-14_2020-08-12|2021-04-10_2021-05-09|2021-06-09_2021-07-08|2021-07-09_2021-08-07|2022-01-05_2022-02-03|2022-06-04_2022-07-03|2022-07-04_2022-08-02|2022-09-02_2022-10-01|2023-03-01_2023-03-30|2023-04-30_2023-05-29|2023-08-28_2023-09-26|2024-01-25_2024-02-23|2024-02-24_2024-03-24|2024-08-22_2024-09-20|2025-01-19_2025-02-17
0.0,2,Core CPI m/m|FOMC,Neutral|Neutral,21,13,8,61.9,38.1,1.62,2018-02-25_2018-03-26|2018-07-25_2018-08-23|2018-10-23_2018-11-21|2018-11-22_2018-12-21|2019-01-21_2019-02-19|2019-10-18_2019-11-16|2019-11-17_2019-12-16|2020-01-16_2020-02-14|2020-10-12_2020-11-10|2021-01-10_2021-02-08|2021-10-07_2021-11-05|2021-12-06_2022-01-04|2022-03-06_2022-04-04|2023-01-30_2023-02-28|2023-05-30_2023-06-28|2023-11-26_2023-12-25|2024-04-24_2024-05-23|2024-07-23_2024-08-21|2024-10-21_2024-11-19|2024-11-20_2024-12-19|2025-07-18_2025-08-16
0.0,2,Core CPI m/m|FOMC,Good|Neutral,19,13,6,68.4,31.6,2.17,2018-04-26_2018-05-25|2018-09-23_2018-10-22|2019-02-20_2019-03-21|2019-04-21_2019-05-20|2019-05-21_2019-06-19|2019-09-18_2019-10-17|2020-04-15_2020-05-14|2020-05-15_2020-06-13|2021-09-07_2021-10-06|2022-04-05_2022-05-04|2022-11-01_2022-11-30|2022-12-01_2022-12-30|2023-06-29_2023-07-28|2023-10-27_2023-11-25|2024-05-24_2024-06-22|2025-02-18_2025-03-19|2025-04-19_2025-05-18|2025-06-18_2025-07-17|2025-10-16_2025-11-14
0.0,2,Core CPI m/m|FOMC,Neutral|Good,1,0,1,0.0,100.0,0.0,2020-02-15_2020-03-15
0.1,2,Core CPI m/m|FOMC,Neutral|Neutral,45,31,14,68.9,31.1,2.21,2018-01-26_2018-02-24|2018-02-25_2018-03-26|2018-04-26_2018-05-25|2018-05-26_2018-06-24|2018-07-25_2018-08-23|2018-09-23_2018-10-22|2018-10-23_2018-11-21|2018-11-22_2018-12-21|2019-01-21_2019-02-19|2019-02-20_2019-03-21|2019-04-21_2019-05-20|2019-05-21_2019-06-19|2019-07-20_2019-08-18|2019-09-18_2019-10-17|2019-10-18_2019-11-16|2019-11-17_2019-12-16|2020-01-16_2020-02-14|2020-05-15_2020-06-13|2020-10-12_2020-11-10|2021-01-10_2021-02-08|2021-04-10_2021-05-09|2021-10-07_2021-11-05|2021-12-06_2022-01-04|2022-01-05_2022-02-03|2022-03-06_2022-04-04|2022-06-04_2022-07-03|2022-12-01_2022-12-30|2023-01-30_2023-02-28|2023-03-01_2023-03-30|2023-05-30_2023-06-28|2023-06-29_2023-07-28|2023-08-28_2023-09-26|2023-10-27_2023-11-25|2023-11-26_2023-12-25|2024-04-24_2024-05-23|2024-05-24_2024-06-22|2024-07-23_2024-08-21|2024-08-22_2024-09-20|2024-10-21_2024-11-19|2024-11-20_2024-12-19|2025-02-18_2025-03-19|2025-04-19_2025-05-18|2025-06-18_2025-07-17|2025-07-18_2025-08-16|2025-10-16_2025-11-14
0.1,2,Core CPI m/m|FOMC,Neutral|Good,1,0,1,0.0,100.0,0.0,2020-02-15_2020-03-15
0.1,2,Core CPI m/m|FOMC,Good|Neutral,4,2,2,50.0,50.0,1.0,2020-04-15_2020-05-14|2021-09-07_2021-10-06|2022-04-05_2022-05-04|2022-11-01_2022-11-30
0.1,2,Core CPI m/m|FOMC,Bad|Neutral,9,3,6,33.3,66.7,0.5,2020-07-14_2020-08-12|2021-06-09_2021-07-08|2021-07-09_2021-08-07|2022-07-04_2022-08-02|2022-09-02_2022-10-01|2023-04-30_2023-05-29|2024-01-25_2024-02-23|2024-02-24_2024-03-24|2025-01-19_2025-02-17
0.2,2,Core CPI m/m|FOMC,Neutral|Neutral,55,35,20,63.6,36.4,1.75,2018-01-26_2018-02-24|2018-02-25_2018-03-26|2018-04-26_2018-05-25|2018-05-26_2018-06-24|2018-07-25_2018-08-23|2018-09-23_2018-10-22|2018-10-23_2018-11-21|2018-11-22_2018-12-21|2019-01-21_2019-02-19|2019-02-20_2019-03-21|2019-04-21_2019-05-20|2019-05-21_2019-06-19|2019-07-20_2019-08-18|2019-09-18_2019-10-17|2019-10-18_2019-11-16|2019-11-17_2019-12-16|2020-01-16_2020-02-14|2020-04-15_2020-05-14|2020-05-15_2020-06-13|2020-10-12_2020-11-10|2021-01-10_2021-02-08|2021-04-10_2021-05-09|2021-06-09_2021-07-08|2021-09-07_2021-10-06|2021-10-07_2021-11-05|2021-12-06_2022-01-04|2022-01-05_2022-02-03|2022-03-06_2022-04-04|2022-04-05_2022-05-04|2022-06-04_2022-07-03|2022-07-04_2022-08-02|2022-11-01_2022-11-30|2022-12-01_2022-12-30|2023-01-30_2023-02-28|2023-03-01_2023-03-30|2023-04-30_2023-05-29|2023-05-30_2023-06-28|2023-06-29_2023-07-28|2023-08-28_2023-09-26|2023-10-27_2023-11-25|2023-11-26_2023-12-25|2024-01-25_2024-02-23|2024-02-24_2024-03-24|2024-04-24_2024-05-23|2024-05-24_2024-06-22|2024-07-23_2024-08-21|2024-08-22_2024-09-20|2024-10-21_2024-11-19|2024-11-20_2024-12-19|2025-01-19_2025-02-17|2025-02-18_2025-03-19|2025-04-19_2025-05-18|2025-06-18_2025-07-17|2025-07-18_2025-08-16|2025-10-16_2025-11-14
0.2,2,Core CPI m/m|FOMC,Neutral|Good,1,0,1,0.0,100.0,0.0,2020-02-15_2020-03-15
0.2,2,Core CPI m/m|FOMC,Bad|Neutral,3,1,2,33.3,66.7,0.5,2020-07-14_2020-08-12|2021-07-09_2021-08-07|2022-09-02_2022-10-01
0.3,2,Core CPI m/m|FOMC,Neutral|Neutral,57,36,21,63.2,36.8,1.71,2018-01-26_2018-02-24|2018-02-25_2018-03-26|2018-04-26_2018-05-25|2018-05-26_2018-06-24|2018-07-25_2018-08-23|2018-09-23_2018-10-22|2018-10-23_2018-11-21|2018-11-22_2018-12-21|2019-01-21_2019-02-19|2019-02-20_2019-03-21|2019-04-21_2019-05-20|2019-05-21_2019-06-19|2019-07-20_2019-08-18|2019-09-18_2019-10-17|2019-10-18_2019-11-16|2019-11-17_2019-12-16|2020-01-16_2020-02-14|2020-04-15_2020-05-14|2020-05-15_2020-06-13|2020-07-14_2020-08-12|2020-10-12_2020-11-10|2021-01-10_2021-02-08|2021-04-10_2021-05-09|2021-06-09_2021-07-08|2021-09-07_2021-10-06|2021-10-07_2021-11-05|2021-12-06_2022-01-04|2022-01-05_2022-02-03|2022-03-06_2022-04-04|2022-04-05_2022-05-04|2022-06-04_2022-07-03|2022-07-04_2022-08-02|2022-09-02_2022-10-01|2022-11-01_2022-11-30|2022-12-01_2022-12-30|2023-01-30_2023-02-28|2023-03-01_2023-03-30|2023-04-30_2023-05-29|2023-05-30_2023-06-28|2023-06-29_2023-07-28|2023-08-28_2023-09-26|2023-10-27_2023-11-25|2023-11-26_2023-12-25|2024-01-25_2024-02-23|2024-02-24_2024-03-24|2024-04-24_2024-05-23|2024-05-24_2024-06-22|2024-07-23_2024-08-21|2024-08-22_2024-09-20|2024-10-21_2024-11-19|2024-11-20_2024-12-19|2025-01-19_2025-02-17|2025-02-18_2025-03-19|2025-04-19_2025-05-18|2025-06-18_2025-07-17|2025-07-18_2025-08-16|2025-10-16_2025-11-14
0.3,2,Core CPI m/m|FOMC,Neutral|Good,1,0,1,0.0,100.0,0.0,2020-02-15_2020-03-15
0.3,2,Core CPI m/m|FOMC,Bad|Neutral,1,0,1,0.0,100.0,0.0,2021-07-09_2021-08-07
0.0,2,Core CPI m/m|CPI y/y,Bad|Neutral,6,5,1,83.3,16.7,5.0,2017-12-27_2018-01-25|2018-05-26_2018-06-24|2019-06-20_2019-07-19|2022-01-05_2022-02-03|2023-03-01_2023-03-30|2024-08-22_2024-09-20
0.0,2,Core CPI m/m|CPI y/y,Bad|Bad,21,10,11,47.6,52.4,0.91,2018-01-26_2018-02-24|2019-07-20_2019-08-18|2020-07-14_2020-08-12|2020-08-13_2020-09-11|2021-04-10_2021-05-09|2021-05-10_2021-06-08|2021-06-09_2021-07-08|2021-07-09_2021-08-07|2021-11-06_2021-12-05|2022-02-04_2022-03-05|2022-05-05_2022-06-03|2022-06-04_2022-07-03|2022-07-04_2022-08-02|2022-09-02_2022-10-01|2022-10-02_2022-10-31|2023-08-28_2023-09-26|2024-01-25_2024-02-23|2024-02-24_2024-03-24|2024-03-25_2024-04-23|2024-09-21_2024-10-20|2025-01-19_2025-02-17
0.0,2,Core CPI m/m|CPI y/y,Neutral|Neutral,17,9,8,52.9,47.1,1.13,2018-02-25_2018-03-26|2018-03-27_2018-04-25|2018-06-25_2018-07-24|2018-07-25_2018-08-23|2018-10-23_2018-11-21|2018-11-22_2018-12-21|2018-12-22_2019-01-20|2020-10-12_2020-11-10|2021-01-10_2021-02-08|2021-12-06_2022-01-04|2022-03-06_2022-04-04|2022-12-31_2023-01-29|2023-11-26_2023-12-25|2024-04-24_2024-05-23|2024-10-21_2024-11-19|2024-11-20_2024-12-19|2025-08-17_2025-09-15
0.0,2,Core CPI m/m|CPI y/y,Good|Neutral,5,2,3,40.0,60.0,0.67,2018-04-26_2018-05-25|2019-12-17_2020-01-15|2021-02-09_2021-03-10|2021-09-07_2021-10-06|2024-12-20_2025-01-18
0.0,2,Core CPI m/m|CPI y/y,Good|Good,23,15,8,65.2,34.8,1.88,2018-08-24_2018-09-22|2018-09-23_2018-10-22|2019-02-20_2019-03-21|2019-04-21_2019-05-20|2019-05-21_2019-06-19|2019-09-18_2019-10-17|2020-03-16_2020-04-14|2020-04-15_2020-05-14|2020-05-15_2020-06-13|2020-11-11_2020-12-10|2022-08-03_2022-09-01|2022-11-01_2022-11-30|2022-12-01_2022-12-30|2023-06-29_2023-07-28|2023-10-27_2023-11-25|2024-05-24_2024-06-22|2024-06-23_2024-07-22|2025-02-18_2025-03-19|2025-03-20_2025-04-18|2025-04-19_2025-05-18|2025-05-19_2025-06-17|2025-10-16_2025-11-14|2025-12-15_2026-01-13
0.0,2,Core CPI m/m|CPI y/y,Neutral|Bad,9,7,2,77.8,22.2,3.5,2019-01-21_2019-02-19|2019-10-18_2019-11-16|2019-11-17_2019-12-16|2020-01-16_2020-02-14|2020-02-15_2020-03-15|2021-10-07_2021-11-05|2023-01-30_2023-02-28|2023-09-27_2023-10-26|2023-12-26_2024-01-24
0.0,2,Core CPI m/m|CPI y/y,Good|Bad,4,3,1,75.0,25.0,3.0,2019-03-22_2019-04-20|2021-08-08_2021-09-06|2022-04-05_2022-05-04|2025-06-18_2025-07-17
0.0,2,Core CPI m/m|CPI y/y,Bad|Good,2,1,1,50.0,50.0,1.0,2019-08-19_2019-09-17|2023-04-30_2023-05-29
0.0,2,Core CPI m/m|CPI y/y,Neutral|Good,6,3,3,50.0,50.0,1.0,2023-03-31_2023-04-29|2023-05-30_2023-06-28|2023-07-29_2023-08-27|2024-07-23_2024-08-21|2025-07-18_2025-08-16|2026-02-13_2026-03-14
0.1,2,Core CPI m/m|CPI y/y,Neutral|Neutral,36,22,14,61.1,38.9,1.57,2017-12-27_2018-01-25|2018-02-25_2018-03-26|2018-03-27_2018-04-25|2018-04-26_2018-05-25|2018-05-26_2018-06-24|2018-06-25_2018-07-24|2018-07-25_2018-08-23|2018-08-24_2018-09-22|2018-10-23_2018-11-21|2018-11-22_2018-12-21|2018-12-22_2019-01-20|2019-03-22_2019-04-20|2019-05-21_2019-06-19|2019-06-20_2019-07-19|2019-12-17_2020-01-15|2020-02-15_2020-03-15|2020-10-12_2020-11-10|2020-11-11_2020-12-10|2021-01-10_2021-02-08|2021-12-06_2022-01-04|2022-01-05_2022-02-03|2022-03-06_2022-04-04|2022-12-31_2023-01-29|2023-03-01_2023-03-30|2023-03-31_2023-04-29|2023-05-30_2023-06-28|2023-07-29_2023-08-27|2023-10-27_2023-11-25|2023-11-26_2023-12-25|2024-04-24_2024-05-23|2024-08-22_2024-09-20|2024-10-21_2024-11-19|2024-11-20_2024-12-19|2024-12-20_2025-01-18|2025-07-18_2025-08-16|2025-08-17_2025-09-15
0.1,2,Core CPI m/m|CPI y/y,Neutral|Bad,16,12,4,75.0,25.0,3.0,2018-01-26_2018-02-24|2019-01-21_2019-02-19|2019-07-20_2019-08-18|2019-10-18_2019-11-16|2019-11-17_2019-12-16|2020-01-16_2020-02-14|2021-04-10_2021-05-09|2021-10-07_2021-11-05|2022-02-04_2022-03-05|2022-06-04_2022-07-03|2023-01-30_2023-02-28|2023-08-28_2023-09-26|2023-09-27_2023-10-26|2023-12-26_2024-01-24|2024-09-21_2024-10-20|2025-06-18_2025-07-17
0.1,2,Core CPI m/m|CPI y/y,Neutral|Good,16,10,6,62.5,37.5,1.67,2018-09-23_2018-10-22|2019-02-20_2019-03-21|2019-04-21_2019-05-20|2019-08-19_2019-09-17|2019-09-18_2019-10-17|2020-05-15_2020-06-13|2022-12-01_2022-12-30|2023-06-29_2023-07-28|2024-05-24_2024-06-22|2024-06-23_2024-07-22|2024-07-23_2024-08-21|2025-02-18_2025-03-19|2025-04-19_2025-05-18|2025-10-16_2025-11-14|2025-12-15_2026-01-13|2026-02-13_2026-03-14
0.1,2,Core CPI m/m|CPI y/y,Good|Good,6,4,2,66.7,33.3,2.0,2020-03-16_2020-04-14|2020-04-15_2020-05-14|2022-08-03_2022-09-01|2022-11-01_2022-11-30|2025-03-20_2025-04-18|2025-05-19_2025-06-17
0.1,2,Core CPI m/m|CPI y/y,Bad|Bad,13,5,8,38.5,61.5,0.63,2020-07-14_2020-08-12|2020-08-13_2020-09-11|2021-05-10_2021-06-08|2021-06-09_2021-07-08|2021-07-09_2021-08-07|2021-11-06_2021-12-05|2022-05-05_2022-06-03|2022-07-04_2022-08-02|2022-09-02_2022-10-01|2024-01-25_2024-02-23|2024-02-24_2024-03-24|2024-03-25_2024-04-23|2025-01-19_2025-02-17
0.1,2,Core CPI m/m|CPI y/y,Good|Neutral,3,1,2,33.3,66.7,0.5,2021-02-09_2021-03-10|2021-09-07_2021-10-06|2022-04-05_2022-05-04
0.1,2,Core CPI m/m|CPI y/y,Good|Bad,1,0,1,0.0,100.0,0.0,2021-08-08_2021-09-06
0.1,2,Core CPI m/m|CPI y/y,Bad|Neutral,2,1,1,50.0,50.0,1.0,2022-10-02_2022-10-31|2023-04-30_2023-05-29
0.2,2,Core CPI m/m|CPI y/y,Neutral|Neutral,78,47,31,60.3,39.7,1.52,2017-12-27_2018-01-25|2018-02-25_2018-03-26|2018-03-27_2018-04-25|2018-04-26_2018-05-25|2018-05-26_2018-06-24|2018-06-25_2018-07-24|2018-07-25_2018-08-23|2018-08-24_2018-09-22|2018-09-23_2018-10-22|2018-10-23_2018-11-21|2018-11-22_2018-12-21|2018-12-22_2019-01-20|2019-01-21_2019-02-19|2019-02-20_2019-03-21|2019-03-22_2019-04-20|2019-04-21_2019-05-20|2019-05-21_2019-06-19|2019-06-20_2019-07-19|2019-07-20_2019-08-18|2019-08-19_2019-09-17|2019-09-18_2019-10-17|2019-10-18_2019-11-16|2019-11-17_2019-12-16|2019-12-17_2020-01-15|2020-01-16_2020-02-14|2020-02-15_2020-03-15|2020-03-16_2020-04-14|2020-04-15_2020-05-14|2020-05-15_2020-06-13|2020-08-13_2020-09-11|2020-10-12_2020-11-10|2020-11-11_2020-12-10|2021-01-10_2021-02-08|2021-02-09_2021-03-10|2021-04-10_2021-05-09|2021-08-08_2021-09-06|2021-09-07_2021-10-06|2021-10-07_2021-11-05|2021-12-06_2022-01-04|2022-01-05_2022-02-03|2022-03-06_2022-04-04|2022-04-05_2022-05-04|2022-08-03_2022-09-01|2022-10-02_2022-10-31|2022-12-31_2023-01-29|2023-03-01_2023-03-30|2023-03-31_2023-04-29|2023-04-30_2023-05-29|2023-05-30_2023-06-28|2023-06-29_2023-07-28|2023-07-29_2023-08-27|2023-08-28_2023-09-26|2023-09-27_2023-10-26|2023-10-27_2023-11-25|2023-11-26_2023-12-25|2023-12-26_2024-01-24|2024-02-24_2024-03-24|2024-03-25_2024-04-23|2024-04-24_2024-05-23|2024-05-24_2024-06-22|2024-06-23_2024-07-22|2024-07-23_2024-08-21|2024-08-22_2024-09-20|2024-09-21_2024-10-20|2024-10-21_2024-11-19|2024-11-20_2024-12-19|2024-12-20_2025-01-18|2025-01-19_2025-02-17|2025-02-18_2025-03-19|2025-03-20_2025-04-18|2025-04-19_2025-05-18|2025-05-19_2025-06-17|2025-06-18_2025-07-17|2025-07-18_2025-08-16|2025-08-17_2025-09-15|2025-10-16_2025-11-14|2025-12-15_2026-01-13|2026-02-13_2026-03-14
0.2,2,Core CPI m/m|CPI y/y,Neutral|Bad,9,5,4,55.6,44.4,1.25,2018-01-26_2018-02-24|2021-06-09_2021-07-08|2021-11-06_2021-12-05|2022-02-04_2022-03-05|2022-05-05_2022-06-03|2022-06-04_2022-07-03|2022-07-04_2022-08-02|2023-01-30_2023-02-28|2024-01-25_2024-02-23
0.2,2,Core CPI m/m|CPI y/y,Bad|Neutral,1,1,0,100.0,0.0,inf,2020-07-14_2020-08-12
0.2,2,Core CPI m/m|CPI y/y,Bad|Bad,3,1,2,33.3,66.7,0.5,2021-05-10_2021-06-08|2021-07-09_2021-08-07|2022-09-02_2022-10-01
0.2,2,Core CPI m/m|CPI y/y,Neutral|Good,2,1,1,50.0,50.0,1.0,2022-11-01_2022-11-30|2022-12-01_2022-12-30
0.3,2,Core CPI m/m|CPI y/y,Neutral|Neutral,90,53,37,58.9,41.1,1.43,2017-12-27_2018-01-25|2018-01-26_2018-02-24|2018-02-25_2018-03-26|2018-03-27_2018-04-25|2018-04-26_2018-05-25|2018-05-26_2018-06-24|2018-06-25_2018-07-24|2018-07-25_2018-08-23|2018-08-24_2018-09-22|2018-09-23_2018-10-22|2018-10-23_2018-11-21|2018-11-22_2018-12-21|2018-12-22_2019-01-20|2019-01-21_2019-02-19|2019-02-20_2019-03-21|2019-03-22_2019-04-20|2019-04-21_2019-05-20|2019-05-21_2019-06-19|2019-06-20_2019-07-19|2019-07-20_2019-08-18|2019-08-19_2019-09-17|2019-09-18_2019-10-17|2019-10-18_2019-11-16|2019-11-17_2019-12-16|2019-12-17_2020-01-15|2020-01-16_2020-02-14|2020-02-15_2020-03-15|2020-03-16_2020-04-14|2020-04-15_2020-05-14|2020-05-15_2020-06-13|2020-07-14_2020-08-12|2020-08-13_2020-09-11|2020-10-12_2020-11-10|2020-11-11_2020-12-10|2021-01-10_2021-02-08|2021-02-09_2021-03-10|2021-04-10_2021-05-09|2021-06-09_2021-07-08|2021-08-08_2021-09-06|2021-09-07_2021-10-06|2021-10-07_2021-11-05|2021-11-06_2021-12-05|2021-12-06_2022-01-04|2022-01-05_2022-02-03|2022-02-04_2022-03-05|2022-03-06_2022-04-04|2022-04-05_2022-05-04|2022-05-05_2022-06-03|2022-06-04_2022-07-03|2022-08-03_2022-09-01|2022-09-02_2022-10-01|2022-10-02_2022-10-31|2022-11-01_2022-11-30|2022-12-01_2022-12-30|2022-12-31_2023-01-29|2023-01-30_2023-02-28|2023-03-01_2023-03-30|2023-03-31_2023-04-29|2023-04-30_2023-05-29|2023-05-30_2023-06-28|2023-06-29_2023-07-28|2023-07-29_2023-08-27|2023-08-28_2023-09-26|2023-09-27_2023-10-26|2023-10-27_2023-11-25|2023-11-26_2023-12-25|2023-12-26_2024-01-24|2024-01-25_2024-02-23|2024-02-24_2024-03-24|2024-03-25_2024-04-23|2024-04-24_2024-05-23|2024-05-24_2024-06-22|2024-06-23_2024-07-22|2024-07-23_2024-08-21|2024-08-22_2024-09-20|2024-09-21_2024-10-20|2024-10-21_2024-11-19|2024-11-20_2024-12-19|2024-12-20_2025-01-18|2025-01-19_2025-02-17|2025-02-18_2025-03-19|2025-03-20_2025-04-18|2025-04-19_2025-05-18|2025-05-19_2025-06-17|2025-06-18_2025-07-17|2025-07-18_2025-08-16|2025-08-17_2025-09-15|2025-10-16_2025-11-14|2025-12-15_2026-01-13|2026-02-13_2026-03-14
0.3,2,Core CPI m/m|CPI y/y,Bad|Bad,2,1,1,50.0,50.0,1.0,2021-05-10_2021-06-08|2021-07-09_2021-08-07
0.3,2,Core CPI m/m|CPI y/y,Neutral|Bad,1,1,0,100.0,0.0,inf,2022-07-04_2022-08-02
0.0,2,PPI m/m|Core PPI m/m,Good|Good,29,18,11,62.1,37.9,1.64,2017-12-27_2018-01-25|2018-07-25_2018-08-23|2018-08-24_2018-09-22|2018-12-22_2019-01-20|2019-02-20_2019-03-21|2019-09-18_2019-10-17|2019-11-17_2019-12-16|2019-12-17_2020-01-15|2020-02-15_2020-03-15|2020-04-15_2020-05-14|2020-06-14_2020-07-13|2021-10-07_2021-11-05|2022-03-06_2022-04-04|2022-08-03_2022-09-01|2022-11-01_2022-11-30|2023-03-01_2023-03-30|2023-03-31_2023-04-29|2023-06-29_2023-07-28|2023-10-27_2023-11-25|2023-12-26_2024-01-24|2024-05-24_2024-06-22|2024-07-23_2024-08-21|2024-12-20_2025-01-18|2025-02-18_2025-03-19|2025-03-20_2025-04-18|2025-04-19_2025-05-18|2025-05-19_2025-06-17|2025-06-18_2025-07-17|2025-08-17_2025-09-15
0.0,2,PPI m/m|Core PPI m/m,Neutral|Bad,3,2,1,66.7,33.3,2.0,2018-01-26_2018-02-24|2019-06-20_2019-07-19|2022-09-02_2022-10-01
0.0,2,PPI m/m|Core PPI m/m,Bad|Neutral,6,3,3,50.0,50.0,1.0,2018-02-25_2018-03-26|2020-05-15_2020-06-13|2022-10-02_2022-10-31|2023-08-28_2023-09-26|2024-11-20_2024-12-19|2025-01-19_2025-02-17
0.0,2,PPI m/m|Core PPI m/m,Bad|Bad,34,23,11,67.6,32.4,2.09,2018-03-27_2018-04-25|2018-05-26_2018-06-24|2018-06-25_2018-07-24|2018-10-23_2018-11-21|2018-11-22_2018-12-21|2019-03-22_2019-04-20|2019-08-19_2019-09-17|2019-10-18_2019-11-16|2020-03-16_2020-04-14|2020-07-14_2020-08-12|2020-08-13_2020-09-11|2020-10-12_2020-11-10|2021-02-09_2021-03-10|2021-03-11_2021-04-09|2021-05-10_2021-06-08|2021-06-09_2021-07-08|2021-07-09_2021-08-07|2021-08-08_2021-09-06|2021-09-07_2021-10-06|2021-12-06_2022-01-04|2022-02-04_2022-03-05|2022-04-05_2022-05-04|2022-12-01_2022-12-30|2023-01-30_2023-02-28|2023-07-29_2023-08-27|2023-09-27_2023-10-26|2024-01-25_2024-02-23|2024-02-24_2024-03-24|2024-04-24_2024-05-23|2024-06-23_2024-07-22|2024-08-22_2024-09-20|2025-07-18_2025-08-16|2026-01-14_2026-02-12|2026-02-13_2026-03-14
0.0,2,PPI m/m|Core PPI m/m,Good|Neutral,8,4,4,50.0,50.0,1.0,2018-04-26_2018-05-25|2021-01-10_2021-02-08|2022-01-05_2022-02-03|2022-12-31_2023-01-29|2023-04-30_2023-05-29|2023-05-30_2023-06-28|2024-03-25_2024-04-23|2024-09-21_2024-10-20
0.0,2,PPI m/m|Core PPI m/m,Neutral|Neutral,3,1,2,33.3,66.7,0.5,2018-09-23_2018-10-22|2019-05-21_2019-06-19|2024-10-21_2024-11-19
0.0,2,PPI m/m|Core PPI m/m,Good|Bad,1,1,0,100.0,0.0,inf,2019-01-21_2019-02-19
0.0,2,PPI m/m|Core PPI m/m,Neutral|Good,8,2,6,25.0,75.0,0.33,2019-04-21_2019-05-20|2019-07-20_2019-08-18|2020-12-11_2021-01-09|2021-11-06_2021-12-05|2022-05-05_2022-06-03|2022-06-04_2022-07-03|2023-11-26_2023-12-25|2025-11-15_2025-12-14
0.0,2,PPI m/m|Core PPI m/m,Bad|Good,2,2,0,100.0,0.0,inf,2020-11-11_2020-12-10|2022-07-04_2022-08-02
0.1,2,PPI m/m|Core PPI m/m,Good|Good,20,12,8,60.0,40.0,1.5,2017-12-27_2018-01-25|2018-08-24_2018-09-22|2019-09-18_2019-10-17|2019-11-17_2019-12-16|2020-04-15_2020-05-14|2020-06-14_2020-07-13|2022-03-06_2022-04-04|2022-08-03_2022-09-01|2022-11-01_2022-11-30|2023-03-01_2023-03-30|2023-03-31_2023-04-29|2023-10-27_2023-11-25|2023-12-26_2024-01-24|2024-05-24_2024-06-22|2024-12-20_2025-01-18|2025-02-18_2025-03-19|2025-03-20_2025-04-18|2025-04-19_2025-05-18|2025-06-18_2025-07-17|2025-08-17_2025-09-15
0.1,2,PPI m/m|Core PPI m/m,Neutral|Bad,7,5,2,71.4,28.6,2.5,2018-01-26_2018-02-24|2018-11-22_2018-12-21|2020-03-16_2020-04-14|2020-08-13_2020-09-11|2022-09-02_2022-10-01|2022-12-01_2022-12-30|2024-06-23_2024-07-22
0.1,2,PPI m/m|Core PPI m/m,Neutral|Neutral,24,11,13,45.8,54.2,0.85,2018-02-25_2018-03-26|2018-04-26_2018-05-25|2018-06-25_2018-07-24|2018-09-23_2018-10-22|2019-02-20_2019-03-21|2019-04-21_2019-05-20|2019-05-21_2019-06-19|2019-06-20_2019-07-19|2019-08-19_2019-09-17|2019-12-17_2020-01-15|2020-02-15_2020-03-15|2020-11-11_2020-12-10|2020-12-11_2021-01-09|2021-09-07_2021-10-06|2021-11-06_2021-12-05|2022-06-04_2022-07-03|2023-04-30_2023-05-29|2023-06-29_2023-07-28|2023-07-29_2023-08-27|2024-03-25_2024-04-23|2024-08-22_2024-09-20|2024-09-21_2024-10-20|2024-10-21_2024-11-19|2025-11-15_2025-12-14
0.1,2,PPI m/m|Core PPI m/m,Bad|Neutral,12,8,4,66.7,33.3,2.0,2018-03-27_2018-04-25|2018-05-26_2018-06-24|2019-03-22_2019-04-20|2019-10-18_2019-11-16|2020-05-15_2020-06-13|2022-07-04_2022-08-02|2022-10-02_2022-10-31|2023-08-28_2023-09-26|2023-09-27_2023-10-26|2024-02-24_2024-03-24|2024-11-20_2024-12-19|2025-01-19_2025-02-17
0.1,2,PPI m/m|Core PPI m/m,Good|Neutral,6,4,2,66.7,33.3,2.0,2018-07-25_2018-08-23|2019-01-21_2019-02-19|2021-01-10_2021-02-08|2022-01-05_2022-02-03|2022-12-31_2023-01-29|2023-05-30_2023-06-28
0.1,2,PPI m/m|Core PPI m/m,Bad|Bad,18,12,6,66.7,33.3,2.0,2018-10-23_2018-11-21|2020-07-14_2020-08-12|2020-10-12_2020-11-10|2021-02-09_2021-03-10|2021-03-11_2021-04-09|2021-05-10_2021-06-08|2021-06-09_2021-07-08|2021-07-09_2021-08-07|2021-08-08_2021-09-06|2021-12-06_2022-01-04|2022-02-04_2022-03-05|2022-04-05_2022-05-04|2023-01-30_2023-02-28|2024-01-25_2024-02-23|2024-04-24_2024-05-23|2025-07-18_2025-08-16|2026-01-14_2026-02-12|2026-02-13_2026-03-14
0.1,2,PPI m/m|Core PPI m/m,Neutral|Good,7,4,3,57.1,42.9,1.33,2018-12-22_2019-01-20|2019-07-20_2019-08-18|2021-10-07_2021-11-05|2022-05-05_2022-06-03|2023-11-26_2023-12-25|2024-07-23_2024-08-21|2025-05-19_2025-06-17
0.2,2,PPI m/m|Core PPI m/m,Good|Good,12,7,5,58.3,41.7,1.4,2017-12-27_2018-01-25|2018-08-24_2018-09-22|2019-09-18_2019-10-17|2020-06-14_2020-07-13|2023-03-01_2023-03-30|2023-03-31_2023-04-29|2023-10-27_2023-11-25|2024-05-24_2024-06-22|2025-02-18_2025-03-19|2025-03-20_2025-04-18|2025-04-19_2025-05-18|2025-08-17_2025-09-15
0.2,2,PPI m/m|Core PPI m/m,Neutral|Neutral,52,29,23,55.8,44.2,1.26,2018-01-26_2018-02-24|2018-02-25_2018-03-26|2018-03-27_2018-04-25|2018-04-26_2018-05-25|2018-05-26_2018-06-24|2018-06-25_2018-07-24|2018-07-25_2018-08-23|2018-09-23_2018-10-22|2018-11-22_2018-12-21|2019-01-21_2019-02-19|2019-02-20_2019-03-21|2019-04-21_2019-05-20|2019-05-21_2019-06-19|2019-06-20_2019-07-19|2019-08-19_2019-09-17|2019-10-18_2019-11-16|2019-12-17_2020-01-15|2020-02-15_2020-03-15|2020-03-16_2020-04-14|2020-08-13_2020-09-11|2020-10-12_2020-11-10|2020-11-11_2020-12-10|2020-12-11_2021-01-09|2021-01-10_2021-02-08|2021-09-07_2021-10-06|2021-11-06_2021-12-05|2022-01-05_2022-02-03|2022-05-05_2022-06-03|2022-06-04_2022-07-03|2022-09-02_2022-10-01|2022-10-02_2022-10-31|2022-12-01_2022-12-30|2023-04-30_2023-05-29|2023-05-30_2023-06-28|2023-06-29_2023-07-28|2023-07-29_2023-08-27|2023-09-27_2023-10-26|2023-11-26_2023-12-25|2023-12-26_2024-01-24|2024-03-25_2024-04-23|2024-06-23_2024-07-22|2024-07-23_2024-08-21|2024-08-22_2024-09-20|2024-09-21_2024-10-20|2024-10-21_2024-11-19|2024-11-20_2024-12-19|2024-12-20_2025-01-18|2025-01-19_2025-02-17|2025-05-19_2025-06-17|2025-06-18_2025-07-17|2025-11-15_2025-12-14|2026-01-14_2026-02-12
0.2,2,PPI m/m|Core PPI m/m,Bad|Bad,11,8,3,72.7,27.3,2.67,2018-10-23_2018-11-21|2020-07-14_2020-08-12|2021-02-09_2021-03-10|2021-03-11_2021-04-09|2021-05-10_2021-06-08|2021-07-09_2021-08-07|2021-08-08_2021-09-06|2021-12-06_2022-01-04|2022-02-04_2022-03-05|2022-04-05_2022-05-04|2025-07-18_2025-08-16
0.2,2,PPI m/m|Core PPI m/m,Neutral|Good,6,3,3,50.0,50.0,1.0,2018-12-22_2019-01-20|2019-07-20_2019-08-18|2019-11-17_2019-12-16|2021-10-07_2021-11-05|2022-03-06_2022-04-04|2022-11-01_2022-11-30
0.2,2,PPI m/m|Core PPI m/m,Bad|Neutral,7,6,1,85.7,14.3,6.0,2019-03-22_2019-04-20|2020-05-15_2020-06-13|2021-06-09_2021-07-08|2022-07-04_2022-08-02|2023-01-30_2023-02-28|2023-08-28_2023-09-26|2024-02-24_2024-03-24
0.2,2,PPI m/m|Core PPI m/m,Good|Neutral,3,2,1,66.7,33.3,2.0,2020-04-15_2020-05-14|2022-08-03_2022-09-01|2022-12-31_2023-01-29
0.2,2,PPI m/m|Core PPI m/m,Neutral|Bad,3,1,2,33.3,66.7,0.5,2024-01-25_2024-02-23|2024-04-24_2024-05-23|2026-02-13_2026-03-14
0.3,2,PPI m/m|Core PPI m/m,Good|Good,9,4,5,44.4,55.6,0.8,2017-12-27_2018-01-25|2018-08-24_2018-09-22|2019-09-18_2019-10-17|2020-06-14_2020-07-13|2023-03-01_2023-03-30|2023-03-31_2023-04-29|2025-03-20_2025-04-18|2025-04-19_2025-05-18|2025-08-17_2025-09-15
0.3,2,PPI m/m|Core PPI m/m,Neutral|Neutral,61,36,25,59.0,41.0,1.44,2018-01-26_2018-02-24|2018-02-25_2018-03-26|2018-03-27_2018-04-25|2018-04-26_2018-05-25|2018-05-26_2018-06-24|2018-06-25_2018-07-24|2018-07-25_2018-08-23|2018-09-23_2018-10-22|2018-11-22_2018-12-21|2019-01-21_2019-02-19|2019-02-20_2019-03-21|2019-03-22_2019-04-20|2019-04-21_2019-05-20|2019-05-21_2019-06-19|2019-06-20_2019-07-19|2019-08-19_2019-09-17|2019-10-18_2019-11-16|2019-12-17_2020-01-15|2020-02-15_2020-03-15|2020-03-16_2020-04-14|2020-08-13_2020-09-11|2020-10-12_2020-11-10|2020-11-11_2020-12-10|2020-12-11_2021-01-09|2021-01-10_2021-02-08|2021-03-11_2021-04-09|2021-05-10_2021-06-08|2021-09-07_2021-10-06|2021-10-07_2021-11-05|2021-11-06_2021-12-05|2022-01-05_2022-02-03|2022-05-05_2022-06-03|2022-06-04_2022-07-03|2022-09-02_2022-10-01|2022-10-02_2022-10-31|2022-11-01_2022-11-30|2022-12-01_2022-12-30|2023-01-30_2023-02-28|2023-04-30_2023-05-29|2023-05-30_2023-06-28|2023-06-29_2023-07-28|2023-07-29_2023-08-27|2023-08-28_2023-09-26|2023-09-27_2023-10-26|2023-11-26_2023-12-25|2023-12-26_2024-01-24|2024-02-24_2024-03-24|2024-03-25_2024-04-23|2024-04-24_2024-05-23|2024-06-23_2024-07-22|2024-07-23_2024-08-21|2024-08-22_2024-09-20|2024-09-21_2024-10-20|2024-10-21_2024-11-19|2024-11-20_2024-12-19|2024-12-20_2025-01-18|2025-01-19_2025-02-17|2025-05-19_2025-06-17|2025-06-18_2025-07-17|2025-11-15_2025-12-14|2026-01-14_2026-02-12
0.3,2,PPI m/m|Core PPI m/m,Bad|Neutral,5,5,0,100.0,0.0,inf,2018-10-23_2018-11-21|2020-05-15_2020-06-13|2021-06-09_2021-07-08|2021-12-06_2022-01-04|2022-07-04_2022-08-02
0.3,2,PPI m/m|Core PPI m/m,Neutral|Good,5,3,2,60.0,40.0,1.5,2018-12-22_2019-01-20|2019-07-20_2019-08-18|2019-11-17_2019-12-16|2022-03-06_2022-04-04|2025-02-18_2025-03-19
0.3,2,PPI m/m|Core PPI m/m,Good|Neutral,5,4,1,80.0,20.0,4.0,2020-04-15_2020-05-14|2022-08-03_2022-09-01|2022-12-31_2023-01-29|2023-10-27_2023-11-25|2024-05-24_2024-06-22
0.3,2,PPI m/m|Core PPI m/m,Neutral|Bad,4,2,2,50.0,50.0,1.0,2020-07-14_2020-08-12|2022-04-05_2022-05-04|2024-01-25_2024-02-23|2026-02-13_2026-03-14
0.3,2,PPI m/m|Core PPI m/m,Bad|Bad,5,2,3,40.0,60.0,0.67,2021-02-09_2021-03-10|2021-07-09_2021-08-07|2021-08-08_2021-09-06|2022-02-04_2022-03-05|2025-07-18_2025-08-16
0.0,2,PPI m/m|FOMC,Neutral|Neutral,11,4,7,36.4,63.6,0.57,2018-01-26_2018-02-24|2018-09-23_2018-10-22|2019-04-21_2019-05-20|2019-05-21_2019-06-19|2019-07-20_2019-08-18|2020-12-11_2021-01-09|2022-06-04_2022-07-03|2022-09-02_2022-10-01|2023-11-26_2023-12-25|2024-10-21_2024-11-19|2025-11-15_2025-12-14
0.0,2,PPI m/m|FOMC,Bad|Neutral,26,18,8,69.2,30.8,2.25,2018-02-25_2018-03-26|2018-05-26_2018-06-24|2018-10-23_2018-11-21|2018-11-22_2018-12-21|2019-10-18_2019-11-16|2020-05-15_2020-06-13|2020-07-14_2020-08-12|2020-10-12_2020-11-10|2021-03-11_2021-04-09|2021-06-09_2021-07-08|2021-07-09_2021-08-07|2021-09-07_2021-10-06|2021-12-06_2022-01-04|2022-04-05_2022-05-04|2022-07-04_2022-08-02|2022-12-01_2022-12-30|2023-01-30_2023-02-28|2023-08-28_2023-09-26|2024-01-25_2024-02-23|2024-02-24_2024-03-24|2024-04-24_2024-05-23|2024-08-22_2024-09-20|2024-11-20_2024-12-19|2025-01-19_2025-02-17|2025-07-18_2025-08-16|2026-01-14_2026-02-12
0.0,2,PPI m/m|FOMC,Good|Neutral,22,15,7,68.2,31.8,2.14,2018-04-26_2018-05-25|2018-07-25_2018-08-23|2019-01-21_2019-02-19|2019-02-20_2019-03-21|2019-09-18_2019-10-17|2019-11-17_2019-12-16|2020-04-15_2020-05-14|2021-01-10_2021-02-08|2021-10-07_2021-11-05|2022-01-05_2022-02-03|2022-03-06_2022-04-04|2022-11-01_2022-11-30|2023-03-01_2023-03-30|2023-04-30_2023-05-29|2023-05-30_2023-06-28|2023-06-29_2023-07-28|2023-10-27_2023-11-25|2024-05-24_2024-06-22|2024-07-23_2024-08-21|2025-02-18_2025-03-19|2025-04-19_2025-05-18|2025-06-18_2025-07-17
0.0,2,PPI m/m|FOMC,Good|Good,1,0,1,0.0,100.0,0.0,2020-02-15_2020-03-15
0.1,2,PPI m/m|FOMC,Neutral|Neutral,22,12,10,54.5,45.5,1.2,2018-01-26_2018-02-24|2018-02-25_2018-03-26|2018-04-26_2018-05-25|2018-09-23_2018-10-22|2018-11-22_2018-12-21|2019-02-20_2019-03-21|2019-04-21_2019-05-20|2019-05-21_2019-06-19|2019-07-20_2019-08-18|2020-12-11_2021-01-09|2021-09-07_2021-10-06|2021-10-07_2021-11-05|2022-06-04_2022-07-03|2022-09-02_2022-10-01|2022-12-01_2022-12-30|2023-04-30_2023-05-29|2023-06-29_2023-07-28|2023-11-26_2023-12-25|2024-07-23_2024-08-21|2024-08-22_2024-09-20|2024-10-21_2024-11-19|2025-11-15_2025-12-14
0.1,2,PPI m/m|FOMC,Bad|Neutral,21,15,6,71.4,28.6,2.5,2018-05-26_2018-06-24|2018-10-23_2018-11-21|2019-10-18_2019-11-16|2020-05-15_2020-06-13|2020-07-14_2020-08-12|2020-10-12_2020-11-10|2021-03-11_2021-04-09|2021-06-09_2021-07-08|2021-07-09_2021-08-07|2021-12-06_2022-01-04|2022-04-05_2022-05-04|2022-07-04_2022-08-02|2023-01-30_2023-02-28|2023-08-28_2023-09-26|2024-01-25_2024-02-23|2024-02-24_2024-03-24|2024-04-24_2024-05-23|2024-11-20_2024-12-19|2025-01-19_2025-02-17|2025-07-18_2025-08-16|2026-01-14_2026-02-12
0.1,2,PPI m/m|FOMC,Good|Neutral,16,10,6,62.5,37.5,1.67,2018-07-25_2018-08-23|2019-01-21_2019-02-19|2019-09-18_2019-10-17|2019-11-17_2019-12-16|2020-04-15_2020-05-14|2021-01-10_2021-02-08|2022-01-05_2022-02-03|2022-03-06_2022-04-04|2022-11-01_2022-11-30|2023-03-01_2023-03-30|2023-05-30_2023-06-28|2023-10-27_2023-11-25|2024-05-24_2024-06-22|2025-02-18_2025-03-19|2025-04-19_2025-05-18|2025-06-18_2025-07-17
0.1,2,PPI m/m|FOMC,Neutral|Good,1,0,1,0.0,100.0,0.0,2020-02-15_2020-03-15
0.2,2,PPI m/m|FOMC,Neutral|Neutral,39,21,18,53.8,46.2,1.17,2018-01-26_2018-02-24|2018-02-25_2018-03-26|2018-04-26_2018-05-25|2018-05-26_2018-06-24|2018-07-25_2018-08-23|2018-09-23_2018-10-22|2018-11-22_2018-12-21|2019-01-21_2019-02-19|2019-02-20_2019-03-21|2019-04-21_2019-05-20|2019-05-21_2019-06-19|2019-07-20_2019-08-18|2019-10-18_2019-11-16|2019-11-17_2019-12-16|2020-10-12_2020-11-10|2020-12-11_2021-01-09|2021-01-10_2021-02-08|2021-09-07_2021-10-06|2021-10-07_2021-11-05|2022-01-05_2022-02-03|2022-03-06_2022-04-04|2022-06-04_2022-07-03|2022-09-02_2022-10-01|2022-11-01_2022-11-30|2022-12-01_2022-12-30|2023-04-30_2023-05-29|2023-05-30_2023-06-28|2023-06-29_2023-07-28|2023-11-26_2023-12-25|2024-01-25_2024-02-23|2024-04-24_2024-05-23|2024-07-23_2024-08-21|2024-08-22_2024-09-20|2024-10-21_2024-11-19|2024-11-20_2024-12-19|2025-01-19_2025-02-17|2025-06-18_2025-07-17|2025-11-15_2025-12-14|2026-01-14_2026-02-12
0.2,2,PPI m/m|FOMC,Bad|Neutral,13,11,2,84.6,15.4,5.5,2018-10-23_2018-11-21|2020-05-15_2020-06-13|2020-07-14_2020-08-12|2021-03-11_2021-04-09|2021-06-09_2021-07-08|2021-07-09_2021-08-07|2021-12-06_2022-01-04|2022-04-05_2022-05-04|2022-07-04_2022-08-02|2023-01-30_2023-02-28|2023-08-28_2023-09-26|2024-02-24_2024-03-24|2025-07-18_2025-08-16
0.2,2,PPI m/m|FOMC,Good|Neutral,7,5,2,71.4,28.6,2.5,2019-09-18_2019-10-17|2020-04-15_2020-05-14|2023-03-01_2023-03-30|2023-10-27_2023-11-25|2024-05-24_2024-06-22|2025-02-18_2025-03-19|2025-04-19_2025-05-18
0.2,2,PPI m/m|FOMC,Neutral|Good,1,0,1,0.0,100.0,0.0,2020-02-15_2020-03-15
0.3,2,PPI m/m|FOMC,Neutral|Neutral,46,27,19,58.7,41.3,1.42,2018-01-26_2018-02-24|2018-02-25_2018-03-26|2018-04-26_2018-05-25|2018-05-26_2018-06-24|2018-07-25_2018-08-23|2018-09-23_2018-10-22|2018-11-22_2018-12-21|2019-01-21_2019-02-19|2019-02-20_2019-03-21|2019-04-21_2019-05-20|2019-05-21_2019-06-19|2019-07-20_2019-08-18|2019-10-18_2019-11-16|2019-11-17_2019-12-16|2020-07-14_2020-08-12|2020-10-12_2020-11-10|2020-12-11_2021-01-09|2021-01-10_2021-02-08|2021-03-11_2021-04-09|2021-09-07_2021-10-06|2021-10-07_2021-11-05|2022-01-05_2022-02-03|2022-03-06_2022-04-04|2022-04-05_2022-05-04|2022-06-04_2022-07-03|2022-09-02_2022-10-01|2022-11-01_2022-11-30|2022-12-01_2022-12-30|2023-01-30_2023-02-28|2023-04-30_2023-05-29|2023-05-30_2023-06-28|2023-06-29_2023-07-28|2023-08-28_2023-09-26|2023-11-26_2023-12-25|2024-01-25_2024-02-23|2024-02-24_2024-03-24|2024-04-24_2024-05-23|2024-07-23_2024-08-21|2024-08-22_2024-09-20|2024-10-21_2024-11-19|2024-11-20_2024-12-19|2025-01-19_2025-02-17|2025-02-18_2025-03-19|2025-06-18_2025-07-17|2025-11-15_2025-12-14|2026-01-14_2026-02-12
0.3,2,PPI m/m|FOMC,Bad|Neutral,7,6,1,85.7,14.3,6.0,2018-10-23_2018-11-21|2020-05-15_2020-06-13|2021-06-09_2021-07-08|2021-07-09_2021-08-07|2021-12-06_2022-01-04|2022-07-04_2022-08-02|2025-07-18_2025-08-16
0.3,2,PPI m/m|FOMC,Good|Neutral,6,4,2,66.7,33.3,2.0,2019-09-18_2019-10-17|2020-04-15_2020-05-14|2023-03-01_2023-03-30|2023-10-27_2023-11-25|2024-05-24_2024-06-22|2025-04-19_2025-05-18
0.3,2,PPI m/m|FOMC,Neutral|Good,1,0,1,0.0,100.0,0.0,2020-02-15_2020-03-15
0.0,2,PPI m/m|CPI y/y,Good|Neutral,12,8,4,66.7,33.3,2.0,2017-12-27_2018-01-25|2018-04-26_2018-05-25|2018-07-25_2018-08-23|2018-12-22_2019-01-20|2019-12-17_2020-01-15|2021-01-10_2021-02-08|2022-01-05_2022-02-03|2022-03-06_2022-04-04|2022-12-31_2023-01-29|2023-03-01_2023-03-30|2024-12-20_2025-01-18|2025-08-17_2025-09-15
0.0,2,PPI m/m|CPI y/y,Neutral|Bad,6,1,5,16.7,83.3,0.2,2018-01-26_2018-02-24|2019-07-20_2019-08-18|2021-11-06_2021-12-05|2022-05-05_2022-06-03|2022-06-04_2022-07-03|2022-09-02_2022-10-01
0.0,2,PPI m/m|CPI y/y,Bad|Neutral,13,7,6,53.8,46.2,1.17,2018-02-25_2018-03-26|2018-03-27_2018-04-25|2018-05-26_2018-06-24|2018-06-25_2018-07-24|2018-10-23_2018-11-21|2018-11-22_2018-12-21|2020-10-12_2020-11-10|2021-02-09_2021-03-10|2021-09-07_2021-10-06|2021-12-06_2022-01-04|2024-04-24_2024-05-23|2024-08-22_2024-09-20|2024-11-20_2024-12-19
0.0,2,PPI m/m|CPI y/y,Good|Good,17,9,8,52.9,47.1,1.13,2018-08-24_2018-09-22|2019-02-20_2019-03-21|2019-09-18_2019-10-17|2020-04-15_2020-05-14|2022-08-03_2022-09-01|2022-11-01_2022-11-30|2023-03-31_2023-04-29|2023-04-30_2023-05-29|2023-05-30_2023-06-28|2023-06-29_2023-07-28|2023-10-27_2023-11-25|2024-05-24_2024-06-22|2024-07-23_2024-08-21|2025-02-18_2025-03-19|2025-03-20_2025-04-18|2025-04-19_2025-05-18|2025-05-19_2025-06-17
0.0,2,PPI m/m|CPI y/y,Neutral|Good,3,2,1,66.7,33.3,2.0,2018-09-23_2018-10-22|2019-04-21_2019-05-20|2019-05-21_2019-06-19
0.0,2,PPI m/m|CPI y/y,Good|Bad,8,5,3,62.5,37.5,1.67,2019-01-21_2019-02-19|2019-11-17_2019-12-16|2020-02-15_2020-03-15|2021-10-07_2021-11-05|2023-12-26_2024-01-24|2024-03-25_2024-04-23|2024-09-21_2024-10-20|2025-06-18_2025-07-17
0.0,2,PPI m/m|CPI y/y,Bad|Bad,18,12,6,66.7,33.3,2.0,2019-03-22_2019-04-20|2019-10-18_2019-11-16|2020-07-14_2020-08-12|2020-08-13_2020-09-11|2021-05-10_2021-06-08|2021-06-09_2021-07-08|2021-07-09_2021-08-07|2021-08-08_2021-09-06|2022-02-04_2022-03-05|2022-04-05_2022-05-04|2022-07-04_2022-08-02|2022-10-02_2022-10-31|2023-01-30_2023-02-28|2023-08-28_2023-09-26|2023-09-27_2023-10-26|2024-01-25_2024-02-23|2024-02-24_2024-03-24|2025-01-19_2025-02-17
0.0,2,PPI m/m|CPI y/y,Neutral|Neutral,3,1,2,33.3,66.7,0.5,2019-06-20_2019-07-19|2023-11-26_2023-12-25|2024-10-21_2024-11-19
0.0,2,PPI m/m|CPI y/y,Bad|Good,9,7,2,77.8,22.2,3.5,2019-08-19_2019-09-17|2020-03-16_2020-04-14|2020-05-15_2020-06-13|2020-11-11_2020-12-10|2022-12-01_2022-12-30|2023-07-29_2023-08-27|2024-06-23_2024-07-22|2025-07-18_2025-08-16|2026-02-13_2026-03-14
0.1,2,PPI m/m|CPI y/y,Good|Neutral,13,7,6,53.8,46.2,1.17,2017-12-27_2018-01-25|2018-07-25_2018-08-23|2018-08-24_2018-09-22|2021-01-10_2021-02-08|2022-01-05_2022-02-03|2022-03-06_2022-04-04|2022-12-31_2023-01-29|2023-03-01_2023-03-30|2023-03-31_2023-04-29|2023-05-30_2023-06-28|2023-10-27_2023-11-25|2024-12-20_2025-01-18|2025-08-17_2025-09-15
0.1,2,PPI m/m|CPI y/y,Neutral|Bad,10,3,7,30.0,70.0,0.43,2018-01-26_2018-02-24|2019-07-20_2019-08-18|2020-08-13_2020-09-11|2021-10-07_2021-11-05|2021-11-06_2021-12-05|2022-05-05_2022-06-03|2022-06-04_2022-07-03|2022-09-02_2022-10-01|2024-03-25_2024-04-23|2024-09-21_2024-10-20
0.1,2,PPI m/m|CPI y/y,Neutral|Neutral,16,8,8,50.0,50.0,1.0,2018-02-25_2018-03-26|2018-04-26_2018-05-25|2018-06-25_2018-07-24|2018-11-22_2018-12-21|2018-12-22_2019-01-20|2019-05-21_2019-06-19|2019-06-20_2019-07-19|2019-12-17_2020-01-15|2020-02-15_2020-03-15|2020-11-11_2020-12-10|2021-09-07_2021-10-06|2023-04-30_2023-05-29|2023-07-29_2023-08-27|2023-11-26_2023-12-25|2024-08-22_2024-09-20|2024-10-21_2024-11-19
0.1,2,PPI m/m|CPI y/y,Bad|Neutral,12,9,3,75.0,25.0,3.0,2018-03-27_2018-04-25|2018-05-26_2018-06-24|2018-10-23_2018-11-21|2019-03-22_2019-04-20|2020-10-12_2020-11-10|2021-02-09_2021-03-10|2021-12-06_2022-01-04|2022-04-05_2022-05-04|2022-10-02_2022-10-31|2024-04-24_2024-05-23|2024-11-20_2024-12-19|2025-07-18_2025-08-16
0.1,2,PPI m/m|CPI y/y,Neutral|Good,10,8,2,80.0,20.0,4.0,2018-09-23_2018-10-22|2019-02-20_2019-03-21|2019-04-21_2019-05-20|2019-08-19_2019-09-17|2020-03-16_2020-04-14|2022-12-01_2022-12-30|2023-06-29_2023-07-28|2024-06-23_2024-07-22|2024-07-23_2024-08-21|2025-05-19_2025-06-17
0.1,2,PPI m/m|CPI y/y,Good|Bad,4,4,0,100.0,0.0,inf,2019-01-21_2019-02-19|2019-11-17_2019-12-16|2023-12-26_2024-01-24|2025-06-18_2025-07-17
0.1,2,PPI m/m|CPI y/y,Good|Good,8,4,4,50.0,50.0,1.0,2019-09-18_2019-10-17|2020-04-15_2020-05-14|2022-08-03_2022-09-01|2022-11-01_2022-11-30|2024-05-24_2024-06-22|2025-02-18_2025-03-19|2025-03-20_2025-04-18|2025-04-19_2025-05-18
0.1,2,PPI m/m|CPI y/y,Bad|Bad,14,8,6,57.1,42.9,1.33,2019-10-18_2019-11-16|2020-07-14_2020-08-12|2021-05-10_2021-06-08|2021-06-09_2021-07-08|2021-07-09_2021-08-07|2021-08-08_2021-09-06|2022-02-04_2022-03-05|2022-07-04_2022-08-02|2023-01-30_2023-02-28|2023-08-28_2023-09-26|2023-09-27_2023-10-26|2024-01-25_2024-02-23|2024-02-24_2024-03-24|2025-01-19_2025-02-17
0.1,2,PPI m/m|CPI y/y,Bad|Good,2,1,1,50.0,50.0,1.0,2020-05-15_2020-06-13|2026-02-13_2026-03-14
0.2,2,PPI m/m|CPI y/y,Good|Neutral,14,8,6,57.1,42.9,1.33,2017-12-27_2018-01-25|2018-08-24_2018-09-22|2019-09-18_2019-10-17|2020-04-15_2020-05-14|2022-08-03_2022-09-01|2022-12-31_2023-01-29|2023-03-01_2023-03-30|2023-03-31_2023-04-29|2023-10-27_2023-11-25|2024-05-24_2024-06-22|2025-02-18_2025-03-19|2025-03-20_2025-04-18|2025-04-19_2025-05-18|2025-08-17_2025-09-15
0.2,2,PPI m/m|CPI y/y,Neutral|Bad,6,1,5,16.7,83.3,0.2,2018-01-26_2018-02-24|2021-11-06_2021-12-05|2022-05-05_2022-06-03|2022-06-04_2022-07-03|2022-09-02_2022-10-01|2024-01-25_2024-02-23
0.2,2,PPI m/m|CPI y/y,Neutral|Neutral,50,29,21,58.0,42.0,1.38,2018-02-25_2018-03-26|2018-03-27_2018-04-25|2018-04-26_2018-05-25|2018-05-26_2018-06-24|2018-06-25_2018-07-24|2018-07-25_2018-08-23|2018-09-23_2018-10-22|2018-11-22_2018-12-21|2018-12-22_2019-01-20|2019-01-21_2019-02-19|2019-02-20_2019-03-21|2019-04-21_2019-05-20|2019-05-21_2019-06-19|2019-06-20_2019-07-19|2019-07-20_2019-08-18|2019-08-19_2019-09-17|2019-10-18_2019-11-16|2019-11-17_2019-12-16|2019-12-17_2020-01-15|2020-02-15_2020-03-15|2020-03-16_2020-04-14|2020-08-13_2020-09-11|2020-10-12_2020-11-10|2020-11-11_2020-12-10|2021-01-10_2021-02-08|2021-09-07_2021-10-06|2021-10-07_2021-11-05|2022-01-05_2022-02-03|2022-03-06_2022-04-04|2022-10-02_2022-10-31|2023-04-30_2023-05-29|2023-05-30_2023-06-28|2023-06-29_2023-07-28|2023-07-29_2023-08-27|2023-09-27_2023-10-26|2023-11-26_2023-12-25|2023-12-26_2024-01-24|2024-03-25_2024-04-23|2024-04-24_2024-05-23|2024-06-23_2024-07-22|2024-07-23_2024-08-21|2024-08-22_2024-09-20|2024-09-21_2024-10-20|2024-10-21_2024-11-19|2024-11-20_2024-12-19|2024-12-20_2025-01-18|2025-01-19_2025-02-17|2025-05-19_2025-06-17|2025-06-18_2025-07-17|2026-02-13_2026-03-14
0.2,2,PPI m/m|CPI y/y,Bad|Neutral,11,8,3,72.7,27.3,2.67,2018-10-23_2018-11-21|2019-03-22_2019-04-20|2020-05-15_2020-06-13|2020-07-14_2020-08-12|2021-02-09_2021-03-10|2021-08-08_2021-09-06|2021-12-06_2022-01-04|2022-04-05_2022-05-04|2023-08-28_2023-09-26|2024-02-24_2024-03-24|2025-07-18_2025-08-16
0.2,2,PPI m/m|CPI y/y,Bad|Bad,6,5,1,83.3,16.7,5.0,2021-05-10_2021-06-08|2021-06-09_2021-07-08|2021-07-09_2021-08-07|2022-02-04_2022-03-05|2022-07-04_2022-08-02|2023-01-30_2023-02-28
0.2,2,PPI m/m|CPI y/y,Neutral|Good,2,1,1,50.0,50.0,1.0,2022-11-01_2022-11-30|2022-12-01_2022-12-30
0.3,2,PPI m/m|CPI y/y,Good|Neutral,13,7,6,53.8,46.2,1.17,2017-12-27_2018-01-25|2018-08-24_2018-09-22|2019-09-18_2019-10-17|2020-04-15_2020-05-14|2022-08-03_2022-09-01|2022-12-31_2023-01-29|2023-03-01_2023-03-30|2023-03-31_2023-04-29|2023-10-27_2023-11-25|2024-05-24_2024-06-22|2025-03-20_2025-04-18|2025-04-19_2025-05-18|2025-08-17_2025-09-15
0.3,2,PPI m/m|CPI y/y,Neutral|Neutral,65,37,28,56.9,43.1,1.32,2018-01-26_2018-02-24|2018-02-25_2018-03-26|2018-03-27_2018-04-25|2018-04-26_2018-05-25|2018-05-26_2018-06-24|2018-06-25_2018-07-24|2018-07-25_2018-08-23|2018-09-23_2018-10-22|2018-11-22_2018-12-21|2018-12-22_2019-01-20|2019-01-21_2019-02-19|2019-02-20_2019-03-21|2019-03-22_2019-04-20|2019-04-21_2019-05-20|2019-05-21_2019-06-19|2019-06-20_2019-07-19|2019-07-20_2019-08-18|2019-08-19_2019-09-17|2019-10-18_2019-11-16|2019-11-17_2019-12-16|2019-12-17_2020-01-15|2020-02-15_2020-03-15|2020-03-16_2020-04-14|2020-07-14_2020-08-12|2020-08-13_2020-09-11|2020-10-12_2020-11-10|2020-11-11_2020-12-10|2021-01-10_2021-02-08|2021-09-07_2021-10-06|2021-10-07_2021-11-05|2021-11-06_2021-12-05|2022-01-05_2022-02-03|2022-03-06_2022-04-04|2022-04-05_2022-05-04|2022-05-05_2022-06-03|2022-06-04_2022-07-03|2022-09-02_2022-10-01|2022-10-02_2022-10-31|2022-11-01_2022-11-30|2022-12-01_2022-12-30|2023-01-30_2023-02-28|2023-04-30_2023-05-29|2023-05-30_2023-06-28|2023-06-29_2023-07-28|2023-07-29_2023-08-27|2023-08-28_2023-09-26|2023-09-27_2023-10-26|2023-11-26_2023-12-25|2023-12-26_2024-01-24|2024-01-25_2024-02-23|2024-02-24_2024-03-24|2024-03-25_2024-04-23|2024-04-24_2024-05-23|2024-06-23_2024-07-22|2024-07-23_2024-08-21|2024-08-22_2024-09-20|2024-09-21_2024-10-20|2024-10-21_2024-11-19|2024-11-20_2024-12-19|2024-12-20_2025-01-18|2025-01-19_2025-02-17|2025-02-18_2025-03-19|2025-05-19_2025-06-17|2025-06-18_2025-07-17|2026-02-13_2026-03-14
0.3,2,PPI m/m|CPI y/y,Bad|Neutral,8,6,2,75.0,25.0,3.0,2018-10-23_2018-11-21|2020-05-15_2020-06-13|2021-02-09_2021-03-10|2021-06-09_2021-07-08|2021-08-08_2021-09-06|2021-12-06_2022-01-04|2022-02-04_2022-03-05|2025-07-18_2025-08-16
0.3,2,PPI m/m|CPI y/y,Neutral|Bad,1,1,0,100.0,0.0,inf,2021-05-10_2021-06-08
0.3,2,PPI m/m|CPI y/y,Bad|Bad,2,1,1,50.0,50.0,1.0,2021-07-09_2021-08-07|2022-07-04_2022-08-02
0.0,2,Core PPI m/m|FOMC,Bad|Neutral,23,17,6,73.9,26.1,2.83,2018-01-26_2018-02-24|2018-05-26_2018-06-24|2018-10-23_2018-11-21|2018-11-22_2018-12-21|2019-01-21_2019-02-19|2019-10-18_2019-11-16|2020-07-14_2020-08-12|2020-10-12_2020-11-10|2021-03-11_2021-04-09|2021-06-09_2021-07-08|2021-07-09_2021-08-07|2021-09-07_2021-10-06|2021-12-06_2022-01-04|2022-04-05_2022-05-04|2022-09-02_2022-10-01|2022-12-01_2022-12-30|2023-01-30_2023-02-28|2024-01-25_2024-02-23|2024-02-24_2024-03-24|2024-04-24_2024-05-23|2024-08-22_2024-09-20|2025-07-18_2025-08-16|2026-01-14_2026-02-12
0.0,2,Core PPI m/m|FOMC,Neutral|Neutral,13,6,7,46.2,53.8,0.86,2018-02-25_2018-03-26|2018-04-26_2018-05-25|2018-09-23_2018-10-22|2019-05-21_2019-06-19|2020-05-15_2020-06-13|2021-01-10_2021-02-08|2022-01-05_2022-02-03|2023-04-30_2023-05-29|2023-05-30_2023-06-28|2023-08-28_2023-09-26|2024-10-21_2024-11-19|2024-11-20_2024-12-19|2025-01-19_2025-02-17
0.0,2,Core PPI m/m|FOMC,Good|Neutral,23,14,9,60.9,39.1,1.56,2018-07-25_2018-08-23|2019-02-20_2019-03-21|2019-04-21_2019-05-20|2019-07-20_2019-08-18|2019-09-18_2019-10-17|2019-11-17_2019-12-16|2020-04-15_2020-05-14|2020-12-11_2021-01-09|2021-10-07_2021-11-05|2022-03-06_2022-04-04|2022-06-04_2022-07-03|2022-07-04_2022-08-02|2022-11-01_2022-11-30|2023-03-01_2023-03-30|2023-06-29_2023-07-28|2023-10-27_2023-11-25|2023-11-26_2023-12-25|2024-05-24_2024-06-22|2024-07-23_2024-08-21|2025-02-18_2025-03-19|2025-04-19_2025-05-18|2025-06-18_2025-07-17|2025-11-15_2025-12-14
0.0,2,Core PPI m/m|FOMC,Good|Good,1,0,1,0.0,100.0,0.0,2020-02-15_2020-03-15
0.1,2,Core PPI m/m|FOMC,Bad|Neutral,17,13,4,76.5,23.5,3.25,2018-01-26_2018-02-24|2018-10-23_2018-11-21|2018-11-22_2018-12-21|2020-07-14_2020-08-12|2020-10-12_2020-11-10|2021-03-11_2021-04-09|2021-06-09_2021-07-08|2021-07-09_2021-08-07|2021-12-06_2022-01-04|2022-04-05_2022-05-04|2022-09-02_2022-10-01|2022-12-01_2022-12-30|2023-01-30_2023-02-28|2024-01-25_2024-02-23|2024-04-24_2024-05-23|2025-07-18_2025-08-16|2026-01-14_2026-02-12
0.1,2,Core PPI m/m|FOMC,Neutral|Neutral,27,15,12,55.6,44.4,1.25,2018-02-25_2018-03-26|2018-04-26_2018-05-25|2018-05-26_2018-06-24|2018-07-25_2018-08-23|2018-09-23_2018-10-22|2019-01-21_2019-02-19|2019-02-20_2019-03-21|2019-04-21_2019-05-20|2019-05-21_2019-06-19|2019-10-18_2019-11-16|2020-05-15_2020-06-13|2020-12-11_2021-01-09|2021-01-10_2021-02-08|2021-09-07_2021-10-06|2022-01-05_2022-02-03|2022-06-04_2022-07-03|2022-07-04_2022-08-02|2023-04-30_2023-05-29|2023-05-30_2023-06-28|2023-06-29_2023-07-28|2023-08-28_2023-09-26|2024-02-24_2024-03-24|2024-08-22_2024-09-20|2024-10-21_2024-11-19|2024-11-20_2024-12-19|2025-01-19_2025-02-17|2025-11-15_2025-12-14
0.1,2,Core PPI m/m|FOMC,Good|Neutral,15,9,6,60.0,40.0,1.5,2019-07-20_2019-08-18|2019-09-18_2019-10-17|2019-11-17_2019-12-16|2020-04-15_2020-05-14|2021-10-07_2021-11-05|2022-03-06_2022-04-04|2022-11-01_2022-11-30|2023-03-01_2023-03-30|2023-10-27_2023-11-25|2023-11-26_2023-12-25|2024-05-24_2024-06-22|2024-07-23_2024-08-21|2025-02-18_2025-03-19|2025-04-19_2025-05-18|2025-06-18_2025-07-17
0.1,2,Core PPI m/m|FOMC,Neutral|Good,1,0,1,0.0,100.0,0.0,2020-02-15_2020-03-15
0.2,2,Core PPI m/m|FOMC,Neutral|Neutral,39,24,15,61.5,38.5,1.6,2018-01-26_2018-02-24|2018-02-25_2018-03-26|2018-04-26_2018-05-25|2018-05-26_2018-06-24|2018-07-25_2018-08-23|2018-09-23_2018-10-22|2018-11-22_2018-12-21|2019-01-21_2019-02-19|2019-02-20_2019-03-21|2019-04-21_2019-05-20|2019-05-21_2019-06-19|2019-10-18_2019-11-16|2020-04-15_2020-05-14|2020-05-15_2020-06-13|2020-10-12_2020-11-10|2020-12-11_2021-01-09|2021-01-10_2021-02-08|2021-06-09_2021-07-08|2021-09-07_2021-10-06|2022-01-05_2022-02-03|2022-06-04_2022-07-03|2022-07-04_2022-08-02|2022-09-02_2022-10-01|2022-12-01_2022-12-30|2023-01-30_2023-02-28|2023-04-30_2023-05-29|2023-05-30_2023-06-28|2023-06-29_2023-07-28|2023-08-28_2023-09-26|2023-11-26_2023-12-25|2024-02-24_2024-03-24|2024-07-23_2024-08-21|2024-08-22_2024-09-20|2024-10-21_2024-11-19|2024-11-20_2024-12-19|2025-01-19_2025-02-17|2025-06-18_2025-07-17|2025-11-15_2025-12-14|2026-01-14_2026-02-12
0.2,2,Core PPI m/m|FOMC,Bad|Neutral,9,7,2,77.8,22.2,3.5,2018-10-23_2018-11-21|2020-07-14_2020-08-12|2021-03-11_2021-04-09|2021-07-09_2021-08-07|2021-12-06_2022-01-04|2022-04-05_2022-05-04|2024-01-25_2024-02-23|2024-04-24_2024-05-23|2025-07-18_2025-08-16
0.2,2,Core PPI m/m|FOMC,Good|Neutral,11,6,5,54.5,45.5,1.2,2019-07-20_2019-08-18|2019-09-18_2019-10-17|2019-11-17_2019-12-16|2021-10-07_2021-11-05|2022-03-06_2022-04-04|2022-11-01_2022-11-30|2023-03-01_2023-03-30|2023-10-27_2023-11-25|2024-05-24_2024-06-22|2025-02-18_2025-03-19|2025-04-19_2025-05-18
0.2,2,Core PPI m/m|FOMC,Neutral|Good,1,0,1,0.0,100.0,0.0,2020-02-15_2020-03-15
0.3,2,Core PPI m/m|FOMC,Neutral|Neutral,47,31,16,66.0,34.0,1.94,2018-01-26_2018-02-24|2018-02-25_2018-03-26|2018-04-26_2018-05-25|2018-05-26_2018-06-24|2018-07-25_2018-08-23|2018-09-23_2018-10-22|2018-10-23_2018-11-21|2018-11-22_2018-12-21|2019-01-21_2019-02-19|2019-02-20_2019-03-21|2019-04-21_2019-05-20|2019-05-21_2019-06-19|2019-10-18_2019-11-16|2020-04-15_2020-05-14|2020-05-15_2020-06-13|2020-10-12_2020-11-10|2020-12-11_2021-01-09|2021-01-10_2021-02-08|2021-03-11_2021-04-09|2021-06-09_2021-07-08|2021-09-07_2021-10-06|2021-10-07_2021-11-05|2021-12-06_2022-01-04|2022-01-05_2022-02-03|2022-06-04_2022-07-03|2022-07-04_2022-08-02|2022-09-02_2022-10-01|2022-11-01_2022-11-30|2022-12-01_2022-12-30|2023-01-30_2023-02-28|2023-04-30_2023-05-29|2023-05-30_2023-06-28|2023-06-29_2023-07-28|2023-08-28_2023-09-26|2023-10-27_2023-11-25|2023-11-26_2023-12-25|2024-02-24_2024-03-24|2024-04-24_2024-05-23|2024-05-24_2024-06-22|2024-07-23_2024-08-21|2024-08-22_2024-09-20|2024-10-21_2024-11-19|2024-11-20_2024-12-19|2025-01-19_2025-02-17|2025-06-18_2025-07-17|2025-11-15_2025-12-14|2026-01-14_2026-02-12
0.3,2,Core PPI m/m|FOMC,Good|Neutral,7,3,4,42.9,57.1,0.75,2019-07-20_2019-08-18|2019-09-18_2019-10-17|2019-11-17_2019-12-16|2022-03-06_2022-04-04|2023-03-01_2023-03-30|2025-02-18_2025-03-19|2025-04-19_2025-05-18
0.3,2,Core PPI m/m|FOMC,Neutral|Good,1,0,1,0.0,100.0,0.0,2020-02-15_2020-03-15
0.3,2,Core PPI m/m|FOMC,Bad|Neutral,5,3,2,60.0,40.0,1.5,2020-07-14_2020-08-12|2021-07-09_2021-08-07|2022-04-05_2022-05-04|2024-01-25_2024-02-23|2025-07-18_2025-08-16
0.0,2,Core PPI m/m|CPI y/y,Good|Neutral,9,4,5,44.4,55.6,0.8,2017-12-27_2018-01-25|2018-07-25_2018-08-23|2018-12-22_2019-01-20|2019-12-17_2020-01-15|2022-03-06_2022-04-04|2023-03-01_2023-03-30|2023-11-26_2023-12-25|2024-12-20_2025-01-18|2025-08-17_2025-09-15
0.0,2,Core PPI m/m|CPI y/y,Bad|Bad,17,11,6,64.7,35.3,1.83,2018-01-26_2018-02-24|2019-01-21_2019-02-19|2019-03-22_2019-04-20|2019-10-18_2019-11-16|2020-07-14_2020-08-12|2020-08-13_2020-09-11|2021-05-10_2021-06-08|2021-06-09_2021-07-08|2021-07-09_2021-08-07|2021-08-08_2021-09-06|2022-02-04_2022-03-05|2022-04-05_2022-05-04|2022-09-02_2022-10-01|2023-01-30_2023-02-28|2023-09-27_2023-10-26|2024-01-25_2024-02-23|2024-02-24_2024-03-24
0.0,2,Core PPI m/m|CPI y/y,Neutral|Neutral,7,4,3,57.1,42.9,1.33,2018-02-25_2018-03-26|2018-04-26_2018-05-25|2021-01-10_2021-02-08|2022-01-05_2022-02-03|2022-12-31_2023-01-29|2024-10-21_2024-11-19|2024-11-20_2024-12-19
0.0,2,Core PPI m/m|CPI y/y,Bad|Neutral,12,8,4,66.7,33.3,2.0,2018-03-27_2018-04-25|2018-05-26_2018-06-24|2018-06-25_2018-07-24|2018-10-23_2018-11-21|2018-11-22_2018-12-21|2019-06-20_2019-07-19|2020-10-12_2020-11-10|2021-02-09_2021-03-10|2021-09-07_2021-10-06|2021-12-06_2022-01-04|2024-04-24_2024-05-23|2024-08-22_2024-09-20
0.0,2,Core PPI m/m|CPI y/y,Good|Good,17,11,6,64.7,35.3,1.83,2018-08-24_2018-09-22|2019-02-20_2019-03-21|2019-04-21_2019-05-20|2019-09-18_2019-10-17|2020-04-15_2020-05-14|2020-11-11_2020-12-10|2022-08-03_2022-09-01|2022-11-01_2022-11-30|2023-03-31_2023-04-29|2023-06-29_2023-07-28|2023-10-27_2023-11-25|2024-05-24_2024-06-22|2024-07-23_2024-08-21|2025-02-18_2025-03-19|2025-03-20_2025-04-18|2025-04-19_2025-05-18|2025-05-19_2025-06-17
0.0,2,Core PPI m/m|CPI y/y,Neutral|Good,5,2,3,40.0,60.0,0.67,2018-09-23_2018-10-22|2019-05-21_2019-06-19|2020-05-15_2020-06-13|2023-04-30_2023-05-29|2023-05-30_2023-06-28
0.0,2,Core PPI m/m|CPI y/y,Good|Bad,10,5,5,50.0,50.0,1.0,2019-07-20_2019-08-18|2019-11-17_2019-12-16|2020-02-15_2020-03-15|2021-10-07_2021-11-05|2021-11-06_2021-12-05|2022-05-05_2022-06-03|2022-06-04_2022-07-03|2022-07-04_2022-08-02|2023-12-26_2024-01-24|2025-06-18_2025-07-17
0.0,2,Core PPI m/m|CPI y/y,Bad|Good,7,5,2,71.4,28.6,2.5,2019-08-19_2019-09-17|2020-03-16_2020-04-14|2022-12-01_2022-12-30|2023-07-29_2023-08-27|2024-06-23_2024-07-22|2025-07-18_2025-08-16|2026-02-13_2026-03-14
0.0,2,Core PPI m/m|CPI y/y,Neutral|Bad,5,2,3,40.0,60.0,0.67,2022-10-02_2022-10-31|2023-08-28_2023-09-26|2024-03-25_2024-04-23|2024-09-21_2024-10-20|2025-01-19_2025-02-17
0.1,2,Core PPI m/m|CPI y/y,Good|Neutral,10,5,5,50.0,50.0,1.0,2017-12-27_2018-01-25|2018-08-24_2018-09-22|2018-12-22_2019-01-20|2022-03-06_2022-04-04|2023-03-01_2023-03-30|2023-03-31_2023-04-29|2023-10-27_2023-11-25|2023-11-26_2023-12-25|2024-12-20_2025-01-18|2025-08-17_2025-09-15
0.1,2,Core PPI m/m|CPI y/y,Bad|Bad,11,7,4,63.6,36.4,1.75,2018-01-26_2018-02-24|2020-07-14_2020-08-12|2020-08-13_2020-09-11|2021-05-10_2021-06-08|2021-06-09_2021-07-08|2021-07-09_2021-08-07|2021-08-08_2021-09-06|2022-02-04_2022-03-05|2022-09-02_2022-10-01|2023-01-30_2023-02-28|2024-01-25_2024-02-23
0.1,2,Core PPI m/m|CPI y/y,Neutral|Neutral,23,13,10,56.5,43.5,1.3,2018-02-25_2018-03-26|2018-03-27_2018-04-25|2018-04-26_2018-05-25|2018-05-26_2018-06-24|2018-06-25_2018-07-24|2018-07-25_2018-08-23|2019-03-22_2019-04-20|2019-05-21_2019-06-19|2019-06-20_2019-07-19|2019-12-17_2020-01-15|2020-02-15_2020-03-15|2020-11-11_2020-12-10|2021-01-10_2021-02-08|2021-09-07_2021-10-06|2022-01-05_2022-02-03|2022-10-02_2022-10-31|2022-12-31_2023-01-29|2023-04-30_2023-05-29|2023-05-30_2023-06-28|2023-07-29_2023-08-27|2024-08-22_2024-09-20|2024-10-21_2024-11-19|2024-11-20_2024-12-19
0.1,2,Core PPI m/m|CPI y/y,Neutral|Good,6,5,1,83.3,16.7,5.0,2018-09-23_2018-10-22|2019-02-20_2019-03-21|2019-04-21_2019-05-20|2019-08-19_2019-09-17|2020-05-15_2020-06-13|2023-06-29_2023-07-28
0.1,2,Core PPI m/m|CPI y/y,Bad|Neutral,8,6,2,75.0,25.0,3.0,2018-10-23_2018-11-21|2018-11-22_2018-12-21|2020-10-12_2020-11-10|2021-02-09_2021-03-10|2021-12-06_2022-01-04|2022-04-05_2022-05-04|2024-04-24_2024-05-23|2025-07-18_2025-08-16
0.1,2,Core PPI m/m|CPI y/y,Neutral|Bad,11,4,7,36.4,63.6,0.57,2019-01-21_2019-02-19|2019-10-18_2019-11-16|2021-11-06_2021-12-05|2022-06-04_2022-07-03|2022-07-04_2022-08-02|2023-08-28_2023-09-26|2023-09-27_2023-10-26|2024-02-24_2024-03-24|2024-03-25_2024-04-23|2024-09-21_2024-10-20|2025-01-19_2025-02-17
0.1,2,Core PPI m/m|CPI y/y,Good|Bad,6,4,2,66.7,33.3,2.0,2019-07-20_2019-08-18|2019-11-17_2019-12-16|2021-10-07_2021-11-05|2022-05-05_2022-06-03|2023-12-26_2024-01-24|2025-06-18_2025-07-17
0.1,2,Core PPI m/m|CPI y/y,Good|Good,10,6,4,60.0,40.0,1.5,2019-09-18_2019-10-17|2020-04-15_2020-05-14|2022-08-03_2022-09-01|2022-11-01_2022-11-30|2024-05-24_2024-06-22|2024-07-23_2024-08-21|2025-02-18_2025-03-19|2025-03-20_2025-04-18|2025-04-19_2025-05-18|2025-05-19_2025-06-17
0.1,2,Core PPI m/m|CPI y/y,Bad|Good,4,2,2,50.0,50.0,1.0,2020-03-16_2020-04-14|2022-12-01_2022-12-30|2024-06-23_2024-07-22|2026-02-13_2026-03-14
0.2,2,Core PPI m/m|CPI y/y,Good|Neutral,16,9,7,56.2,43.8,1.29,2017-12-27_2018-01-25|2018-08-24_2018-09-22|2018-12-22_2019-01-20|2019-07-20_2019-08-18|2019-09-18_2019-10-17|2019-11-17_2019-12-16|2021-10-07_2021-11-05|2022-03-06_2022-04-04|2023-03-01_2023-03-30|2023-03-31_2023-04-29|2023-10-27_2023-11-25|2024-05-24_2024-06-22|2025-02-18_2025-03-19|2025-03-20_2025-04-18|2025-04-19_2025-05-18|2025-08-17_2025-09-15
0.2,2,Core PPI m/m|CPI y/y,Neutral|Bad,8,4,4,50.0,50.0,1.0,2018-01-26_2018-02-24|2021-06-09_2021-07-08|2021-11-06_2021-12-05|2022-05-05_2022-06-03|2022-06-04_2022-07-03|2022-07-04_2022-08-02|2022-09-02_2022-10-01|2023-01-30_2023-02-28
0.2,2,Core PPI m/m|CPI y/y,Neutral|Neutral,50,30,20,60.0,40.0,1.5,2018-02-25_2018-03-26|2018-03-27_2018-04-25|2018-04-26_2018-05-25|2018-05-26_2018-06-24|2018-06-25_2018-07-24|2018-07-25_2018-08-23|2018-09-23_2018-10-22|2018-11-22_2018-12-21|2019-01-21_2019-02-19|2019-02-20_2019-03-21|2019-03-22_2019-04-20|2019-04-21_2019-05-20|2019-05-21_2019-06-19|2019-06-20_2019-07-19|2019-08-19_2019-09-17|2019-10-18_2019-11-16|2019-12-17_2020-01-15|2020-02-15_2020-03-15|2020-03-16_2020-04-14|2020-04-15_2020-05-14|2020-05-15_2020-06-13|2020-08-13_2020-09-11|2020-10-12_2020-11-10|2020-11-11_2020-12-10|2021-01-10_2021-02-08|2021-09-07_2021-10-06|2022-01-05_2022-02-03|2022-08-03_2022-09-01|2022-10-02_2022-10-31|2022-12-31_2023-01-29|2023-04-30_2023-05-29|2023-05-30_2023-06-28|2023-06-29_2023-07-28|2023-07-29_2023-08-27|2023-08-28_2023-09-26|2023-09-27_2023-10-26|2023-11-26_2023-12-25|2023-12-26_2024-01-24|2024-02-24_2024-03-24|2024-03-25_2024-04-23|2024-06-23_2024-07-22|2024-07-23_2024-08-21|2024-08-22_2024-09-20|2024-09-21_2024-10-20|2024-10-21_2024-11-19|2024-11-20_2024-12-19|2024-12-20_2025-01-18|2025-01-19_2025-02-17|2025-05-19_2025-06-17|2025-06-18_2025-07-17
0.2,2,Core PPI m/m|CPI y/y,Bad|Neutral,9,6,3,66.7,33.3,2.0,2018-10-23_2018-11-21|2020-07-14_2020-08-12|2021-02-09_2021-03-10|2021-08-08_2021-09-06|2021-12-06_2022-01-04|2022-04-05_2022-05-04|2024-04-24_2024-05-23|2025-07-18_2025-08-16|2026-02-13_2026-03-14
0.2,2,Core PPI m/m|CPI y/y,Bad|Bad,4,2,2,50.0,50.0,1.0,2021-05-10_2021-06-08|2021-07-09_2021-08-07|2022-02-04_2022-03-05|2024-01-25_2024-02-23
0.2,2,Core PPI m/m|CPI y/y,Good|Good,1,0,1,0.0,100.0,0.0,2022-11-01_2022-11-30
0.2,2,Core PPI m/m|CPI y/y,Neutral|Good,1,1,0,100.0,0.0,inf,2022-12-01_2022-12-30
0.3,2,Core PPI m/m|CPI y/y,Good|Neutral,13,6,7,46.2,53.8,0.86,2017-12-27_2018-01-25|2018-08-24_2018-09-22|2018-12-22_2019-01-20|2019-07-20_2019-08-18|2019-09-18_2019-10-17|2019-11-17_2019-12-16|2022-03-06_2022-04-04|2023-03-01_2023-03-30|2023-03-31_2023-04-29|2025-02-18_2025-03-19|2025-03-20_2025-04-18|2025-04-19_2025-05-18|2025-08-17_2025-09-15
0.3,2,Core PPI m/m|CPI y/y,Neutral|Neutral,65,40,25,61.5,38.5,1.6,2018-01-26_2018-02-24|2018-02-25_2018-03-26|2018-03-27_2018-04-25|2018-04-26_2018-05-25|2018-05-26_2018-06-24|2018-06-25_2018-07-24|2018-07-25_2018-08-23|2018-09-23_2018-10-22|2018-10-23_2018-11-21|2018-11-22_2018-12-21|2019-01-21_2019-02-19|2019-02-20_2019-03-21|2019-03-22_2019-04-20|2019-04-21_2019-05-20|2019-05-21_2019-06-19|2019-06-20_2019-07-19|2019-08-19_2019-09-17|2019-10-18_2019-11-16|2019-12-17_2020-01-15|2020-02-15_2020-03-15|2020-03-16_2020-04-14|2020-04-15_2020-05-14|2020-05-15_2020-06-13|2020-08-13_2020-09-11|2020-10-12_2020-11-10|2020-11-11_2020-12-10|2021-01-10_2021-02-08|2021-06-09_2021-07-08|2021-09-07_2021-10-06|2021-10-07_2021-11-05|2021-11-06_2021-12-05|2021-12-06_2022-01-04|2022-01-05_2022-02-03|2022-05-05_2022-06-03|2022-06-04_2022-07-03|2022-08-03_2022-09-01|2022-09-02_2022-10-01|2022-10-02_2022-10-31|2022-11-01_2022-11-30|2022-12-01_2022-12-30|2022-12-31_2023-01-29|2023-01-30_2023-02-28|2023-04-30_2023-05-29|2023-05-30_2023-06-28|2023-06-29_2023-07-28|2023-07-29_2023-08-27|2023-08-28_2023-09-26|2023-09-27_2023-10-26|2023-10-27_2023-11-25|2023-11-26_2023-12-25|2023-12-26_2024-01-24|2024-02-24_2024-03-24|2024-03-25_2024-04-23|2024-04-24_2024-05-23|2024-05-24_2024-06-22|2024-06-23_2024-07-22|2024-07-23_2024-08-21|2024-08-22_2024-09-20|2024-09-21_2024-10-20|2024-10-21_2024-11-19|2024-11-20_2024-12-19|2024-12-20_2025-01-18|2025-01-19_2025-02-17|2025-05-19_2025-06-17|2025-06-18_2025-07-17
0.3,2,Core PPI m/m|CPI y/y,Bad|Neutral,8,4,4,50.0,50.0,1.0,2020-07-14_2020-08-12|2021-02-09_2021-03-10|2021-08-08_2021-09-06|2022-02-04_2022-03-05|2022-04-05_2022-05-04|2024-01-25_2024-02-23|2025-07-18_2025-08-16|2026-02-13_2026-03-14
0.3,2,Core PPI m/m|CPI y/y,Neutral|Bad,2,2,0,100.0,0.0,inf,2021-05-10_2021-06-08|2022-07-04_2022-08-02
0.3,2,Core PPI m/m|CPI y/y,Bad|Bad,1,0,1,0.0,100.0,0.0,2021-07-09_2021-08-07
0.0,2,FOMC|CPI y/y,Neutral|Bad,21,14,7,66.7,33.3,2.0,2018-01-26_2018-02-24|2019-01-21_2019-02-19|2019-07-20_2019-08-18|2019-10-18_2019-11-16|2019-11-17_2019-12-16|2020-01-16_2020-02-14|2020-07-14_2020-08-12|2021-04-10_2021-05-09|2021-06-09_2021-07-08|2021-07-09_2021-08-07|2021-10-07_2021-11-05|2022-04-05_2022-05-04|2022-06-04_2022-07-03|2022-07-04_2022-08-02|2022-09-02_2022-10-01|2023-01-30_2023-02-28|2023-08-28_2023-09-26|2024-01-25_2024-02-23|2024-02-24_2024-03-24|2025-01-19_2025-02-17|2025-06-18_2025-07-17
0.0,2,FOMC|CPI y/y,Neutral|Neutral,18,10,8,55.6,44.4,1.25,2018-02-25_2018-03-26|2018-04-26_2018-05-25|2018-05-26_2018-06-24|2018-07-25_2018-08-23|2018-10-23_2018-11-21|2018-11-22_2018-12-21|2020-10-12_2020-11-10|2021-01-10_2021-02-08|2021-09-07_2021-10-06|2021-12-06_2022-01-04|2022-01-05_2022-02-03|2022-03-06_2022-04-04|2023-03-01_2023-03-30|2023-11-26_2023-12-25|2024-04-24_2024-05-23|2024-08-22_2024-09-20|2024-10-21_2024-11-19|2024-11-20_2024-12-19
0.0,2,FOMC|CPI y/y,Neutral|Good,19,12,7,63.2,36.8,1.71,2018-09-23_2018-10-22|2019-02-20_2019-03-21|2019-04-21_2019-05-20|2019-05-21_2019-06-19|2019-09-18_2019-10-17|2020-04-15_2020-05-14|2020-05-15_2020-06-13|2022-11-01_2022-11-30|2022-12-01_2022-12-30|2023-04-30_2023-05-29|2023-05-30_2023-06-28|2023-06-29_2023-07-28|2023-10-27_2023-11-25|2024-05-24_2024-06-22|2024-07-23_2024-08-21|2025-02-18_2025-03-19|2025-04-19_2025-05-18|2025-07-18_2025-08-16|2025-10-16_2025-11-14
0.0,2,FOMC|CPI y/y,Good|Bad,1,0,1,0.0,100.0,0.0,2020-02-15_2020-03-15
0.1,2,FOMC|CPI y/y,Neutral|Bad,20,13,7,65.0,35.0,1.86,2018-01-26_2018-02-24|2019-01-21_2019-02-19|2019-07-20_2019-08-18|2019-10-18_2019-11-16|2019-11-17_2019-12-16|2020-01-16_2020-02-14|2020-07-14_2020-08-12|2021-04-10_2021-05-09|2021-06-09_2021-07-08|2021-07-09_2021-08-07|2021-10-07_2021-11-05|2022-06-04_2022-07-03|2022-07-04_2022-08-02|2022-09-02_2022-10-01|2023-01-30_2023-02-28|2023-08-28_2023-09-26|2024-01-25_2024-02-23|2024-02-24_2024-03-24|2025-01-19_2025-02-17|2025-06-18_2025-07-17
0.1,2,FOMC|CPI y/y,Neutral|Neutral,24,14,10,58.3,41.7,1.4,2018-02-25_2018-03-26|2018-04-26_2018-05-25|2018-05-26_2018-06-24|2018-07-25_2018-08-23|2018-10-23_2018-11-21|2018-11-22_2018-12-21|2019-05-21_2019-06-19|2020-10-12_2020-11-10|2021-01-10_2021-02-08|2021-09-07_2021-10-06|2021-12-06_2022-01-04|2022-01-05_2022-02-03|2022-03-06_2022-04-04|2022-04-05_2022-05-04|2023-03-01_2023-03-30|2023-04-30_2023-05-29|2023-05-30_2023-06-28|2023-10-27_2023-11-25|2023-11-26_2023-12-25|2024-04-24_2024-05-23|2024-08-22_2024-09-20|2024-10-21_2024-11-19|2024-11-20_2024-12-19|2025-07-18_2025-08-16
0.1,2,FOMC|CPI y/y,Neutral|Good,14,9,5,64.3,35.7,1.8,2018-09-23_2018-10-22|2019-02-20_2019-03-21|2019-04-21_2019-05-20|2019-09-18_2019-10-17|2020-04-15_2020-05-14|2020-05-15_2020-06-13|2022-11-01_2022-11-30|2022-12-01_2022-12-30|2023-06-29_2023-07-28|2024-05-24_2024-06-22|2024-07-23_2024-08-21|2025-02-18_2025-03-19|2025-04-19_2025-05-18|2025-10-16_2025-11-14
0.1,2,FOMC|CPI y/y,Good|Neutral,1,0,1,0.0,100.0,0.0,2020-02-15_2020-03-15
0.2,2,FOMC|CPI y/y,Neutral|Bad,8,4,4,50.0,50.0,1.0,2018-01-26_2018-02-24|2021-06-09_2021-07-08|2021-07-09_2021-08-07|2022-06-04_2022-07-03|2022-07-04_2022-08-02|2022-09-02_2022-10-01|2023-01-30_2023-02-28|2024-01-25_2024-02-23
0.2,2,FOMC|CPI y/y,Neutral|Neutral,48,31,17,64.6,35.4,1.82,2018-02-25_2018-03-26|2018-04-26_2018-05-25|2018-05-26_2018-06-24|2018-07-25_2018-08-23|2018-09-23_2018-10-22|2018-10-23_2018-11-21|2018-11-22_2018-12-21|2019-01-21_2019-02-19|2019-02-20_2019-03-21|2019-04-21_2019-05-20|2019-05-21_2019-06-19|2019-07-20_2019-08-18|2019-09-18_2019-10-17|2019-10-18_2019-11-16|2019-11-17_2019-12-16|2020-01-16_2020-02-14|2020-04-15_2020-05-14|2020-05-15_2020-06-13|2020-07-14_2020-08-12|2020-10-12_2020-11-10|2021-01-10_2021-02-08|2021-04-10_2021-05-09|2021-09-07_2021-10-06|2021-10-07_2021-11-05|2021-12-06_2022-01-04|2022-01-05_2022-02-03|2022-03-06_2022-04-04|2022-04-05_2022-05-04|2023-03-01_2023-03-30|2023-04-30_2023-05-29|2023-05-30_2023-06-28|2023-06-29_2023-07-28|2023-08-28_2023-09-26|2023-10-27_2023-11-25|2023-11-26_2023-12-25|2024-02-24_2024-03-24|2024-04-24_2024-05-23|2024-05-24_2024-06-22|2024-07-23_2024-08-21|2024-08-22_2024-09-20|2024-10-21_2024-11-19|2024-11-20_2024-12-19|2025-01-19_2025-02-17|2025-02-18_2025-03-19|2025-04-19_2025-05-18|2025-06-18_2025-07-17|2025-07-18_2025-08-16|2025-10-16_2025-11-14
0.2,2,FOMC|CPI y/y,Good|Neutral,1,0,1,0.0,100.0,0.0,2020-02-15_2020-03-15
0.2,2,FOMC|CPI y/y,Neutral|Good,2,1,1,50.0,50.0,1.0,2022-11-01_2022-11-30|2022-12-01_2022-12-30
0.3,2,FOMC|CPI y/y,Neutral|Neutral,56,35,21,62.5,37.5,1.67,2018-01-26_2018-02-24|2018-02-25_2018-03-26|2018-04-26_2018-05-25|2018-05-26_2018-06-24|2018-07-25_2018-08-23|2018-09-23_2018-10-22|2018-10-23_2018-11-21|2018-11-22_2018-12-21|2019-01-21_2019-02-19|2019-02-20_2019-03-21|2019-04-21_2019-05-20|2019-05-21_2019-06-19|2019-07-20_2019-08-18|2019-09-18_2019-10-17|2019-10-18_2019-11-16|2019-11-17_2019-12-16|2020-01-16_2020-02-14|2020-04-15_2020-05-14|2020-05-15_2020-06-13|2020-07-14_2020-08-12|2020-10-12_2020-11-10|2021-01-10_2021-02-08|2021-04-10_2021-05-09|2021-06-09_2021-07-08|2021-09-07_2021-10-06|2021-10-07_2021-11-05|2021-12-06_2022-01-04|2022-01-05_2022-02-03|2022-03-06_2022-04-04|2022-04-05_2022-05-04|2022-06-04_2022-07-03|2022-09-02_2022-10-01|2022-11-01_2022-11-30|2022-12-01_2022-12-30|2023-01-30_2023-02-28|2023-03-01_2023-03-30|2023-04-30_2023-05-29|2023-05-30_2023-06-28|2023-06-29_2023-07-28|2023-08-28_2023-09-26|2023-10-27_2023-11-25|2023-11-26_2023-12-25|2024-01-25_2024-02-23|2024-02-24_2024-03-24|2024-04-24_2024-05-23|2024-05-24_2024-06-22|2024-07-23_2024-08-21|2024-08-22_2024-09-20|2024-10-21_2024-11-19|2024-11-20_2024-12-19|2025-01-19_2025-02-17|2025-02-18_2025-03-19|2025-04-19_2025-05-18|2025-06-18_2025-07-17|2025-07-18_2025-08-16|2025-10-16_2025-11-14
0.3,2,FOMC|CPI y/y,Good|Neutral,1,0,1,0.0,100.0,0.0,2020-02-15_2020-03-15
0.3,2,FOMC|CPI y/y,Neutral|Bad,2,1,1,50.0,50.0,1.0,2021-07-09_2021-08-07|2022-07-04_2022-08-02
