آستانه,تعداد_شاخص‌ها,لیست_شاخص‌ها,الگوی_وضعیت,تعداد_کل_وقوع,تعداد_ضررده,تعداد_سودده,درصد_ضررده,درصد_سودده,نسبت_شانس,ماه‌ها
0.0,1,CPI m/m,Neutral,32,21,11,65.6,34.4,1.91,2018-01|2018-03|2018-06|2018-08|2018-11|2019-01|2019-03|2019-06|2019-08|2019-09|2020-01|2020-10|2021-01|2021-02|2021-03|2021-08|2022-03|2022-04|2023-01|2023-02|2023-03|2023-08|2023-09|2024-03|2024-08|2024-09|2024-11|2024-12|2025-01|2025-07|2025-08|2026-01
0.0,1,CPI m/m,Bad,31,17,14,54.8,45.2,1.21,2018-02|2019-04|2019-07|2019-11|2019-12|2020-03|2020-07|2020-08|2020-09|2020-12|2021-04|2021-05|2021-06|2021-07|2021-10|2021-11|2021-12|2022-01|2022-02|2022-05|2022-06|2022-09|2022-10|2023-10|2023-12|2024-01|2024-02|2024-04|2024-10|2025-02|2025-09
0.0,1,CPI m/m,Good,30,20,10,66.7,33.3,2.0,2018-04|2018-05|2018-07|2018-09|2018-10|2019-02|2019-05|2019-10|2020-02|2020-04|2020-05|2020-06|2020-11|2021-09|2022-08|2022-11|2022-12|2023-04|2023-06|2023-07|2023-11|2024-05|2024-06|2024-07|2025-03|2025-04|2025-05|2025-06|2025-10|2026-02
0.1,1,CPI m/m,Neutral,63,38,25,60.3,39.7,1.52,2018-01|2018-03|2018-04|2018-05|2018-06|2018-07|2018-08|2018-09|2018-10|2018-11|2019-01|2019-02|2019-03|2019-06|2019-07|2019-08|2019-09|2019-10|2019-12|2020-01|2020-02|2020-03|2020-06|2020-07|2020-10|2020-11|2020-12|2021-01|2021-02|2021-03|2021-04|2021-08|2022-01|2022-03|2022-04|2022-05|2023-01|2023-02|2023-03|2023-04|2023-06|2023-07|2023-08|2023-09|2023-11|2023-12|2024-01|2024-02|2024-03|2024-06|2024-08|2024-09|2024-10|2024-11|2024-12|2025-01|2025-03|2025-05|2025-06|2025-07|2025-08|2026-01|2026-02
0.1,1,CPI m/m,Bad,19,12,7,63.2,36.8,1.71,2018-02|2019-04|2019-11|2020-08|2020-09|2021-05|2021-06|2021-07|2021-10|2021-11|2021-12|2022-02|2022-06|2022-09|2022-10|2023-10|2024-04|2025-02|2025-09
0.1,1,CPI m/m,Good,11,8,3,72.7,27.3,2.67,2019-05|2020-04|2020-05|2021-09|2022-08|2022-11|2022-12|2024-05|2024-07|2025-04|2025-10
0.2,1,CPI m/m,Neutral,88,53,35,60.2,39.8,1.51,2018-01|2018-02|2018-03|2018-04|2018-05|2018-06|2018-07|2018-08|2018-09|2018-10|2018-11|2019-01|2019-02|2019-03|2019-04|2019-05|2019-06|2019-07|2019-08|2019-09|2019-10|2019-11|2019-12|2020-01|2020-02|2020-03|2020-04|2020-05|2020-06|2020-07|2020-09|2020-10|2020-11|2020-12|2021-01|2021-02|2021-03|2021-04|2021-06|2021-08|2021-09|2021-10|2021-12|2022-01|2022-02|2022-03|2022-04|2022-05|2022-08|2022-09|2022-10|2022-11|2022-12|2023-01|2023-02|2023-03|2023-04|2023-06|2023-07|2023-08|2023-09|2023-10|2023-11|2023-12|2024-01|2024-02|2024-03|2024-04|2024-05|2024-06|2024-07|2024-08|2024-09|2024-10|2024-11|2024-12|2025-01|2025-02|2025-03|2025-04|2025-05|2025-06|2025-07|2025-08|2025-09|2025-10|2026-01|2026-02
0.2,1,CPI m/m,Bad,5,5,0,100.0,0.0,inf,2020-08|2021-05|2021-07|2021-11|2022-06
0.3,1,CPI m/m,Neutral,89,54,35,60.7,39.3,1.54,2018-01|2018-02|2018-03|2018-04|2018-05|2018-06|2018-07|2018-08|2018-09|2018-10|2018-11|2019-01|2019-02|2019-03|2019-04|2019-05|2019-06|2019-07|2019-08|2019-09|2019-10|2019-11|2019-12|2020-01|2020-02|2020-03|2020-04|2020-05|2020-06|2020-07|2020-08|2020-09|2020-10|2020-11|2020-12|2021-01|2021-02|2021-03|2021-04|2021-06|2021-08|2021-09|2021-10|2021-12|2022-01|2022-02|2022-03|2022-04|2022-05|2022-08|2022-09|2022-10|2022-11|2022-12|2023-01|2023-02|2023-03|2023-04|2023-06|2023-07|2023-08|2023-09|2023-10|2023-11|2023-12|2024-01|2024-02|2024-03|2024-04|2024-05|2024-06|2024-07|2024-08|2024-09|2024-10|2024-11|2024-12|2025-01|2025-02|2025-03|2025-04|2025-05|2025-06|2025-07|2025-08|2025-09|2025-10|2026-01|2026-02
0.3,1,CPI m/m,Bad,4,4,0,100.0,0.0,inf,2021-05|2021-07|2021-11|2022-06
0.0,1,Core CPI m/m,Bad,29,15,14,51.7,48.3,1.07,2018-01|2018-02|2018-06|2019-07|2019-08|2019-09|2020-07|2020-08|2020-09|2020-12|2021-04|2021-05|2021-06|2021-07|2021-11|2022-01|2022-02|2022-05|2022-06|2022-09|2022-10|2023-03|2023-09|2024-02|2024-03|2024-04|2024-09|2024-10|2025-02
0.0,1,Core CPI m/m,Neutral,31,18,13,58.1,41.9,1.38,2018-03|2018-04|2018-07|2018-08|2018-11|2019-01|2019-02|2019-11|2019-12|2020-02|2020-03|2020-10|2021-01|2021-10|2021-12|2022-03|2023-01|2023-02|2023-04|2023-06|2023-08|2023-10|2023-12|2024-01|2024-05|2024-08|2024-11|2024-12|2025-08|2025-09|2026-02
0.0,1,Core CPI m/m,Good,33,25,8,75.8,24.2,3.12,2018-05|2018-09|2018-10|2019-03|2019-04|2019-05|2019-06|2019-10|2020-01|2020-04|2020-05|2020-06|2020-11|2021-02|2021-03|2021-08|2021-09|2022-04|2022-08|2022-11|2022-12|2023-07|2023-11|2024-06|2024-07|2025-01|2025-03|2025-04|2025-05|2025-06|2025-07|2025-10|2026-01
0.1,1,Core CPI m/m,Neutral,69,41,28,59.4,40.6,1.46,2018-01|2018-02|2018-03|2018-04|2018-05|2018-06|2018-07|2018-08|2018-09|2018-10|2018-11|2019-01|2019-02|2019-03|2019-04|2019-05|2019-06|2019-07|2019-08|2019-09|2019-10|2019-11|2019-12|2020-01|2020-02|2020-03|2020-06|2020-07|2020-10|2020-12|2021-01|2021-03|2021-04|2021-10|2021-12|2022-01|2022-02|2022-03|2022-06|2022-12|2023-01|2023-02|2023-03|2023-04|2023-06|2023-07|2023-08|2023-09|2023-10|2023-11|2023-12|2024-01|2024-05|2024-06|2024-07|2024-08|2024-09|2024-10|2024-11|2024-12|2025-01|2025-03|2025-05|2025-07|2025-08|2025-09|2025-10|2026-01|2026-02
0.1,1,Core CPI m/m,Good,11,8,3,72.7,27.3,2.67,2020-04|2020-05|2020-11|2021-02|2021-08|2021-09|2022-04|2022-08|2022-11|2025-04|2025-06
0.1,1,Core CPI m/m,Bad,13,9,4,69.2,30.8,2.25,2020-08|2020-09|2021-05|2021-06|2021-07|2021-11|2022-05|2022-09|2022-10|2024-02|2024-03|2024-04|2025-02
0.2,1,Core CPI m/m,Neutral,89,54,35,60.7,39.3,1.54,2018-01|2018-02|2018-03|2018-04|2018-05|2018-06|2018-07|2018-08|2018-09|2018-10|2018-11|2019-01|2019-02|2019-03|2019-04|2019-05|2019-06|2019-07|2019-08|2019-09|2019-10|2019-11|2019-12|2020-01|2020-02|2020-03|2020-04|2020-05|2020-06|2020-07|2020-09|2020-10|2020-11|2020-12|2021-01|2021-02|2021-03|2021-04|2021-06|2021-08|2021-09|2021-10|2021-11|2021-12|2022-01|2022-02|2022-03|2022-04|2022-05|2022-06|2022-08|2022-10|2022-11|2022-12|2023-01|2023-02|2023-03|2023-04|2023-06|2023-07|2023-08|2023-09|2023-10|2023-11|2023-12|2024-01|2024-02|2024-03|2024-04|2024-05|2024-06|2024-07|2024-08|2024-09|2024-10|2024-11|2024-12|2025-01|2025-02|2025-03|2025-04|2025-05|2025-06|2025-07|2025-08|2025-09|2025-10|2026-01|2026-02
0.2,1,Core CPI m/m,Bad,4,4,0,100.0,0.0,inf,2020-08|2021-05|2021-07|2022-09
0.3,1,Core CPI m/m,Neutral,90,55,35,61.1,38.9,1.57,2018-01|2018-02|2018-03|2018-04|2018-05|2018-06|2018-07|2018-08|2018-09|2018-10|2018-11|2019-01|2019-02|2019-03|2019-04|2019-05|2019-06|2019-07|2019-08|2019-09|2019-10|2019-11|2019-12|2020-01|2020-02|2020-03|2020-04|2020-05|2020-06|2020-07|2020-09|2020-10|2020-11|2020-12|2021-01|2021-02|2021-03|2021-04|2021-06|2021-08|2021-09|2021-10|2021-11|2021-12|2022-01|2022-02|2022-03|2022-04|2022-05|2022-06|2022-08|2022-09|2022-10|2022-11|2022-12|2023-01|2023-02|2023-03|2023-04|2023-06|2023-07|2023-08|2023-09|2023-10|2023-11|2023-12|2024-01|2024-02|2024-03|2024-04|2024-05|2024-06|2024-07|2024-08|2024-09|2024-10|2024-11|2024-12|2025-01|2025-02|2025-03|2025-04|2025-05|2025-06|2025-07|2025-08|2025-09|2025-10|2026-01|2026-02
0.3,1,Core CPI m/m,Bad,3,3,0,100.0,0.0,inf,2020-08|2021-05|2021-07
0.0,1,PPI m/m,Good,37,24,13,64.9,35.1,1.85,2018-01|2018-05|2018-08|2018-09|2019-01|2019-02|2019-03|2019-10|2019-12|2020-01|2020-03|2020-05|2020-07|2021-01|2021-10|2022-01|2022-03|2022-08|2022-11|2023-01|2023-03|2023-04|2023-06|2023-07|2023-11|2024-01|2024-04|2024-06|2024-08|2024-10|2025-01|2025-03|2025-04|2025-05|2025-06|2025-07|2025-09
0.0,1,PPI m/m,Neutral,14,8,6,57.1,42.9,1.33,2018-02|2018-10|2019-05|2019-06|2019-07|2019-08|2020-12|2021-11|2022-05|2022-06|2022-09|2023-12|2024-11|2025-11
0.0,1,PPI m/m,Bad,42,25,17,59.5,40.5,1.47,2018-03|2018-04|2018-06|2018-07|2018-11|2019-04|2019-09|2019-11|2020-02|2020-04|2020-06|2020-08|2020-09|2020-10|2020-11|2021-02|2021-03|2021-04|2021-05|2021-06|2021-07|2021-08|2021-09|2021-12|2022-02|2022-04|2022-10|2022-12|2023-02|2023-08|2023-09|2023-10|2024-02|2024-03|2024-05|2024-07|2024-09|2024-12|2025-02|2025-08|2026-01|2026-02
0.1,1,PPI m/m,Good,27,16,11,59.3,40.7,1.45,2018-01|2018-08|2018-09|2019-02|2019-10|2019-12|2020-03|2020-05|2020-07|2021-01|2022-01|2022-03|2022-08|2022-11|2023-01|2023-03|2023-04|2023-06|2023-11|2024-01|2024-06|2025-01|2025-03|2025-04|2025-05|2025-07|2025-09
0.1,1,PPI m/m,Neutral,36,23,13,63.9,36.1,1.77,2018-02|2018-03|2018-05|2018-07|2018-10|2019-01|2019-03|2019-05|2019-06|2019-07|2019-08|2019-09|2020-01|2020-04|2020-09|2020-11|2020-12|2021-03|2021-09|2021-10|2021-11|2022-05|2022-06|2022-09|2022-12|2023-07|2023-08|2023-12|2024-04|2024-07|2024-08|2024-09|2024-10|2024-11|2025-06|2025-11
0.1,1,PPI m/m,Bad,30,18,12,60.0,40.0,1.5,2018-04|2018-06|2018-11|2019-04|2019-11|2020-02|2020-06|2020-08|2020-10|2021-02|2021-04|2021-05|2021-06|2021-07|2021-08|2021-12|2022-02|2022-04|2022-10|2023-02|2023-09|2023-10|2024-02|2024-03|2024-05|2024-12|2025-02|2025-08|2026-01|2026-02
0.2,1,PPI m/m,Good,16,9,7,56.2,43.8,1.29,2018-01|2018-09|2019-10|2020-03|2020-05|2020-07|2022-08|2023-01|2023-03|2023-04|2023-11|2024-06|2025-03|2025-04|2025-05|2025-09
0.2,1,PPI m/m,Neutral,59,37,22,62.7,37.3,1.68,2018-02|2018-03|2018-04|2018-05|2018-06|2018-07|2018-08|2018-10|2019-01|2019-02|2019-03|2019-05|2019-06|2019-07|2019-08|2019-09|2019-11|2019-12|2020-01|2020-04|2020-09|2020-10|2020-11|2020-12|2021-01|2021-03|2021-09|2021-10|2021-11|2022-01|2022-03|2022-05|2022-06|2022-09|2022-10|2022-11|2022-12|2023-06|2023-07|2023-08|2023-10|2023-12|2024-01|2024-02|2024-04|2024-05|2024-07|2024-08|2024-09|2024-10|2024-11|2024-12|2025-01|2025-02|2025-06|2025-07|2025-11|2026-01|2026-02
0.2,1,PPI m/m,Bad,18,11,7,61.1,38.9,1.57,2018-11|2019-04|2020-02|2020-06|2020-08|2021-02|2021-04|2021-05|2021-06|2021-07|2021-08|2021-12|2022-02|2022-04|2023-02|2023-09|2024-03|2025-08
0.3,1,PPI m/m,Good,15,8,7,53.3,46.7,1.14,2018-01|2018-09|2019-10|2020-03|2020-05|2020-07|2022-08|2023-01|2023-03|2023-04|2023-11|2024-06|2025-04|2025-05|2025-09
0.3,1,PPI m/m,Neutral,67,43,24,64.2,35.8,1.79,2018-02|2018-03|2018-04|2018-05|2018-06|2018-07|2018-08|2018-10|2019-01|2019-02|2019-03|2019-04|2019-05|2019-06|2019-07|2019-08|2019-09|2019-11|2019-12|2020-01|2020-04|2020-08|2020-09|2020-10|2020-11|2020-12|2021-01|2021-03|2021-05|2021-09|2021-10|2021-11|2022-01|2022-03|2022-04|2022-05|2022-06|2022-09|2022-10|2022-11|2022-12|2023-02|2023-06|2023-07|2023-08|2023-09|2023-10|2023-12|2024-01|2024-02|2024-03|2024-04|2024-05|2024-07|2024-08|2024-09|2024-10|2024-11|2024-12|2025-01|2025-02|2025-03|2025-06|2025-07|2025-11|2026-01|2026-02
0.3,1,PPI m/m,Bad,11,6,5,54.5,45.5,1.2,2018-11|2020-02|2020-06|2021-02|2021-04|2021-06|2021-07|2021-08|2021-12|2022-02|2025-08
0.0,1,Core PPI m/m,Good,38,23,15,60.5,39.5,1.53,2018-01|2018-08|2018-09|2019-01|2019-03|2019-05|2019-08|2019-10|2019-12|2020-01|2020-03|2020-05|2020-07|2020-11|2020-12|2021-10|2021-11|2022-03|2022-05|2022-06|2022-08|2022-11|2023-03|2023-04|2023-07|2023-11|2023-12|2024-01|2024-06|2024-08|2025-01|2025-03|2025-04|2025-05|2025-06|2025-07|2025-09|2025-11
0.0,1,Core PPI m/m,Bad,38,22,16,57.9,42.1,1.38,2018-02|2018-04|2018-06|2018-07|2018-11|2019-02|2019-04|2019-07|2019-09|2019-11|2020-02|2020-04|2020-08|2020-09|2020-10|2021-02|2021-04|2021-05|2021-06|2021-07|2021-08|2021-09|2021-12|2022-02|2022-04|2022-09|2022-12|2023-02|2023-08|2023-10|2024-02|2024-03|2024-05|2024-07|2024-09|2025-08|2026-01|2026-02
0.0,1,Core PPI m/m,Neutral,17,12,5,70.6,29.4,2.4,2018-03|2018-05|2018-10|2019-06|2020-06|2021-01|2021-03|2022-01|2022-10|2023-01|2023-06|2023-09|2024-04|2024-10|2024-11|2024-12|2025-02
0.1,1,Core PPI m/m,Good,28,17,11,60.7,39.3,1.55,2018-01|2018-09|2019-01|2019-08|2019-10|2019-12|2020-03|2020-05|2020-07|2021-10|2022-03|2022-05|2022-08|2022-11|2023-03|2023-04|2023-11|2023-12|2024-01|2024-06|2024-08|2025-01|2025-03|2025-04|2025-05|2025-06|2025-07|2025-09
0.1,1,Core PPI m/m,Bad,25,15,10,60.0,40.0,1.5,2018-02|2018-11|2020-02|2020-04|2020-08|2020-09|2020-10|2021-02|2021-04|2021-05|2021-06|2021-07|2021-08|2021-12|2022-02|2022-04|2022-09|2022-12|2023-02|2024-02|2024-05|2024-07|2025-08|2026-01|2026-02
0.1,1,Core PPI m/m,Neutral,40,25,15,62.5,37.5,1.67,2018-03|2018-04|2018-05|2018-06|2018-07|2018-08|2018-10|2019-02|2019-03|2019-04|2019-05|2019-06|2019-07|2019-09|2019-11|2020-01|2020-06|2020-11|2020-12|2021-01|2021-03|2021-09|2021-11|2022-01|2022-06|2022-10|2023-01|2023-06|2023-07|2023-08|2023-09|2023-10|2024-03|2024-04|2024-09|2024-10|2024-11|2024-12|2025-02|2025-11
0.2,1,Core PPI m/m,Good,19,11,8,57.9,42.1,1.38,2018-01|2018-09|2019-01|2019-08|2019-10|2019-12|2020-03|2020-07|2021-10|2022-03|2022-11|2023-03|2023-04|2023-11|2024-06|2025-03|2025-04|2025-05|2025-09
0.2,1,Core PPI m/m,Neutral,59,37,22,62.7,37.3,1.68,2018-02|2018-03|2018-04|2018-05|2018-06|2018-07|2018-08|2018-10|2019-02|2019-03|2019-04|2019-05|2019-06|2019-07|2019-09|2019-11|2020-01|2020-04|2020-05|2020-06|2020-09|2020-10|2020-11|2020-12|2021-01|2021-03|2021-06|2021-09|2021-11|2022-01|2022-05|2022-06|2022-08|2022-09|2022-10|2022-12|2023-01|2023-02|2023-06|2023-07|2023-08|2023-09|2023-10|2023-12|2024-01|2024-03|2024-04|2024-07|2024-08|2024-09|2024-10|2024-11|2024-12|2025-01|2025-02|2025-06|2025-07|2025-11|2026-01
0.2,1,Core PPI m/m,Bad,15,9,6,60.0,40.0,1.5,2018-11|2020-02|2020-08|2021-02|2021-04|2021-05|2021-07|2021-08|2021-12|2022-02|2022-04|2024-02|2024-05|2025-08|2026-02
0.3,1,Core PPI m/m,Good,15,10,5,66.7,33.3,2.0,2018-01|2018-09|2019-01|2019-08|2019-10|2019-12|2020-03|2020-07|2022-03|2023-03|2023-04|2025-03|2025-04|2025-05|2025-09
0.3,1,Core PPI m/m,Neutral,68,40,28,58.8,41.2,1.43,2018-02|2018-03|2018-04|2018-05|2018-06|2018-07|2018-08|2018-10|2018-11|2019-02|2019-03|2019-04|2019-05|2019-06|2019-07|2019-09|2019-11|2020-01|2020-02|2020-04|2020-05|2020-06|2020-09|2020-10|2020-11|2020-12|2021-01|2021-03|2021-05|2021-06|2021-09|2021-10|2021-11|2021-12|2022-01|2022-05|2022-06|2022-08|2022-09|2022-10|2022-11|2022-12|2023-01|2023-02|2023-06|2023-07|2023-08|2023-09|2023-10|2023-11|2023-12|2024-01|2024-03|2024-04|2024-05|2024-06|2024-07|2024-08|2024-09|2024-10|2024-11|2024-12|2025-01|2025-02|2025-06|2025-07|2025-11|2026-01
0.3,1,Core PPI m/m,Bad,10,7,3,70.0,30.0,2.33,2020-08|2021-02|2021-04|2021-07|2021-08|2022-02|2022-04|2024-02|2025-08|2026-02
0.0,1,FOMC,Neutral,11,6,5,54.5,45.5,1.2,2023-03|2023-06|2023-07|2023-09|2023-11|2023-12|2024-06|2024-07|2024-11|2024-12|2025-01
0.0,1,FOMC,Good,1,1,0,100.0,0.0,inf,2024-09
0.1,1,FOMC,Neutral,11,6,5,54.5,45.5,1.2,2023-03|2023-06|2023-07|2023-09|2023-11|2023-12|2024-06|2024-07|2024-11|2024-12|2025-01
0.1,1,FOMC,Good,1,1,0,100.0,0.0,inf,2024-09
0.2,1,FOMC,Neutral,11,6,5,54.5,45.5,1.2,2023-03|2023-06|2023-07|2023-09|2023-11|2023-12|2024-06|2024-07|2024-11|2024-12|2025-01
0.2,1,FOMC,Good,1,1,0,100.0,0.0,inf,2024-09
0.3,1,FOMC,Neutral,12,7,5,58.3,41.7,1.4,2023-03|2023-06|2023-07|2023-09|2023-11|2023-12|2024-06|2024-07|2024-09|2024-11|2024-12|2025-01
0.0,1,CPI y/y,Neutral,31,17,14,54.8,45.2,1.21,2018-01|2018-03|2018-04|2018-05|2018-06|2018-07|2018-08|2018-11|2019-01|2019-07|2020-01|2020-07|2020-10|2020-12|2021-01|2021-02|2021-03|2021-09|2021-12|2022-01|2022-03|2023-01|2023-03|2023-12|2024-05|2024-09|2024-11|2024-12|2025-01|2025-09|2026-01
0.0,1,CPI y/y,Bad,33,22,11,66.7,33.3,2.0,2018-02|2019-02|2019-04|2019-08|2019-11|2019-12|2020-02|2020-03|2020-08|2020-09|2021-04|2021-05|2021-06|2021-07|2021-08|2021-10|2021-11|2022-02|2022-04|2022-05|2022-06|2022-09|2022-10|2023-02|2023-09|2023-10|2024-01|2024-02|2024-03|2024-04|2024-10|2025-02|2025-07
0.0,1,CPI y/y,Good,30,20,10,66.7,33.3,2.0,2018-09|2018-10|2019-03|2019-05|2019-06|2019-09|2019-10|2020-04|2020-05|2020-06|2020-11|2022-08|2022-11|2022-12|2023-04|2023-06|2023-07|2023-08|2023-11|2024-06|2024-07|2024-08|2025-03|2025-04|2025-05|2025-06|2025-08|2025-10|2025-12|2026-02
0.1,1,CPI y/y,Neutral,42,23,19,54.8,45.2,1.21,2018-01|2018-03|2018-04|2018-05|2018-06|2018-07|2018-08|2018-09|2018-11|2019-01|2019-04|2019-06|2019-07|2020-01|2020-03|2020-07|2020-10|2020-12|2021-01|2021-02|2021-03|2021-09|2021-12|2022-01|2022-03|2022-04|2022-10|2023-01|2023-03|2023-04|2023-06|2023-08|2023-11|2023-12|2024-05|2024-09|2024-11|2024-12|2025-01|2025-08|2025-09|2026-01
0.1,1,CPI y/y,Bad,29,20,9,69.0,31.0,2.22,2018-02|2019-02|2019-08|2019-11|2019-12|2020-02|2020-08|2020-09|2021-04|2021-05|2021-06|2021-07|2021-08|2021-10|2021-11|2022-02|2022-05|2022-06|2022-09|2023-02|2023-09|2023-10|2024-01|2024-02|2024-03|2024-04|2024-10|2025-02|2025-07
0.1,1,CPI y/y,Good,23,16,7,69.6,30.4,2.29,2018-10|2019-03|2019-05|2019-09|2019-10|2020-04|2020-05|2020-06|2020-11|2022-08|2022-11|2022-12|2023-07|2024-06|2024-07|2024-08|2025-03|2025-04|2025-05|2025-06|2025-10|2025-12|2026-02
0.2,1,CPI y/y,Neutral,79,48,31,60.8,39.2,1.55,2018-01|2018-03|2018-04|2018-05|2018-06|2018-07|2018-08|2018-09|2018-10|2018-11|2019-01|2019-02|2019-03|2019-04|2019-05|2019-06|2019-07|2019-08|2019-09|2019-10|2019-11|2019-12|2020-01|2020-02|2020-03|2020-04|2020-05|2020-06|2020-07|2020-09|2020-10|2020-11|2020-12|2021-01|2021-02|2021-03|2021-04|2021-08|2021-09|2021-10|2021-12|2022-01|2022-03|2022-04|2022-08|2022-10|2023-01|2023-03|2023-04|2023-06|2023-07|2023-08|2023-09|2023-10|2023-11|2023-12|2024-01|2024-03|2024-04|2024-05|2024-06|2024-07|2024-08|2024-09|2024-10|2024-11|2024-12|2025-01|2025-02|2025-03|2025-04|2025-05|2025-06|2025-07|2025-08|2025-09|2025-10|2026-01|2026-02
0.2,1,CPI y/y,Bad,12,9,3,75.0,25.0,3.0,2018-02|2020-08|2021-05|2021-06|2021-07|2021-11|2022-02|2022-05|2022-06|2022-09|2023-02|2024-02
0.2,1,CPI y/y,Good,3,2,1,66.7,33.3,2.0,2022-11|2022-12|2025-12
0.3,1,CPI y/y,Neutral,90,55,35,61.1,38.9,1.57,2018-01|2018-02|2018-03|2018-04|2018-05|2018-06|2018-07|2018-08|2018-09|2018-10|2018-11|2019-01|2019-02|2019-03|2019-04|2019-05|2019-06|2019-07|2019-08|2019-09|2019-10|2019-11|2019-12|2020-01|2020-02|2020-03|2020-04|2020-05|2020-06|2020-07|2020-09|2020-10|2020-11|2020-12|2021-01|2021-02|2021-03|2021-04|2021-06|2021-08|2021-09|2021-10|2021-11|2021-12|2022-01|2022-02|2022-03|2022-04|2022-05|2022-06|2022-08|2022-09|2022-10|2022-11|2022-12|2023-01|2023-02|2023-03|2023-04|2023-06|2023-07|2023-08|2023-09|2023-10|2023-11|2023-12|2024-01|2024-02|2024-03|2024-04|2024-05|2024-06|2024-07|2024-08|2024-09|2024-10|2024-11|2024-12|2025-01|2025-02|2025-03|2025-04|2025-05|2025-06|2025-07|2025-08|2025-09|2025-10|2026-01|2026-02
0.3,1,CPI y/y,Bad,3,3,0,100.0,0.0,inf,2020-08|2021-05|2021-07
0.3,1,CPI y/y,Good,1,1,0,100.0,0.0,inf,2025-12
0.0,2,CPI m/m|Core CPI m/m,Neutral|Bad,8,3,5,37.5,62.5,0.6,2018-01|2018-06|2019-08|2019-09|2023-03|2023-09|2024-03|2024-09
0.0,2,CPI m/m|Core CPI m/m,Bad|Bad,21,12,9,57.1,42.9,1.33,2018-02|2019-07|2020-07|2020-08|2020-09|2020-12|2021-04|2021-05|2021-06|2021-07|2021-11|2022-01|2022-02|2022-05|2022-06|2022-09|2022-10|2024-02|2024-04|2024-10|2025-02
0.0,2,CPI m/m|Core CPI m/m,Neutral|Neutral,14,9,5,64.3,35.7,1.8,2018-03|2018-08|2018-11|2019-01|2020-10|2021-01|2022-03|2023-01|2023-02|2023-08|2024-08|2024-11|2024-12|2025-08
0.0,2,CPI m/m|Core CPI m/m,Good|Neutral,8,4,4,50.0,50.0,1.0,2018-04|2018-07|2019-02|2020-02|2023-04|2023-06|2024-05|2026-02
0.0,2,CPI m/m|Core CPI m/m,Good|Good,22,16,6,72.7,27.3,2.67,2018-05|2018-09|2018-10|2019-05|2019-10|2020-04|2020-05|2020-06|2020-11|2021-09|2022-08|2022-11|2022-12|2023-07|2023-11|2024-06|2024-07|2025-03|2025-04|2025-05|2025-06|2025-10
0.0,2,CPI m/m|Core CPI m/m,Neutral|Good,10,9,1,90.0,10.0,9.0,2019-03|2019-06|2020-01|2021-02|2021-03|2021-08|2022-04|2025-01|2025-07|2026-01
0.0,2,CPI m/m|Core CPI m/m,Bad|Good,1,0,1,0.0,100.0,0.0,2019-04
0.0,2,CPI m/m|Core CPI m/m,Bad|Neutral,9,5,4,55.6,44.4,1.25,2019-11|2019-12|2020-03|2021-10|2021-12|2023-10|2023-12|2024-01|2025-09
0.1,2,CPI m/m|Core CPI m/m,Neutral|Neutral,55,33,22,60.0,40.0,1.5,2018-01|2018-03|2018-04|2018-05|2018-06|2018-07|2018-08|2018-09|2018-10|2018-11|2019-01|2019-02|2019-03|2019-06|2019-07|2019-08|2019-09|2019-10|2019-12|2020-01|2020-02|2020-03|2020-06|2020-07|2020-10|2020-12|2021-01|2021-03|2021-04|2022-01|2022-03|2023-01|2023-02|2023-03|2023-04|2023-06|2023-07|2023-08|2023-09|2023-11|2023-12|2024-01|2024-06|2024-08|2024-09|2024-10|2024-11|2024-12|2025-01|2025-03|2025-05|2025-07|2025-08|2026-01|2026-02
0.1,2,CPI m/m|Core CPI m/m,Bad|Neutral,9,4,5,44.4,55.6,0.8,2018-02|2019-04|2019-11|2021-10|2021-12|2022-02|2022-06|2023-10|2025-09
0.1,2,CPI m/m|Core CPI m/m,Good|Neutral,5,4,1,80.0,20.0,4.0,2019-05|2022-12|2024-05|2024-07|2025-10
0.1,2,CPI m/m|Core CPI m/m,Good|Good,6,4,2,66.7,33.3,2.0,2020-04|2020-05|2021-09|2022-08|2022-11|2025-04
0.1,2,CPI m/m|Core CPI m/m,Bad|Bad,10,8,2,80.0,20.0,4.0,2020-08|2020-09|2021-05|2021-06|2021-07|2021-11|2022-09|2022-10|2024-04|2025-02
0.1,2,CPI m/m|Core CPI m/m,Neutral|Good,5,4,1,80.0,20.0,4.0,2020-11|2021-02|2021-08|2022-04|2025-06
0.1,2,CPI m/m|Core CPI m/m,Neutral|Bad,3,1,2,33.3,66.7,0.5,2022-05|2024-02|2024-03
0.2,2,CPI m/m|Core CPI m/m,Neutral|Neutral,87,52,35,59.8,40.2,1.49,2018-01|2018-02|2018-03|2018-04|2018-05|2018-06|2018-07|2018-08|2018-09|2018-10|2018-11|2019-01|2019-02|2019-03|2019-04|2019-05|2019-06|2019-07|2019-08|2019-09|2019-10|2019-11|2019-12|2020-01|2020-02|2020-03|2020-04|2020-05|2020-06|2020-07|2020-09|2020-10|2020-11|2020-12|2021-01|2021-02|2021-03|2021-04|2021-06|2021-08|2021-09|2021-10|2021-12|2022-01|2022-02|2022-03|2022-04|2022-05|2022-08|2022-10|2022-11|2022-12|2023-01|2023-02|2023-03|2023-04|2023-06|2023-07|2023-08|2023-09|2023-10|2023-11|2023-12|2024-01|2024-02|2024-03|2024-04|2024-05|2024-06|2024-07|2024-08|2024-09|2024-10|2024-11|2024-12|2025-01|2025-02|2025-03|2025-04|2025-05|2025-06|2025-07|2025-08|2025-09|2025-10|2026-01|2026-02
0.2,2,CPI m/m|Core CPI m/m,Bad|Bad,3,3,0,100.0,0.0,inf,2020-08|2021-05|2021-07
0.2,2,CPI m/m|Core CPI m/m,Bad|Neutral,2,2,0,100.0,0.0,inf,2021-11|2022-06
0.2,2,CPI m/m|Core CPI m/m,Neutral|Bad,1,1,0,100.0,0.0,inf,2022-09
0.3,2,CPI m/m|Core CPI m/m,Neutral|Neutral,88,53,35,60.2,39.8,1.51,2018-01|2018-02|2018-03|2018-04|2018-05|2018-06|2018-07|2018-08|2018-09|2018-10|2018-11|2019-01|2019-02|2019-03|2019-04|2019-05|2019-06|2019-07|2019-08|2019-09|2019-10|2019-11|2019-12|2020-01|2020-02|2020-03|2020-04|2020-05|2020-06|2020-07|2020-09|2020-10|2020-11|2020-12|2021-01|2021-02|2021-03|2021-04|2021-06|2021-08|2021-09|2021-10|2021-12|2022-01|2022-02|2022-03|2022-04|2022-05|2022-08|2022-09|2022-10|2022-11|2022-12|2023-01|2023-02|2023-03|2023-04|2023-06|2023-07|2023-08|2023-09|2023-10|2023-11|2023-12|2024-01|2024-02|2024-03|2024-04|2024-05|2024-06|2024-07|2024-08|2024-09|2024-10|2024-11|2024-12|2025-01|2025-02|2025-03|2025-04|2025-05|2025-06|2025-07|2025-08|2025-09|2025-10|2026-01|2026-02
0.3,2,CPI m/m|Core CPI m/m,Neutral|Bad,1,1,0,100.0,0.0,inf,2020-08
0.3,2,CPI m/m|Core CPI m/m,Bad|Bad,2,2,0,100.0,0.0,inf,2021-05|2021-07
0.3,2,CPI m/m|Core CPI m/m,Bad|Neutral,2,2,0,100.0,0.0,inf,2021-11|2022-06
0.0,2,CPI m/m|PPI m/m,Neutral|Good,12,9,3,75.0,25.0,3.0,2018-01|2018-08|2019-01|2019-03|2020-01|2021-01|2022-03|2023-01|2023-03|2024-08|2025-01|2025-07
0.0,2,CPI m/m|PPI m/m,Bad|Neutral,8,4,4,50.0,50.0,1.0,2018-02|2019-07|2020-12|2021-11|2022-05|2022-06|2022-09|2023-12
0.0,2,CPI m/m|PPI m/m,Neutral|Bad,17,9,8,52.9,47.1,1.13,2018-03|2018-06|2018-11|2019-09|2020-10|2021-02|2021-03|2021-08|2022-04|2023-02|2023-08|2023-09|2024-03|2024-09|2024-12|2025-08|2026-01
0.0,2,CPI m/m|PPI m/m,Good|Bad,11,7,4,63.6,36.4,1.75,2018-04|2018-07|2020-02|2020-04|2020-06|2020-11|2021-09|2022-12|2024-05|2024-07|2026-02
0.0,2,CPI m/m|PPI m/m,Good|Good,16,11,5,68.8,31.2,2.2,2018-05|2018-09|2019-02|2019-10|2020-05|2022-08|2022-11|2023-04|2023-06|2023-07|2023-11|2024-06|2025-03|2025-04|2025-05|2025-06
0.0,2,CPI m/m|PPI m/m,Good|Neutral,2,1,1,50.0,50.0,1.0,2018-10|2019-05
0.0,2,CPI m/m|PPI m/m,Bad|Bad,14,9,5,64.3,35.7,1.8,2019-04|2019-11|2020-08|2020-09|2021-04|2021-05|2021-06|2021-07|2021-12|2022-02|2022-10|2023-10|2024-02|2025-02
0.0,2,CPI m/m|PPI m/m,Neutral|Neutral,3,3,0,100.0,0.0,inf,2019-06|2019-08|2024-11
0.0,2,CPI m/m|PPI m/m,Bad|Good,9,4,5,44.4,55.6,0.8,2019-12|2020-03|2020-07|2021-10|2022-01|2024-01|2024-04|2024-10|2025-09
0.1,2,CPI m/m|PPI m/m,Neutral|Good,22,13,9,59.1,40.9,1.44,2018-01|2018-08|2018-09|2019-02|2019-10|2019-12|2020-03|2020-07|2021-01|2022-01|2022-03|2023-01|2023-03|2023-04|2023-06|2023-11|2024-01|2024-06|2025-01|2025-03|2025-05|2025-07
0.1,2,CPI m/m|PPI m/m,Bad|Neutral,7,3,4,42.9,57.1,0.75,2018-02|2020-09|2021-10|2021-11|2022-06|2022-09|2024-04
0.1,2,CPI m/m|PPI m/m,Neutral|Neutral,23,16,7,69.6,30.4,2.29,2018-03|2018-05|2018-07|2018-10|2019-01|2019-03|2019-06|2019-07|2019-08|2019-09|2020-01|2020-11|2020-12|2021-03|2022-05|2023-07|2023-08|2023-12|2024-08|2024-09|2024-10|2024-11|2025-06
0.1,2,CPI m/m|PPI m/m,Neutral|Bad,18,9,9,50.0,50.0,1.0,2018-04|2018-06|2018-11|2020-02|2020-06|2020-10|2021-02|2021-04|2021-08|2022-04|2023-02|2023-09|2024-02|2024-03|2024-12|2025-08|2026-01|2026-02
0.1,2,CPI m/m|PPI m/m,Bad|Bad,11,8,3,72.7,27.3,2.67,2019-04|2019-11|2020-08|2021-05|2021-06|2021-07|2021-12|2022-02|2022-10|2023-10|2025-02
0.1,2,CPI m/m|PPI m/m,Good|Neutral,5,4,1,80.0,20.0,4.0,2019-05|2020-04|2021-09|2022-12|2024-07
0.1,2,CPI m/m|PPI m/m,Good|Good,4,2,2,50.0,50.0,1.0,2020-05|2022-08|2022-11|2025-04
0.1,2,CPI m/m|PPI m/m,Good|Bad,1,1,0,100.0,0.0,inf,2024-05
0.1,2,CPI m/m|PPI m/m,Bad|Good,1,1,0,100.0,0.0,inf,2025-09
0.2,2,CPI m/m|PPI m/m,Neutral|Good,16,9,7,56.2,43.8,1.29,2018-01|2018-09|2019-10|2020-03|2020-05|2020-07|2022-08|2023-01|2023-03|2023-04|2023-11|2024-06|2025-03|2025-04|2025-05|2025-09
0.2,2,CPI m/m|PPI m/m,Neutral|Neutral,56,35,21,62.5,37.5,1.67,2018-02|2018-03|2018-04|2018-05|2018-06|2018-07|2018-08|2018-10|2019-01|2019-02|2019-03|2019-05|2019-06|2019-07|2019-08|2019-09|2019-11|2019-12|2020-01|2020-04|2020-09|2020-10|2020-11|2020-12|2021-01|2021-03|2021-09|2021-10|2022-01|2022-03|2022-05|2022-09|2022-10|2022-11|2022-12|2023-06|2023-07|2023-08|2023-10|2023-12|2024-01|2024-02|2024-04|2024-05|2024-07|2024-08|2024-09|2024-10|2024-11|2024-12|2025-01|2025-02|2025-06|2025-07|2026-01|2026-02
0.2,2,CPI m/m|PPI m/m,Neutral|Bad,15,8,7,53.3,46.7,1.14,2018-11|2019-04|2020-02|2020-06|2021-02|2021-04|2021-06|2021-08|2021-12|2022-02|2022-04|2023-02|2023-09|2024-03|2025-08
0.2,2,CPI m/m|PPI m/m,Bad|Bad,3,3,0,100.0,0.0,inf,2020-08|2021-05|2021-07
0.2,2,CPI m/m|PPI m/m,Bad|Neutral,2,2,0,100.0,0.0,inf,2021-11|2022-06
0.3,2,CPI m/m|PPI m/m,Neutral|Good,15,8,7,53.3,46.7,1.14,2018-01|2018-09|2019-10|2020-03|2020-05|2020-07|2022-08|2023-01|2023-03|2023-04|2023-11|2024-06|2025-04|2025-05|2025-09
0.3,2,CPI m/m|PPI m/m,Neutral|Neutral,63,40,23,63.5,36.5,1.74,2018-02|2018-03|2018-04|2018-05|2018-06|2018-07|2018-08|2018-10|2019-01|2019-02|2019-03|2019-04|2019-05|2019-06|2019-07|2019-08|2019-09|2019-11|2019-12|2020-01|2020-04|2020-08|2020-09|2020-10|2020-11|2020-12|2021-01|2021-03|2021-09|2021-10|2022-01|2022-03|2022-04|2022-05|2022-09|2022-10|2022-11|2022-12|2023-02|2023-06|2023-07|2023-08|2023-09|2023-10|2023-12|2024-01|2024-02|2024-03|2024-04|2024-05|2024-07|2024-08|2024-09|2024-10|2024-11|2024-12|2025-01|2025-02|2025-03|2025-06|2025-07|2026-01|2026-02
0.3,2,CPI m/m|PPI m/m,Neutral|Bad,10,5,5,50.0,50.0,1.0,2018-11|2020-02|2020-06|2021-02|2021-04|2021-06|2021-08|2021-12|2022-02|2025-08
0.3,2,CPI m/m|PPI m/m,Bad|Neutral,3,3,0,100.0,0.0,inf,2021-05|2021-11|2022-06
0.3,2,CPI m/m|PPI m/m,Bad|Bad,1,1,0,100.0,0.0,inf,2021-07
0.0,2,CPI m/m|Core PPI m/m,Neutral|Good,11,9,2,81.8,18.2,4.5,2018-01|2018-08|2019-01|2019-03|2019-08|2020-01|2022-03|2023-03|2024-08|2025-01|2025-07
0.0,2,CPI m/m|Core PPI m/m,Bad|Bad,15,9,6,60.0,40.0,1.5,2018-02|2019-04|2019-07|2019-11|2020-08|2020-09|2021-04|2021-05|2021-06|2021-07|2021-12|2022-02|2022-09|2023-10|2024-02
0.0,2,CPI m/m|Core PPI m/m,Neutral|Neutral,8,6,2,75.0,25.0,3.0,2018-03|2019-06|2021-01|2021-03|2023-01|2023-09|2024-11|2024-12
0.0,2,CPI m/m|Core PPI m/m,Good|Bad,10,7,3,70.0,30.0,2.33,2018-04|2018-07|2019-02|2020-02|2020-04|2021-09|2022-12|2024-05|2024-07|2026-02
0.0,2,CPI m/m|Core PPI m/m,Good|Neutral,4,3,1,75.0,25.0,3.0,2018-05|2018-10|2020-06|2023-06
0.0,2,CPI m/m|Core PPI m/m,Neutral|Bad,13,6,7,46.2,53.8,0.86,2018-06|2018-11|2019-09|2020-10|2021-02|2021-08|2022-04|2023-02|2023-08|2024-03|2024-09|2025-08|2026-01
0.0,2,CPI m/m|Core PPI m/m,Good|Good,15,9,6,60.0,40.0,1.5,2018-09|2019-05|2019-10|2020-05|2020-11|2022-08|2022-11|2023-04|2023-07|2023-11|2024-06|2025-03|2025-04|2025-05|2025-06
0.0,2,CPI m/m|Core PPI m/m,Bad|Good,11,5,6,45.5,54.5,0.83,2019-12|2020-03|2020-07|2020-12|2021-10|2021-11|2022-05|2022-06|2023-12|2024-01|2025-09
0.0,2,CPI m/m|Core PPI m/m,Bad|Neutral,5,3,2,60.0,40.0,1.5,2022-01|2022-10|2024-04|2024-10|2025-02
0.1,2,CPI m/m|Core PPI m/m,Neutral|Good,22,14,8,63.6,36.4,1.75,2018-01|2018-09|2019-01|2019-08|2019-10|2019-12|2020-03|2020-07|2022-03|2022-05|2023-03|2023-04|2023-11|2023-12|2024-01|2024-06|2024-08|2025-01|2025-03|2025-05|2025-06|2025-07
0.1,2,CPI m/m|Core PPI m/m,Bad|Bad,9,5,4,55.6,44.4,1.25,2018-02|2020-08|2020-09|2021-05|2021-06|2021-07|2021-12|2022-02|2022-09
0.1,2,CPI m/m|Core PPI m/m,Neutral|Neutral,29,18,11,62.1,37.9,1.64,2018-03|2018-04|2018-05|2018-06|2018-07|2018-08|2018-10|2019-02|2019-03|2019-06|2019-07|2019-09|2020-01|2020-06|2020-11|2020-12|2021-01|2021-03|2022-01|2023-01|2023-06|2023-07|2023-08|2023-09|2024-03|2024-09|2024-10|2024-11|2024-12
0.1,2,CPI m/m|Core PPI m/m,Neutral|Bad,12,6,6,50.0,50.0,1.0,2018-11|2020-02|2020-10|2021-02|2021-04|2021-08|2022-04|2023-02|2024-02|2025-08|2026-01|2026-02
0.1,2,CPI m/m|Core PPI m/m,Bad|Neutral,8,6,2,75.0,25.0,3.0,2019-04|2019-11|2021-11|2022-06|2022-10|2023-10|2024-04|2025-02
0.1,2,CPI m/m|Core PPI m/m,Good|Neutral,2,1,1,50.0,50.0,1.0,2019-05|2021-09
0.1,2,CPI m/m|Core PPI m/m,Good|Bad,4,4,0,100.0,0.0,inf,2020-04|2022-12|2024-05|2024-07
0.1,2,CPI m/m|Core PPI m/m,Good|Good,4,2,2,50.0,50.0,1.0,2020-05|2022-08|2022-11|2025-04
0.1,2,CPI m/m|Core PPI m/m,Bad|Good,2,1,1,50.0,50.0,1.0,2021-10|2025-09
0.2,2,CPI m/m|Core PPI m/m,Neutral|Good,19,11,8,57.9,42.1,1.38,2018-01|2018-09|2019-01|2019-08|2019-10|2019-12|2020-03|2020-07|2021-10|2022-03|2022-11|2023-03|2023-04|2023-11|2024-06|2025-03|2025-04|2025-05|2025-09
0.2,2,CPI m/m|Core PPI m/m,Neutral|Neutral,56,35,21,62.5,37.5,1.67,2018-02|2018-03|2018-04|2018-05|2018-06|2018-07|2018-08|2018-10|2019-02|2019-03|2019-04|2019-05|2019-06|2019-07|2019-09|2019-11|2020-01|2020-04|2020-05|2020-06|2020-09|2020-10|2020-11|2020-12|2021-01|2021-03|2021-06|2021-09|2022-01|2022-05|2022-08|2022-09|2022-10|2022-12|2023-01|2023-02|2023-06|2023-07|2023-08|2023-09|2023-10|2023-12|2024-01|2024-03|2024-04|2024-07|2024-08|2024-09|2024-10|2024-11|2024-12|2025-01|2025-02|2025-06|2025-07|2026-01
0.2,2,CPI m/m|Core PPI m/m,Neutral|Bad,12,6,6,50.0,50.0,1.0,2018-11|2020-02|2021-02|2021-04|2021-08|2021-12|2022-02|2022-04|2024-02|2024-05|2025-08|2026-02
0.2,2,CPI m/m|Core PPI m/m,Bad|Bad,3,3,0,100.0,0.0,inf,2020-08|2021-05|2021-07
0.2,2,CPI m/m|Core PPI m/m,Bad|Neutral,2,2,0,100.0,0.0,inf,2021-11|2022-06
0.3,2,CPI m/m|Core PPI m/m,Neutral|Good,15,10,5,66.7,33.3,2.0,2018-01|2018-09|2019-01|2019-08|2019-10|2019-12|2020-03|2020-07|2022-03|2023-03|2023-04|2025-03|2025-04|2025-05|2025-09
0.3,2,CPI m/m|Core PPI m/m,Neutral|Neutral,64,37,27,57.8,42.2,1.37,2018-02|2018-03|2018-04|2018-05|2018-06|2018-07|2018-08|2018-10|2018-11|2019-02|2019-03|2019-04|2019-05|2019-06|2019-07|2019-09|2019-11|2020-01|2020-02|2020-04|2020-05|2020-06|2020-09|2020-10|2020-11|2020-12|2021-01|2021-03|2021-06|2021-09|2021-10|2021-12|2022-01|2022-05|2022-08|2022-09|2022-10|2022-11|2022-12|2023-01|2023-02|2023-06|2023-07|2023-08|2023-09|2023-10|2023-11|2023-12|2024-01|2024-03|2024-04|2024-05|2024-06|2024-07|2024-08|2024-09|2024-10|2024-11|2024-12|2025-01|2025-02|2025-06|2025-07|2026-01
0.3,2,CPI m/m|Core PPI m/m,Neutral|Bad,9,6,3,66.7,33.3,2.0,2020-08|2021-02|2021-04|2021-08|2022-02|2022-04|2024-02|2025-08|2026-02
0.3,2,CPI m/m|Core PPI m/m,Bad|Neutral,3,3,0,100.0,0.0,inf,2021-05|2021-11|2022-06
0.3,2,CPI m/m|Core PPI m/m,Bad|Bad,1,1,0,100.0,0.0,inf,2021-07
0.0,2,CPI m/m|FOMC,Neutral|Neutral,5,3,2,60.0,40.0,1.5,2023-03|2023-09|2024-11|2024-12|2025-01
0.0,2,CPI m/m|FOMC,Good|Neutral,5,3,2,60.0,40.0,1.5,2023-06|2023-07|2023-11|2024-06|2024-07
0.0,2,CPI m/m|FOMC,Bad|Neutral,1,0,1,0.0,100.0,0.0,2023-12
0.0,2,CPI m/m|FOMC,Neutral|Good,1,1,0,100.0,0.0,inf,2024-09
0.1,2,CPI m/m|FOMC,Neutral|Neutral,10,5,5,50.0,50.0,1.0,2023-03|2023-06|2023-07|2023-09|2023-11|2023-12|2024-06|2024-11|2024-12|2025-01
0.1,2,CPI m/m|FOMC,Good|Neutral,1,1,0,100.0,0.0,inf,2024-07
0.1,2,CPI m/m|FOMC,Neutral|Good,1,1,0,100.0,0.0,inf,2024-09
0.2,2,CPI m/m|FOMC,Neutral|Neutral,11,6,5,54.5,45.5,1.2,2023-03|2023-06|2023-07|2023-09|2023-11|2023-12|2024-06|2024-07|2024-11|2024-12|2025-01
0.2,2,CPI m/m|FOMC,Neutral|Good,1,1,0,100.0,0.0,inf,2024-09
0.3,2,CPI m/m|FOMC,Neutral|Neutral,12,7,5,58.3,41.7,1.4,2023-03|2023-06|2023-07|2023-09|2023-11|2023-12|2024-06|2024-07|2024-09|2024-11|2024-12|2025-01
0.0,2,CPI m/m|CPI y/y,Neutral|Neutral,19,11,8,57.9,42.1,1.38,2018-01|2018-03|2018-06|2018-08|2018-11|2019-01|2020-01|2020-10|2021-01|2021-02|2021-03|2022-03|2023-01|2023-03|2024-09|2024-11|2024-12|2025-01|2026-01
0.0,2,CPI m/m|CPI y/y,Bad|Bad,24,15,9,62.5,37.5,1.67,2018-02|2019-04|2019-11|2019-12|2020-03|2020-08|2020-09|2021-04|2021-05|2021-06|2021-07|2021-10|2021-11|2022-02|2022-05|2022-06|2022-09|2022-10|2023-10|2024-01|2024-02|2024-04|2024-10|2025-02
0.0,2,CPI m/m|CPI y/y,Good|Neutral,5,4,1,80.0,20.0,4.0,2018-04|2018-05|2018-07|2021-09|2024-05
0.0,2,CPI m/m|CPI y/y,Good|Good,23,15,8,65.2,34.8,1.88,2018-09|2018-10|2019-05|2019-10|2020-04|2020-05|2020-06|2020-11|2022-08|2022-11|2022-12|2023-04|2023-06|2023-07|2023-11|2024-06|2024-07|2025-03|2025-04|2025-05|2025-06|2025-10|2026-02
0.0,2,CPI m/m|CPI y/y,Good|Bad,2,1,1,50.0,50.0,1.0,2019-02|2020-02
0.0,2,CPI m/m|CPI y/y,Neutral|Good,6,4,2,66.7,33.3,2.0,2019-03|2019-06|2019-09|2023-08|2024-08|2025-08
0.0,2,CPI m/m|CPI y/y,Bad|Neutral,7,2,5,28.6,71.4,0.4,2019-07|2020-07|2020-12|2021-12|2022-01|2023-12|2025-09
0.0,2,CPI m/m|CPI y/y,Neutral|Bad,7,6,1,85.7,14.3,6.0,2019-08|2021-08|2022-04|2023-02|2023-09|2024-03|2025-07
0.1,2,CPI m/m|CPI y/y,Neutral|Neutral,36,19,17,52.8,47.2,1.12,2018-01|2018-03|2018-04|2018-05|2018-06|2018-07|2018-08|2018-09|2018-11|2019-01|2019-06|2019-07|2020-01|2020-03|2020-07|2020-10|2020-12|2021-01|2021-02|2021-03|2022-01|2022-03|2022-04|2023-01|2023-03|2023-04|2023-06|2023-08|2023-11|2023-12|2024-09|2024-11|2024-12|2025-01|2025-08|2026-01
0.1,2,CPI m/m|CPI y/y,Bad|Bad,15,10,5,66.7,33.3,2.0,2018-02|2019-11|2020-08|2020-09|2021-05|2021-06|2021-07|2021-10|2021-11|2022-02|2022-06|2022-09|2023-10|2024-04|2025-02
0.1,2,CPI m/m|CPI y/y,Neutral|Good,13,9,4,69.2,30.8,2.25,2018-10|2019-03|2019-09|2019-10|2020-06|2020-11|2023-07|2024-06|2024-08|2025-03|2025-05|2025-06|2026-02
0.1,2,CPI m/m|CPI y/y,Neutral|Bad,14,10,4,71.4,28.6,2.5,2019-02|2019-08|2019-12|2020-02|2021-04|2021-08|2022-05|2023-02|2023-09|2024-01|2024-02|2024-03|2024-10|2025-07
0.1,2,CPI m/m|CPI y/y,Bad|Neutral,4,2,2,50.0,50.0,1.0,2019-04|2021-12|2022-10|2025-09
0.1,2,CPI m/m|CPI y/y,Good|Good,9,6,3,66.7,33.3,2.0,2019-05|2020-04|2020-05|2022-08|2022-11|2022-12|2024-07|2025-04|2025-10
0.1,2,CPI m/m|CPI y/y,Good|Neutral,2,2,0,100.0,0.0,inf,2021-09|2024-05
0.2,2,CPI m/m|CPI y/y,Neutral|Neutral,79,48,31,60.8,39.2,1.55,2018-01|2018-03|2018-04|2018-05|2018-06|2018-07|2018-08|2018-09|2018-10|2018-11|2019-01|2019-02|2019-03|2019-04|2019-05|2019-06|2019-07|2019-08|2019-09|2019-10|2019-11|2019-12|2020-01|2020-02|2020-03|2020-04|2020-05|2020-06|2020-07|2020-09|2020-10|2020-11|2020-12|2021-01|2021-02|2021-03|2021-04|2021-08|2021-09|2021-10|2021-12|2022-01|2022-03|2022-04|2022-08|2022-10|2023-01|2023-03|2023-04|2023-06|2023-07|2023-08|2023-09|2023-10|2023-11|2023-12|2024-01|2024-03|2024-04|2024-05|2024-06|2024-07|2024-08|2024-09|2024-10|2024-11|2024-12|2025-01|2025-02|2025-03|2025-04|2025-05|2025-06|2025-07|2025-08|2025-09|2025-10|2026-01|2026-02
0.2,2,CPI m/m|CPI y/y,Neutral|Bad,7,4,3,57.1,42.9,1.33,2018-02|2021-06|2022-02|2022-05|2022-09|2023-02|2024-02
0.2,2,CPI m/m|CPI y/y,Bad|Bad,5,5,0,100.0,0.0,inf,2020-08|2021-05|2021-07|2021-11|2022-06
0.2,2,CPI m/m|CPI y/y,Neutral|Good,2,1,1,50.0,50.0,1.0,2022-11|2022-12
0.3,2,CPI m/m|CPI y/y,Neutral|Neutral,88,53,35,60.2,39.8,1.51,2018-01|2018-02|2018-03|2018-04|2018-05|2018-06|2018-07|2018-08|2018-09|2018-10|2018-11|2019-01|2019-02|2019-03|2019-04|2019-05|2019-06|2019-07|2019-08|2019-09|2019-10|2019-11|2019-12|2020-01|2020-02|2020-03|2020-04|2020-05|2020-06|2020-07|2020-09|2020-10|2020-11|2020-12|2021-01|2021-02|2021-03|2021-04|2021-06|2021-08|2021-09|2021-10|2021-12|2022-01|2022-02|2022-03|2022-04|2022-05|2022-08|2022-09|2022-10|2022-11|2022-12|2023-01|2023-02|2023-03|2023-04|2023-06|2023-07|2023-08|2023-09|2023-10|2023-11|2023-12|2024-01|2024-02|2024-03|2024-04|2024-05|2024-06|2024-07|2024-08|2024-09|2024-10|2024-11|2024-12|2025-01|2025-02|2025-03|2025-04|2025-05|2025-06|2025-07|2025-08|2025-09|2025-10|2026-01|2026-02
0.3,2,CPI m/m|CPI y/y,Neutral|Bad,1,1,0,100.0,0.0,inf,2020-08
0.3,2,CPI m/m|CPI y/y,Bad|Bad,2,2,0,100.0,0.0,inf,2021-05|2021-07
0.3,2,CPI m/m|CPI y/y,Bad|Neutral,2,2,0,100.0,0.0,inf,2021-11|2022-06
0.0,2,Core CPI m/m|PPI m/m,Bad|Good,6,1,5,16.7,83.3,0.2,2018-01|2020-07|2022-01|2023-03|2024-04|2024-10
0.0,2,Core CPI m/m|PPI m/m,Bad|Neutral,8,5,3,62.5,37.5,1.67,2018-02|2019-07|2019-08|2020-12|2021-11|2022-05|2022-06|2022-09
0.0,2,Core CPI m/m|PPI m/m,Neutral|Bad,15,7,8,46.7,53.3,0.87,2018-03|2018-04|2018-07|2018-11|2019-11|2020-02|2020-10|2021-12|2023-02|2023-08|2023-10|2024-05|2024-12|2025-08|2026-02
0.0,2,Core CPI m/m|PPI m/m,Good|Good,17,13,4,76.5,23.5,3.25,2018-05|2018-09|2019-03|2019-10|2020-01|2020-05|2022-08|2022-11|2023-07|2023-11|2024-06|2025-01|2025-03|2025-04|2025-05|2025-06|2025-07
0.0,2,Core CPI m/m|PPI m/m,Bad|Bad,15,9,6,60.0,40.0,1.5,2018-06|2019-09|2020-08|2020-09|2021-04|2021-05|2021-06|2021-07|2022-02|2022-10|2023-09|2024-02|2024-03|2024-09|2025-02
0.0,2,Core CPI m/m|PPI m/m,Neutral|Good,14,10,4,71.4,28.6,2.5,2018-08|2019-01|2019-02|2019-12|2020-03|2021-01|2021-10|2022-03|2023-01|2023-04|2023-06|2024-01|2024-08|2025-09
0.0,2,Core CPI m/m|PPI m/m,Good|Neutral,3,2,1,66.7,33.3,2.0,2018-10|2019-05|2019-06
0.0,2,Core CPI m/m|PPI m/m,Good|Bad,12,9,3,75.0,25.0,3.0,2019-04|2020-04|2020-06|2020-11|2021-02|2021-03|2021-08|2021-09|2022-04|2022-12|2024-07|2026-01
0.0,2,Core CPI m/m|PPI m/m,Neutral|Neutral,2,1,1,50.0,50.0,1.0,2023-12|2024-11
0.1,2,Core CPI m/m|PPI m/m,Neutral|Good,23,14,9,60.9,39.1,1.56,2018-01|2018-08|2018-09|2019-02|2019-10|2019-12|2020-03|2020-07|2021-01|2022-01|2022-03|2023-01|2023-03|2023-04|2023-06|2023-11|2024-01|2024-06|2025-01|2025-03|2025-05|2025-07|2025-09
0.1,2,Core CPI m/m|PPI m/m,Neutral|Neutral,26,18,8,69.2,30.8,2.25,2018-02|2018-03|2018-05|2018-07|2018-10|2019-01|2019-03|2019-05|2019-06|2019-07|2019-08|2019-09|2020-01|2020-12|2021-03|2021-10|2022-06|2022-12|2023-07|2023-08|2023-12|2024-07|2024-08|2024-09|2024-10|2024-11
0.1,2,Core CPI m/m|PPI m/m,Neutral|Bad,19,8,11,42.1,57.9,0.73,2018-04|2018-06|2018-11|2019-04|2019-11|2020-02|2020-06|2020-10|2021-04|2021-12|2022-02|2023-02|2023-09|2023-10|2024-05|2024-12|2025-08|2026-01|2026-02
0.1,2,Core CPI m/m|PPI m/m,Good|Neutral,4,3,1,75.0,25.0,3.0,2020-04|2020-11|2021-09|2025-06
0.1,2,Core CPI m/m|PPI m/m,Good|Good,4,2,2,50.0,50.0,1.0,2020-05|2022-08|2022-11|2025-04
0.1,2,Core CPI m/m|PPI m/m,Bad|Bad,8,7,1,87.5,12.5,7.0,2020-08|2021-05|2021-06|2021-07|2022-10|2024-02|2024-03|2025-02
0.1,2,Core CPI m/m|PPI m/m,Bad|Neutral,5,2,3,40.0,60.0,0.67,2020-09|2021-11|2022-05|2022-09|2024-04
0.1,2,Core CPI m/m|PPI m/m,Good|Bad,3,3,0,100.0,0.0,inf,2021-02|2021-08|2022-04
0.2,2,Core CPI m/m|PPI m/m,Neutral|Good,16,9,7,56.2,43.8,1.29,2018-01|2018-09|2019-10|2020-03|2020-05|2020-07|2022-08|2023-01|2023-03|2023-04|2023-11|2024-06|2025-03|2025-04|2025-05|2025-09
0.2,2,Core CPI m/m|PPI m/m,Neutral|Neutral,57,36,21,63.2,36.8,1.71,2018-02|2018-03|2018-04|2018-05|2018-06|2018-07|2018-08|2018-10|2019-01|2019-02|2019-03|2019-05|2019-06|2019-07|2019-08|2019-09|2019-11|2019-12|2020-01|2020-04|2020-09|2020-10|2020-11|2020-12|2021-01|2021-03|2021-09|2021-10|2021-11|2022-01|2022-03|2022-05|2022-06|2022-10|2022-11|2022-12|2023-06|2023-07|2023-08|2023-10|2023-12|2024-01|2024-02|2024-04|2024-05|2024-07|2024-08|2024-09|2024-10|2024-11|2024-12|2025-01|2025-02|2025-06|2025-07|2026-01|2026-02
0.2,2,Core CPI m/m|PPI m/m,Neutral|Bad,15,8,7,53.3,46.7,1.14,2018-11|2019-04|2020-02|2020-06|2021-02|2021-04|2021-06|2021-08|2021-12|2022-02|2022-04|2023-02|2023-09|2024-03|2025-08
0.2,2,Core CPI m/m|PPI m/m,Bad|Bad,3,3,0,100.0,0.0,inf,2020-08|2021-05|2021-07
0.2,2,Core CPI m/m|PPI m/m,Bad|Neutral,1,1,0,100.0,0.0,inf,2022-09
0.3,2,Core CPI m/m|PPI m/m,Neutral|Good,15,8,7,53.3,46.7,1.14,2018-01|2018-09|2019-10|2020-03|2020-05|2020-07|2022-08|2023-01|2023-03|2023-04|2023-11|2024-06|2025-04|2025-05|2025-09
0.3,2,Core CPI m/m|PPI m/m,Neutral|Neutral,64,41,23,64.1,35.9,1.78,2018-02|2018-03|2018-04|2018-05|2018-06|2018-07|2018-08|2018-10|2019-01|2019-02|2019-03|2019-04|2019-05|2019-06|2019-07|2019-08|2019-09|2019-11|2019-12|2020-01|2020-04|2020-09|2020-10|2020-11|2020-12|2021-01|2021-03|2021-09|2021-10|2021-11|2022-01|2022-03|2022-04|2022-05|2022-06|2022-09|2022-10|2022-11|2022-12|2023-02|2023-06|2023-07|2023-08|2023-09|2023-10|2023-12|2024-01|2024-02|2024-03|2024-04|2024-05|2024-07|2024-08|2024-09|2024-10|2024-11|2024-12|2025-01|2025-02|2025-03|2025-06|2025-07|2026-01|2026-02
0.3,2,Core CPI m/m|PPI m/m,Neutral|Bad,10,5,5,50.0,50.0,1.0,2018-11|2020-02|2020-06|2021-02|2021-04|2021-06|2021-08|2021-12|2022-02|2025-08
0.3,2,Core CPI m/m|PPI m/m,Bad|Neutral,2,2,0,100.0,0.0,inf,2020-08|2021-05
0.3,2,Core CPI m/m|PPI m/m,Bad|Bad,1,1,0,100.0,0.0,inf,2021-07
0.0,2,Core CPI m/m|Core PPI m/m,Bad|Good,8,3,5,37.5,62.5,0.6,2018-01|2019-08|2020-07|2020-12|2021-11|2022-05|2022-06|2023-03
0.0,2,Core CPI m/m|Core PPI m/m,Bad|Bad,15,8,7,53.3,46.7,1.14,2018-02|2018-06|2019-07|2019-09|2020-08|2020-09|2021-04|2021-05|2021-06|2021-07|2022-02|2022-09|2024-02|2024-03|2024-09
0.0,2,Core CPI m/m|Core PPI m/m,Neutral|Neutral,6,3,3,50.0,50.0,1.0,2018-03|2021-01|2023-01|2023-06|2024-11|2024-12
0.0,2,Core CPI m/m|Core PPI m/m,Neutral|Bad,14,7,7,50.0,50.0,1.0,2018-04|2018-07|2018-11|2019-02|2019-11|2020-02|2020-10|2021-12|2023-02|2023-08|2023-10|2024-05|2025-08|2026-02
0.0,2,Core CPI m/m|Core PPI m/m,Good|Neutral,5,5,0,100.0,0.0,inf,2018-05|2018-10|2019-06|2020-06|2021-03
0.0,2,Core CPI m/m|Core PPI m/m,Neutral|Good,11,8,3,72.7,27.3,2.67,2018-08|2019-01|2019-12|2020-03|2021-10|2022-03|2023-04|2023-12|2024-01|2024-08|2025-09
0.0,2,Core CPI m/m|Core PPI m/m,Good|Good,18,12,6,66.7,33.3,2.0,2018-09|2019-03|2019-05|2019-10|2020-01|2020-05|2020-11|2022-08|2022-11|2023-07|2023-11|2024-06|2025-01|2025-03|2025-04|2025-05|2025-06|2025-07
0.0,2,Core CPI m/m|Core PPI m/m,Good|Bad,9,7,2,77.8,22.2,3.5,2019-04|2020-04|2021-02|2021-08|2021-09|2022-04|2022-12|2024-07|2026-01
0.0,2,Core CPI m/m|Core PPI m/m,Bad|Neutral,6,4,2,66.7,33.3,2.0,2022-01|2022-10|2023-09|2024-04|2024-10|2025-02
0.1,2,Core CPI m/m|Core PPI m/m,Neutral|Good,22,14,8,63.6,36.4,1.75,2018-01|2018-09|2019-01|2019-08|2019-10|2019-12|2020-03|2020-07|2021-10|2022-03|2023-03|2023-04|2023-11|2023-12|2024-01|2024-06|2024-08|2025-01|2025-03|2025-05|2025-07|2025-09
0.1,2,Core CPI m/m|Core PPI m/m,Neutral|Bad,14,5,9,35.7,64.3,0.56,2018-02|2018-11|2020-02|2020-10|2021-04|2021-12|2022-02|2022-12|2023-02|2024-05|2024-07|2025-08|2026-01|2026-02
0.1,2,Core CPI m/m|Core PPI m/m,Neutral|Neutral,32,21,11,65.6,34.4,1.91,2018-03|2018-04|2018-05|2018-06|2018-07|2018-08|2018-10|2019-02|2019-03|2019-04|2019-05|2019-06|2019-07|2019-09|2019-11|2020-01|2020-06|2020-12|2021-01|2021-03|2022-01|2022-06|2023-01|2023-06|2023-07|2023-08|2023-09|2023-10|2024-09|2024-10|2024-11|2024-12
0.1,2,Core CPI m/m|Core PPI m/m,Good|Bad,4,4,0,100.0,0.0,inf,2020-04|2021-02|2021-08|2022-04
0.1,2,Core CPI m/m|Core PPI m/m,Good|Good,5,3,2,60.0,40.0,1.5,2020-05|2022-08|2022-11|2025-04|2025-06
0.1,2,Core CPI m/m|Core PPI m/m,Bad|Bad,7,6,1,85.7,14.3,6.0,2020-08|2020-09|2021-05|2021-06|2021-07|2022-09|2024-02
0.1,2,Core CPI m/m|Core PPI m/m,Good|Neutral,2,1,1,50.0,50.0,1.0,2020-11|2021-09
0.1,2,Core CPI m/m|Core PPI m/m,Bad|Neutral,5,3,2,60.0,40.0,1.5,2021-11|2022-10|2024-03|2024-04|2025-02
0.1,2,Core CPI m/m|Core PPI m/m,Bad|Good,1,0,1,0.0,100.0,0.0,2022-05
0.2,2,Core CPI m/m|Core PPI m/m,Neutral|Good,19,11,8,57.9,42.1,1.38,2018-01|2018-09|2019-01|2019-08|2019-10|2019-12|2020-03|2020-07|2021-10|2022-03|2022-11|2023-03|2023-04|2023-11|2024-06|2025-03|2025-04|2025-05|2025-09
0.2,2,Core CPI m/m|Core PPI m/m,Neutral|Neutral,57,36,21,63.2,36.8,1.71,2018-02|2018-03|2018-04|2018-05|2018-06|2018-07|2018-08|2018-10|2019-02|2019-03|2019-04|2019-05|2019-06|2019-07|2019-09|2019-11|2020-01|2020-04|2020-05|2020-06|2020-09|2020-10|2020-11|2020-12|2021-01|2021-03|2021-06|2021-09|2021-11|2022-01|2022-05|2022-06|2022-08|2022-10|2022-12|2023-01|2023-02|2023-06|2023-07|2023-08|2023-09|2023-10|2023-12|2024-01|2024-03|2024-04|2024-07|2024-08|2024-09|2024-10|2024-11|2024-12|2025-01|2025-02|2025-06|2025-07|2026-01
0.2,2,Core CPI m/m|Core PPI m/m,Neutral|Bad,12,6,6,50.0,50.0,1.0,2018-11|2020-02|2021-02|2021-04|2021-08|2021-12|2022-02|2022-04|2024-02|2024-05|2025-08|2026-02
0.2,2,Core CPI m/m|Core PPI m/m,Bad|Bad,3,3,0,100.0,0.0,inf,2020-08|2021-05|2021-07
0.2,2,Core CPI m/m|Core PPI m/m,Bad|Neutral,1,1,0,100.0,0.0,inf,2022-09
0.3,2,Core CPI m/m|Core PPI m/m,Neutral|Good,15,10,5,66.7,33.3,2.0,2018-01|2018-09|2019-01|2019-08|2019-10|2019-12|2020-03|2020-07|2022-03|2023-03|2023-04|2025-03|2025-04|2025-05|2025-09
0.3,2,Core CPI m/m|Core PPI m/m,Neutral|Neutral,66,39,27,59.1,40.9,1.44,2018-02|2018-03|2018-04|2018-05|2018-06|2018-07|2018-08|2018-10|2018-11|2019-02|2019-03|2019-04|2019-05|2019-06|2019-07|2019-09|2019-11|2020-01|2020-02|2020-04|2020-05|2020-06|2020-09|2020-10|2020-11|2020-12|2021-01|2021-03|2021-06|2021-09|2021-10|2021-11|2021-12|2022-01|2022-05|2022-06|2022-08|2022-09|2022-10|2022-11|2022-12|2023-01|2023-02|2023-06|2023-07|2023-08|2023-09|2023-10|2023-11|2023-12|2024-01|2024-03|2024-04|2024-05|2024-06|2024-07|2024-08|2024-09|2024-10|2024-11|2024-12|2025-01|2025-02|2025-06|2025-07|2026-01
0.3,2,Core CPI m/m|Core PPI m/m,Bad|Bad,2,2,0,100.0,0.0,inf,2020-08|2021-07
0.3,2,Core CPI m/m|Core PPI m/m,Neutral|Bad,8,5,3,62.5,37.5,1.67,2021-02|2021-04|2021-08|2022-02|2022-04|2024-02|2025-08|2026-02
0.3,2,Core CPI m/m|Core PPI m/m,Bad|Neutral,1,1,0,100.0,0.0,inf,2021-05
0.0,2,Core CPI m/m|FOMC,Bad|Neutral,2,1,1,50.0,50.0,1.0,2023-03|2023-09
0.0,2,Core CPI m/m|FOMC,Neutral|Neutral,4,1,3,25.0,75.0,0.33,2023-06|2023-12|2024-11|2024-12
0.0,2,Core CPI m/m|FOMC,Good|Neutral,5,4,1,80.0,20.0,4.0,2023-07|2023-11|2024-06|2024-07|2025-01
0.0,2,Core CPI m/m|FOMC,Bad|Good,1,1,0,100.0,0.0,inf,2024-09
0.1,2,Core CPI m/m|FOMC,Neutral|Neutral,11,6,5,54.5,45.5,1.2,2023-03|2023-06|2023-07|2023-09|2023-11|2023-12|2024-06|2024-07|2024-11|2024-12|2025-01
0.1,2,Core CPI m/m|FOMC,Neutral|Good,1,1,0,100.0,0.0,inf,2024-09
0.2,2,Core CPI m/m|FOMC,Neutral|Neutral,11,6,5,54.5,45.5,1.2,2023-03|2023-06|2023-07|2023-09|2023-11|2023-12|2024-06|2024-07|2024-11|2024-12|2025-01
0.2,2,Core CPI m/m|FOMC,Neutral|Good,1,1,0,100.0,0.0,inf,2024-09
0.3,2,Core CPI m/m|FOMC,Neutral|Neutral,12,7,5,58.3,41.7,1.4,2023-03|2023-06|2023-07|2023-09|2023-11|2023-12|2024-06|2024-07|2024-09|2024-11|2024-12|2025-01
0.0,2,Core CPI m/m|CPI y/y,Bad|Neutral,8,2,6,25.0,75.0,0.33,2018-01|2018-06|2019-07|2020-07|2020-12|2022-01|2023-03|2024-09
0.0,2,Core CPI m/m|CPI y/y,Bad|Bad,20,13,7,65.0,35.0,1.86,2018-02|2019-08|2020-08|2020-09|2021-04|2021-05|2021-06|2021-07|2021-11|2022-02|2022-05|2022-06|2022-09|2022-10|2023-09|2024-02|2024-03|2024-04|2024-10|2025-02
0.0,2,Core CPI m/m|CPI y/y,Neutral|Neutral,16,9,7,56.2,43.8,1.29,2018-03|2018-04|2018-07|2018-08|2018-11|2019-01|2020-10|2021-01|2021-12|2022-03|2023-01|2023-12|2024-05|2024-11|2024-12|2025-09
0.0,2,Core CPI m/m|CPI y/y,Good|Neutral,7,6,1,85.7,14.3,6.0,2018-05|2020-01|2021-02|2021-03|2021-09|2025-01|2026-01
0.0,2,Core CPI m/m|CPI y/y,Good|Good,22,16,6,72.7,27.3,2.67,2018-09|2018-10|2019-03|2019-05|2019-06|2019-10|2020-04|2020-05|2020-06|2020-11|2022-08|2022-11|2022-12|2023-07|2023-11|2024-06|2024-07|2025-03|2025-04|2025-05|2025-06|2025-10
0.0,2,Core CPI m/m|CPI y/y,Neutral|Bad,9,6,3,66.7,33.3,2.0,2019-02|2019-11|2019-12|2020-02|2020-03|2021-10|2023-02|2023-10|2024-01
0.0,2,Core CPI m/m|CPI y/y,Good|Bad,4,3,1,75.0,25.0,3.0,2019-04|2021-08|2022-04|2025-07
0.0,2,Core CPI m/m|CPI y/y,Bad|Good,1,0,1,0.0,100.0,0.0,2019-09
0.0,2,Core CPI m/m|CPI y/y,Neutral|Good,6,3,3,50.0,50.0,1.0,2023-04|2023-06|2023-08|2024-08|2025-08|2026-02
0.1,2,Core CPI m/m|CPI y/y,Neutral|Neutral,38,19,19,50.0,50.0,1.0,2018-01|2018-03|2018-04|2018-05|2018-06|2018-07|2018-08|2018-09|2018-11|2019-01|2019-04|2019-06|2019-07|2020-01|2020-03|2020-07|2020-10|2020-12|2021-01|2021-03|2021-12|2022-01|2022-03|2023-01|2023-03|2023-04|2023-06|2023-08|2023-11|2023-12|2024-05|2024-09|2024-11|2024-12|2025-01|2025-08|2025-09|2026-01
0.1,2,Core CPI m/m|CPI y/y,Neutral|Bad,16,11,5,68.8,31.2,2.2,2018-02|2019-02|2019-08|2019-11|2019-12|2020-02|2021-04|2021-10|2022-02|2022-06|2023-02|2023-09|2023-10|2024-01|2024-10|2025-07
0.1,2,Core CPI m/m|CPI y/y,Neutral|Good,15,11,4,73.3,26.7,2.75,2018-10|2019-03|2019-05|2019-09|2019-10|2020-06|2022-12|2023-07|2024-06|2024-07|2024-08|2025-03|2025-05|2025-10|2026-02
0.1,2,Core CPI m/m|CPI y/y,Good|Good,7,4,3,57.1,42.9,1.33,2020-04|2020-05|2020-11|2022-08|2022-11|2025-04|2025-06
0.1,2,Core CPI m/m|CPI y/y,Bad|Bad,12,8,4,66.7,33.3,2.0,2020-08|2020-09|2021-05|2021-06|2021-07|2021-11|2022-05|2022-09|2024-02|2024-03|2024-04|2025-02
0.1,2,Core CPI m/m|CPI y/y,Good|Neutral,3,3,0,100.0,0.0,inf,2021-02|2021-09|2022-04
0.1,2,Core CPI m/m|CPI y/y,Good|Bad,1,1,0,100.0,0.0,inf,2021-08
0.1,2,Core CPI m/m|CPI y/y,Bad|Neutral,1,1,0,100.0,0.0,inf,2022-10
0.2,2,Core CPI m/m|CPI y/y,Neutral|Neutral,79,48,31,60.8,39.2,1.55,2018-01|2018-03|2018-04|2018-05|2018-06|2018-07|2018-08|2018-09|2018-10|2018-11|2019-01|2019-02|2019-03|2019-04|2019-05|2019-06|2019-07|2019-08|2019-09|2019-10|2019-11|2019-12|2020-01|2020-02|2020-03|2020-04|2020-05|2020-06|2020-07|2020-09|2020-10|2020-11|2020-12|2021-01|2021-02|2021-03|2021-04|2021-08|2021-09|2021-10|2021-12|2022-01|2022-03|2022-04|2022-08|2022-10|2023-01|2023-03|2023-04|2023-06|2023-07|2023-08|2023-09|2023-10|2023-11|2023-12|2024-01|2024-03|2024-04|2024-05|2024-06|2024-07|2024-08|2024-09|2024-10|2024-11|2024-12|2025-01|2025-02|2025-03|2025-04|2025-05|2025-06|2025-07|2025-08|2025-09|2025-10|2026-01|2026-02
0.2,2,Core CPI m/m|CPI y/y,Neutral|Bad,8,5,3,62.5,37.5,1.67,2018-02|2021-06|2021-11|2022-02|2022-05|2022-06|2023-02|2024-02
0.2,2,Core CPI m/m|CPI y/y,Bad|Bad,4,4,0,100.0,0.0,inf,2020-08|2021-05|2021-07|2022-09
0.2,2,Core CPI m/m|CPI y/y,Neutral|Good,2,1,1,50.0,50.0,1.0,2022-11|2022-12
0.3,2,Core CPI m/m|CPI y/y,Neutral|Neutral,90,55,35,61.1,38.9,1.57,2018-01|2018-02|2018-03|2018-04|2018-05|2018-06|2018-07|2018-08|2018-09|2018-10|2018-11|2019-01|2019-02|2019-03|2019-04|2019-05|2019-06|2019-07|2019-08|2019-09|2019-10|2019-11|2019-12|2020-01|2020-02|2020-03|2020-04|2020-05|2020-06|2020-07|2020-09|2020-10|2020-11|2020-12|2021-01|2021-02|2021-03|2021-04|2021-06|2021-08|2021-09|2021-10|2021-11|2021-12|2022-01|2022-02|2022-03|2022-04|2022-05|2022-06|2022-08|2022-09|2022-10|2022-11|2022-12|2023-01|2023-02|2023-03|2023-04|2023-06|2023-07|2023-08|2023-09|2023-10|2023-11|2023-12|2024-01|2024-02|2024-03|2024-04|2024-05|2024-06|2024-07|2024-08|2024-09|2024-10|2024-11|2024-12|2025-01|2025-02|2025-03|2025-04|2025-05|2025-06|2025-07|2025-08|2025-09|2025-10|2026-01|2026-02
0.3,2,Core CPI m/m|CPI y/y,Bad|Bad,3,3,0,100.0,0.0,inf,2020-08|2021-05|2021-07
0.0,2,PPI m/m|Core PPI m/m,Good|Good,29,20,9,69.0,31.0,2.22,2018-01|2018-08|2018-09|2019-01|2019-03|2019-10|2019-12|2020-01|2020-03|2020-05|2020-07|2021-10|2022-03|2022-08|2022-11|2023-03|2023-04|2023-07|2023-11|2024-01|2024-06|2024-08|2025-01|2025-03|2025-04|2025-05|2025-06|2025-07|2025-09
0.0,2,PPI m/m|Core PPI m/m,Neutral|Bad,3,2,1,66.7,33.3,2.0,2018-02|2019-07|2022-09
0.0,2,PPI m/m|Core PPI m/m,Bad|Neutral,7,6,1,85.7,14.3,6.0,2018-03|2020-06|2021-03|2022-10|2023-09|2024-12|2025-02
0.0,2,PPI m/m|Core PPI m/m,Bad|Bad,34,19,15,55.9,44.1,1.27,2018-04|2018-06|2018-07|2018-11|2019-04|2019-09|2019-11|2020-02|2020-04|2020-08|2020-09|2020-10|2021-02|2021-04|2021-05|2021-06|2021-07|2021-08|2021-09|2021-12|2022-02|2022-04|2022-12|2023-02|2023-08|2023-10|2024-02|2024-03|2024-05|2024-07|2024-09|2025-08|2026-01|2026-02
0.0,2,PPI m/m|Core PPI m/m,Good|Neutral,7,3,4,42.9,57.1,0.75,2018-05|2021-01|2022-01|2023-01|2023-06|2024-04|2024-10
0.0,2,PPI m/m|Core PPI m/m,Neutral|Neutral,3,3,0,100.0,0.0,inf,2018-10|2019-06|2024-11
0.0,2,PPI m/m|Core PPI m/m,Good|Bad,1,1,0,100.0,0.0,inf,2019-02
0.0,2,PPI m/m|Core PPI m/m,Neutral|Good,8,3,5,37.5,62.5,0.6,2019-05|2019-08|2020-12|2021-11|2022-05|2022-06|2023-12|2025-11
0.0,2,PPI m/m|Core PPI m/m,Bad|Good,1,0,1,0.0,100.0,0.0,2020-11
0.1,2,PPI m/m|Core PPI m/m,Good|Good,21,13,8,61.9,38.1,1.62,2018-01|2018-09|2019-10|2019-12|2020-03|2020-05|2020-07|2022-03|2022-08|2022-11|2023-03|2023-04|2023-11|2024-01|2024-06|2025-01|2025-03|2025-04|2025-05|2025-07|2025-09
0.1,2,PPI m/m|Core PPI m/m,Neutral|Bad,6,4,2,66.7,33.3,2.0,2018-02|2020-04|2020-09|2022-09|2022-12|2024-07
0.1,2,PPI m/m|Core PPI m/m,Neutral|Neutral,23,15,8,65.2,34.8,1.88,2018-03|2018-05|2018-07|2018-10|2019-03|2019-05|2019-06|2019-07|2019-09|2020-01|2020-11|2020-12|2021-03|2021-09|2021-11|2022-06|2023-07|2023-08|2024-04|2024-09|2024-10|2024-11|2025-11
0.1,2,PPI m/m|Core PPI m/m,Bad|Neutral,11,7,4,63.6,36.4,1.75,2018-04|2018-06|2019-04|2019-11|2020-06|2022-10|2023-09|2023-10|2024-03|2024-12|2025-02
0.1,2,PPI m/m|Core PPI m/m,Good|Neutral,6,3,3,50.0,50.0,1.0,2018-08|2019-02|2021-01|2022-01|2023-01|2023-06
0.1,2,PPI m/m|Core PPI m/m,Bad|Bad,19,11,8,57.9,42.1,1.38,2018-11|2020-02|2020-08|2020-10|2021-02|2021-04|2021-05|2021-06|2021-07|2021-08|2021-12|2022-02|2022-04|2023-02|2024-02|2024-05|2025-08|2026-01|2026-02
0.1,2,PPI m/m|Core PPI m/m,Neutral|Good,7,4,3,57.1,42.9,1.33,2019-01|2019-08|2021-10|2022-05|2023-12|2024-08|2025-06
0.2,2,PPI m/m|Core PPI m/m,Good|Good,13,7,6,53.8,46.2,1.17,2018-01|2018-09|2019-10|2020-03|2020-07|2023-03|2023-04|2023-11|2024-06|2025-03|2025-04|2025-05|2025-09
0.2,2,PPI m/m|Core PPI m/m,Neutral|Neutral,50,31,19,62.0,38.0,1.63,2018-02|2018-03|2018-04|2018-05|2018-06|2018-07|2018-08|2018-10|2019-02|2019-03|2019-05|2019-06|2019-07|2019-09|2019-11|2020-01|2020-04|2020-09|2020-10|2020-11|2020-12|2021-01|2021-03|2021-09|2021-11|2022-01|2022-05|2022-06|2022-09|2022-10|2022-12|2023-06|2023-07|2023-08|2023-10|2023-12|2024-01|2024-04|2024-07|2024-08|2024-09|2024-10|2024-11|2024-12|2025-01|2025-02|2025-06|2025-07|2025-11|2026-01
0.2,2,PPI m/m|Core PPI m/m,Bad|Bad,12,7,5,58.3,41.7,1.4,2018-11|2020-02|2020-08|2021-02|2021-04|2021-05|2021-07|2021-08|2021-12|2022-02|2022-04|2025-08
0.2,2,PPI m/m|Core PPI m/m,Neutral|Good,6,4,2,66.7,33.3,2.0,2019-01|2019-08|2019-12|2021-10|2022-03|2022-11
0.2,2,PPI m/m|Core PPI m/m,Bad|Neutral,6,4,2,66.7,33.3,2.0,2019-04|2020-06|2021-06|2023-02|2023-09|2024-03
0.2,2,PPI m/m|Core PPI m/m,Good|Neutral,3,2,1,66.7,33.3,2.0,2020-05|2022-08|2023-01
0.2,2,PPI m/m|Core PPI m/m,Neutral|Bad,3,2,1,66.7,33.3,2.0,2024-02|2024-05|2026-02
0.3,2,PPI m/m|Core PPI m/m,Good|Good,10,5,5,50.0,50.0,1.0,2018-01|2018-09|2019-10|2020-03|2020-07|2023-03|2023-04|2025-04|2025-05|2025-09
0.3,2,PPI m/m|Core PPI m/m,Neutral|Neutral,58,35,23,60.3,39.7,1.52,2018-02|2018-03|2018-04|2018-05|2018-06|2018-07|2018-08|2018-10|2019-02|2019-03|2019-04|2019-05|2019-06|2019-07|2019-09|2019-11|2020-01|2020-04|2020-09|2020-10|2020-11|2020-12|2021-01|2021-03|2021-05|2021-09|2021-10|2021-11|2022-01|2022-05|2022-06|2022-09|2022-10|2022-11|2022-12|2023-02|2023-06|2023-07|2023-08|2023-09|2023-10|2023-12|2024-01|2024-03|2024-04|2024-05|2024-07|2024-08|2024-09|2024-10|2024-11|2024-12|2025-01|2025-02|2025-06|2025-07|2025-11|2026-01
0.3,2,PPI m/m|Core PPI m/m,Bad|Neutral,5,2,3,40.0,60.0,0.67,2018-11|2020-02|2020-06|2021-06|2021-12
0.3,2,PPI m/m|Core PPI m/m,Neutral|Good,5,5,0,100.0,0.0,inf,2019-01|2019-08|2019-12|2022-03|2025-03
0.3,2,PPI m/m|Core PPI m/m,Good|Neutral,5,3,2,60.0,40.0,1.5,2020-05|2022-08|2023-01|2023-11|2024-06
0.3,2,PPI m/m|Core PPI m/m,Neutral|Bad,4,3,1,75.0,25.0,3.0,2020-08|2022-04|2024-02|2026-02
0.3,2,PPI m/m|Core PPI m/m,Bad|Bad,6,4,2,66.7,33.3,2.0,2021-02|2021-04|2021-07|2021-08|2022-02|2025-08
0.0,2,PPI m/m|FOMC,Good|Neutral,6,3,3,50.0,50.0,1.0,2023-03|2023-06|2023-07|2023-11|2024-06|2025-01
0.0,2,PPI m/m|FOMC,Bad|Neutral,3,2,1,66.7,33.3,2.0,2023-09|2024-07|2024-12
0.0,2,PPI m/m|FOMC,Neutral|Neutral,2,1,1,50.0,50.0,1.0,2023-12|2024-11
0.0,2,PPI m/m|FOMC,Bad|Good,1,1,0,100.0,0.0,inf,2024-09
0.1,2,PPI m/m|FOMC,Good|Neutral,5,2,3,40.0,60.0,0.67,2023-03|2023-06|2023-11|2024-06|2025-01
0.1,2,PPI m/m|FOMC,Neutral|Neutral,4,3,1,75.0,25.0,3.0,2023-07|2023-12|2024-07|2024-11
0.1,2,PPI m/m|FOMC,Bad|Neutral,2,1,1,50.0,50.0,1.0,2023-09|2024-12
0.1,2,PPI m/m|FOMC,Neutral|Good,1,1,0,100.0,0.0,inf,2024-09
0.2,2,PPI m/m|FOMC,Good|Neutral,3,1,2,33.3,66.7,0.5,2023-03|2023-11|2024-06
0.2,2,PPI m/m|FOMC,Neutral|Neutral,7,4,3,57.1,42.9,1.33,2023-06|2023-07|2023-12|2024-07|2024-11|2024-12|2025-01
0.2,2,PPI m/m|FOMC,Bad|Neutral,1,1,0,100.0,0.0,inf,2023-09
0.2,2,PPI m/m|FOMC,Neutral|Good,1,1,0,100.0,0.0,inf,2024-09
0.3,2,PPI m/m|FOMC,Good|Neutral,3,1,2,33.3,66.7,0.5,2023-03|2023-11|2024-06
0.3,2,PPI m/m|FOMC,Neutral|Neutral,9,6,3,66.7,33.3,2.0,2023-06|2023-07|2023-09|2023-12|2024-07|2024-09|2024-11|2024-12|2025-01
0.0,2,PPI m/m|CPI y/y,Good|Neutral,13,8,5,61.5,38.5,1.6,2018-01|2018-05|2018-08|2019-01|2020-01|2020-07|2021-01|2022-01|2022-03|2023-01|2023-03|2025-01|2025-09
0.0,2,PPI m/m|CPI y/y,Neutral|Bad,6,4,2,66.7,33.3,2.0,2018-02|2019-08|2021-11|2022-05|2022-06|2022-09
0.0,2,PPI m/m|CPI y/y,Bad|Neutral,14,7,7,50.0,50.0,1.0,2018-03|2018-04|2018-06|2018-07|2018-11|2020-10|2021-02|2021-03|2021-09|2021-12|2024-05|2024-09|2024-12|2026-01
0.0,2,PPI m/m|CPI y/y,Good|Good,16,11,5,68.8,31.2,2.2,2018-09|2019-03|2019-10|2020-05|2022-08|2022-11|2023-04|2023-06|2023-07|2023-11|2024-06|2024-08|2025-03|2025-04|2025-05|2025-06
0.0,2,PPI m/m|CPI y/y,Neutral|Good,3,2,1,66.7,33.3,2.0,2018-10|2019-05|2019-06
0.0,2,PPI m/m|CPI y/y,Good|Bad,8,5,3,62.5,37.5,1.67,2019-02|2019-12|2020-03|2021-10|2024-01|2024-04|2024-10|2025-07
0.0,2,PPI m/m|CPI y/y,Bad|Bad,19,13,6,68.4,31.6,2.17,2019-04|2019-11|2020-02|2020-08|2020-09|2021-04|2021-05|2021-06|2021-07|2021-08|2022-02|2022-04|2022-10|2023-02|2023-09|2023-10|2024-02|2024-03|2025-02
0.0,2,PPI m/m|CPI y/y,Neutral|Neutral,4,2,2,50.0,50.0,1.0,2019-07|2020-12|2023-12|2024-11
0.0,2,PPI m/m|CPI y/y,Bad|Good,9,5,4,55.6,44.4,1.25,2019-09|2020-04|2020-06|2020-11|2022-12|2023-08|2024-07|2025-08|2026-02
0.1,2,PPI m/m|CPI y/y,Good|Neutral,15,7,8,46.7,53.3,0.87,2018-01|2018-08|2018-09|2020-03|2020-07|2021-01|2022-01|2022-03|2023-01|2023-03|2023-04|2023-06|2023-11|2025-01|2025-09
0.1,2,PPI m/m|CPI y/y,Neutral|Bad,10,5,5,50.0,50.0,1.0,2018-02|2019-08|2020-09|2021-10|2021-11|2022-05|2022-06|2022-09|2024-04|2024-10
0.1,2,PPI m/m|CPI y/y,Neutral|Neutral,14,10,4,71.4,28.6,2.5,2018-03|2018-05|2018-07|2019-01|2019-06|2019-07|2020-01|2020-12|2021-03|2021-09|2023-08|2023-12|2024-09|2024-11
0.1,2,PPI m/m|CPI y/y,Bad|Neutral,13,6,7,46.2,53.8,0.86,2018-04|2018-06|2018-11|2019-04|2020-10|2021-02|2021-12|2022-04|2022-10|2024-05|2024-12|2025-08|2026-01
0.1,2,PPI m/m|CPI y/y,Neutral|Good,11,8,3,72.7,27.3,2.67,2018-10|2019-03|2019-05|2019-09|2020-04|2020-11|2022-12|2023-07|2024-07|2024-08|2025-06
0.1,2,PPI m/m|CPI y/y,Good|Bad,4,4,0,100.0,0.0,inf,2019-02|2019-12|2024-01|2025-07
0.1,2,PPI m/m|CPI y/y,Good|Good,8,5,3,62.5,37.5,1.67,2019-10|2020-05|2022-08|2022-11|2024-06|2025-03|2025-04|2025-05
0.1,2,PPI m/m|CPI y/y,Bad|Bad,15,11,4,73.3,26.7,2.75,2019-11|2020-02|2020-08|2021-04|2021-05|2021-06|2021-07|2021-08|2022-02|2023-02|2023-09|2023-10|2024-02|2024-03|2025-02
0.1,2,PPI m/m|CPI y/y,Bad|Good,2,1,1,50.0,50.0,1.0,2020-06|2026-02
0.2,2,PPI m/m|CPI y/y,Good|Neutral,16,9,7,56.2,43.8,1.29,2018-01|2018-09|2019-10|2020-03|2020-05|2020-07|2022-08|2023-01|2023-03|2023-04|2023-11|2024-06|2025-03|2025-04|2025-05|2025-09
0.2,2,PPI m/m|CPI y/y,Neutral|Bad,6,4,2,66.7,33.3,2.0,2018-02|2021-11|2022-05|2022-06|2022-09|2024-02
0.2,2,PPI m/m|CPI y/y,Neutral|Neutral,50,32,18,64.0,36.0,1.78,2018-03|2018-04|2018-05|2018-06|2018-07|2018-08|2018-10|2019-01|2019-02|2019-03|2019-05|2019-06|2019-07|2019-08|2019-09|2019-11|2019-12|2020-01|2020-04|2020-09|2020-10|2020-11|2020-12|2021-01|2021-03|2021-09|2021-10|2022-01|2022-03|2022-10|2023-06|2023-07|2023-08|2023-10|2023-12|2024-01|2024-04|2024-05|2024-07|2024-08|2024-09|2024-10|2024-11|2024-12|2025-01|2025-02|2025-06|2025-07|2026-01|2026-02
0.2,2,PPI m/m|CPI y/y,Bad|Neutral,12,6,6,50.0,50.0,1.0,2018-11|2019-04|2020-02|2020-06|2021-02|2021-04|2021-08|2021-12|2022-04|2023-09|2024-03|2025-08
0.2,2,PPI m/m|CPI y/y,Bad|Bad,6,5,1,83.3,16.7,5.0,2020-08|2021-05|2021-06|2021-07|2022-02|2023-02
0.2,2,PPI m/m|CPI y/y,Neutral|Good,2,1,1,50.0,50.0,1.0,2022-11|2022-12
0.3,2,PPI m/m|CPI y/y,Good|Neutral,15,8,7,53.3,46.7,1.14,2018-01|2018-09|2019-10|2020-03|2020-05|2020-07|2022-08|2023-01|2023-03|2023-04|2023-11|2024-06|2025-04|2025-05|2025-09
0.3,2,PPI m/m|CPI y/y,Neutral|Neutral,64,41,23,64.1,35.9,1.78,2018-02|2018-03|2018-04|2018-05|2018-06|2018-07|2018-08|2018-10|2019-01|2019-02|2019-03|2019-04|2019-05|2019-06|2019-07|2019-08|2019-09|2019-11|2019-12|2020-01|2020-04|2020-09|2020-10|2020-11|2020-12|2021-01|2021-03|2021-09|2021-10|2021-11|2022-01|2022-03|2022-04|2022-05|2022-06|2022-09|2022-10|2022-11|2022-12|2023-02|2023-06|2023-07|2023-08|2023-09|2023-10|2023-12|2024-01|2024-02|2024-03|2024-04|2024-05|2024-07|2024-08|2024-09|2024-10|2024-11|2024-12|2025-01|2025-02|2025-03|2025-06|2025-07|2026-01|2026-02
0.3,2,PPI m/m|CPI y/y,Bad|Neutral,10,5,5,50.0,50.0,1.0,2018-11|2020-02|2020-06|2021-02|2021-04|2021-06|2021-08|2021-12|2022-02|2025-08
0.3,2,PPI m/m|CPI y/y,Neutral|Bad,2,2,0,100.0,0.0,inf,2020-08|2021-05
0.3,2,PPI m/m|CPI y/y,Bad|Bad,1,1,0,100.0,0.0,inf,2021-07
0.0,2,Core PPI m/m|FOMC,Good|Neutral,6,3,3,50.0,50.0,1.0,2023-03|2023-07|2023-11|2023-12|2024-06|2025-01
0.0,2,Core PPI m/m|FOMC,Neutral|Neutral,4,2,2,50.0,50.0,1.0,2023-06|2023-09|2024-11|2024-12
0.0,2,Core PPI m/m|FOMC,Bad|Neutral,1,1,0,100.0,0.0,inf,2024-07
0.0,2,Core PPI m/m|FOMC,Bad|Good,1,1,0,100.0,0.0,inf,2024-09
0.1,2,Core PPI m/m|FOMC,Good|Neutral,5,2,3,40.0,60.0,0.67,2023-03|2023-11|2023-12|2024-06|2025-01
0.1,2,Core PPI m/m|FOMC,Neutral|Neutral,5,3,2,60.0,40.0,1.5,2023-06|2023-07|2023-09|2024-11|2024-12
0.1,2,Core PPI m/m|FOMC,Bad|Neutral,1,1,0,100.0,0.0,inf,2024-07
0.1,2,Core PPI m/m|FOMC,Neutral|Good,1,1,0,100.0,0.0,inf,2024-09
0.2,2,Core PPI m/m|FOMC,Good|Neutral,3,1,2,33.3,66.7,0.5,2023-03|2023-11|2024-06
0.2,2,Core PPI m/m|FOMC,Neutral|Neutral,8,5,3,62.5,37.5,1.67,2023-06|2023-07|2023-09|2023-12|2024-07|2024-11|2024-12|2025-01
0.2,2,Core PPI m/m|FOMC,Neutral|Good,1,1,0,100.0,0.0,inf,2024-09
0.3,2,Core PPI m/m|FOMC,Good|Neutral,1,0,1,0.0,100.0,0.0,2023-03
0.3,2,Core PPI m/m|FOMC,Neutral|Neutral,11,7,4,63.6,36.4,1.75,2023-06|2023-07|2023-09|2023-11|2023-12|2024-06|2024-07|2024-09|2024-11|2024-12|2025-01
0.0,2,Core PPI m/m|CPI y/y,Good|Neutral,11,6,5,54.5,45.5,1.2,2018-01|2018-08|2019-01|2020-01|2020-07|2020-12|2022-03|2023-03|2023-12|2025-01|2025-09
0.0,2,Core PPI m/m|CPI y/y,Bad|Bad,19,12,7,63.2,36.8,1.71,2018-02|2019-02|2019-04|2019-11|2020-02|2020-08|2020-09|2021-04|2021-05|2021-06|2021-07|2021-08|2022-02|2022-04|2022-09|2023-02|2023-10|2024-02|2024-03
0.0,2,Core PPI m/m|CPI y/y,Neutral|Neutral,8,5,3,62.5,37.5,1.67,2018-03|2018-05|2021-01|2021-03|2022-01|2023-01|2024-11|2024-12
0.0,2,Core PPI m/m|CPI y/y,Bad|Neutral,12,6,6,50.0,50.0,1.0,2018-04|2018-06|2018-07|2018-11|2019-07|2020-10|2021-02|2021-09|2021-12|2024-05|2024-09|2026-01
0.0,2,Core PPI m/m|CPI y/y,Good|Good,17,11,6,64.7,35.3,1.83,2018-09|2019-03|2019-05|2019-10|2020-05|2020-11|2022-08|2022-11|2023-04|2023-07|2023-11|2024-06|2024-08|2025-03|2025-04|2025-05|2025-06
0.0,2,Core PPI m/m|CPI y/y,Neutral|Good,4,3,1,75.0,25.0,3.0,2018-10|2019-06|2020-06|2023-06
0.0,2,Core PPI m/m|CPI y/y,Good|Bad,9,6,3,66.7,33.3,2.0,2019-08|2019-12|2020-03|2021-10|2021-11|2022-05|2022-06|2024-01|2025-07
0.0,2,Core PPI m/m|CPI y/y,Bad|Good,7,4,3,57.1,42.9,1.33,2019-09|2020-04|2022-12|2023-08|2024-07|2025-08|2026-02
0.0,2,Core PPI m/m|CPI y/y,Neutral|Bad,5,4,1,80.0,20.0,4.0,2022-10|2023-09|2024-04|2024-10|2025-02
0.1,2,Core PPI m/m|CPI y/y,Good|Neutral,12,6,6,50.0,50.0,1.0,2018-01|2018-09|2019-01|2020-03|2020-07|2022-03|2023-03|2023-04|2023-11|2023-12|2025-01|2025-09
0.1,2,Core PPI m/m|CPI y/y,Bad|Bad,13,8,5,61.5,38.5,1.6,2018-02|2020-02|2020-08|2020-09|2021-04|2021-05|2021-06|2021-07|2021-08|2022-02|2022-09|2023-02|2024-02
0.1,2,Core PPI m/m|CPI y/y,Neutral|Neutral,22,13,9,59.1,40.9,1.44,2018-03|2018-04|2018-05|2018-06|2018-07|2018-08|2019-04|2019-06|2019-07|2020-01|2020-12|2021-01|2021-03|2021-09|2022-01|2022-10|2023-01|2023-06|2023-08|2024-09|2024-11|2024-12
0.1,2,Core PPI m/m|CPI y/y,Neutral|Good,7,4,3,57.1,42.9,1.33,2018-10|2019-03|2019-05|2019-09|2020-06|2020-11|2023-07
0.1,2,Core PPI m/m|CPI y/y,Bad|Neutral,8,4,4,50.0,50.0,1.0,2018-11|2020-10|2021-02|2021-12|2022-04|2024-05|2025-08|2026-01
0.1,2,Core PPI m/m|CPI y/y,Neutral|Bad,10,8,2,80.0,20.0,4.0,2019-02|2019-11|2021-11|2022-06|2023-09|2023-10|2024-03|2024-04|2024-10|2025-02
0.1,2,Core PPI m/m|CPI y/y,Good|Bad,6,4,2,66.7,33.3,2.0,2019-08|2019-12|2021-10|2022-05|2024-01|2025-07
0.1,2,Core PPI m/m|CPI y/y,Good|Good,10,7,3,70.0,30.0,2.33,2019-10|2020-05|2022-08|2022-11|2024-06|2024-08|2025-03|2025-04|2025-05|2025-06
0.1,2,Core PPI m/m|CPI y/y,Bad|Good,4,3,1,75.0,25.0,3.0,2020-04|2022-12|2024-07|2026-02
0.2,2,Core PPI m/m|CPI y/y,Good|Neutral,18,11,7,61.1,38.9,1.57,2018-01|2018-09|2019-01|2019-08|2019-10|2019-12|2020-03|2020-07|2021-10|2022-03|2023-03|2023-04|2023-11|2024-06|2025-03|2025-04|2025-05|2025-09
0.2,2,Core PPI m/m|CPI y/y,Neutral|Bad,7,5,2,71.4,28.6,2.5,2018-02|2021-06|2021-11|2022-05|2022-06|2022-09|2023-02
0.2,2,Core PPI m/m|CPI y/y,Neutral|Neutral,50,31,19,62.0,38.0,1.63,2018-03|2018-04|2018-05|2018-06|2018-07|2018-08|2018-10|2019-02|2019-03|2019-04|2019-05|2019-06|2019-07|2019-09|2019-11|2020-01|2020-04|2020-05|2020-06|2020-09|2020-10|2020-11|2020-12|2021-01|2021-03|2021-09|2022-01|2022-08|2022-10|2023-01|2023-06|2023-07|2023-08|2023-09|2023-10|2023-12|2024-01|2024-03|2024-04|2024-07|2024-08|2024-09|2024-10|2024-11|2024-12|2025-01|2025-02|2025-06|2025-07|2026-01
0.2,2,Core PPI m/m|CPI y/y,Bad|Neutral,10,5,5,50.0,50.0,1.0,2018-11|2020-02|2021-02|2021-04|2021-08|2021-12|2022-04|2024-05|2025-08|2026-02
0.2,2,Core PPI m/m|CPI y/y,Bad|Bad,5,4,1,80.0,20.0,4.0,2020-08|2021-05|2021-07|2022-02|2024-02
0.2,2,Core PPI m/m|CPI y/y,Good|Good,1,0,1,0.0,100.0,0.0,2022-11
0.2,2,Core PPI m/m|CPI y/y,Neutral|Good,1,1,0,100.0,0.0,inf,2022-12
0.3,2,Core PPI m/m|CPI y/y,Good|Neutral,15,10,5,66.7,33.3,2.0,2018-01|2018-09|2019-01|2019-08|2019-10|2019-12|2020-03|2020-07|2022-03|2023-03|2023-04|2025-03|2025-04|2025-05|2025-09
0.3,2,Core PPI m/m|CPI y/y,Neutral|Neutral,66,39,27,59.1,40.9,1.44,2018-02|2018-03|2018-04|2018-05|2018-06|2018-07|2018-08|2018-10|2018-11|2019-02|2019-03|2019-04|2019-05|2019-06|2019-07|2019-09|2019-11|2020-01|2020-02|2020-04|2020-05|2020-06|2020-09|2020-10|2020-11|2020-12|2021-01|2021-03|2021-06|2021-09|2021-10|2021-11|2021-12|2022-01|2022-05|2022-06|2022-08|2022-09|2022-10|2022-11|2022-12|2023-01|2023-02|2023-06|2023-07|2023-08|2023-09|2023-10|2023-11|2023-12|2024-01|2024-03|2024-04|2024-05|2024-06|2024-07|2024-08|2024-09|2024-10|2024-11|2024-12|2025-01|2025-02|2025-06|2025-07|2026-01
0.3,2,Core PPI m/m|CPI y/y,Bad|Bad,2,2,0,100.0,0.0,inf,2020-08|2021-07
0.3,2,Core PPI m/m|CPI y/y,Bad|Neutral,8,5,3,62.5,37.5,1.67,2021-02|2021-04|2021-08|2022-02|2022-04|2024-02|2025-08|2026-02
0.3,2,Core PPI m/m|CPI y/y,Neutral|Bad,1,1,0,100.0,0.0,inf,2021-05
0.0,2,FOMC|CPI y/y,Neutral|Neutral,5,2,3,40.0,60.0,0.67,2023-03|2023-12|2024-11|2024-12|2025-01
0.0,2,FOMC|CPI y/y,Neutral|Good,5,3,2,60.0,40.0,1.5,2023-06|2023-07|2023-11|2024-06|2024-07
0.0,2,FOMC|CPI y/y,Neutral|Bad,1,1,0,100.0,0.0,inf,2023-09
0.0,2,FOMC|CPI y/y,Good|Neutral,1,1,0,100.0,0.0,inf,2024-09
0.1,2,FOMC|CPI y/y,Neutral|Neutral,7,2,5,28.6,71.4,0.4,2023-03|2023-06|2023-11|2023-12|2024-11|2024-12|2025-01
0.1,2,FOMC|CPI y/y,Neutral|Good,3,3,0,100.0,0.0,inf,2023-07|2024-06|2024-07
0.1,2,FOMC|CPI y/y,Neutral|Bad,1,1,0,100.0,0.0,inf,2023-09
0.1,2,FOMC|CPI y/y,Good|Neutral,1,1,0,100.0,0.0,inf,2024-09
0.2,2,FOMC|CPI y/y,Neutral|Neutral,11,6,5,54.5,45.5,1.2,2023-03|2023-06|2023-07|2023-09|2023-11|2023-12|2024-06|2024-07|2024-11|2024-12|2025-01
0.2,2,FOMC|CPI y/y,Good|Neutral,1,1,0,100.0,0.0,inf,2024-09
0.3,2,FOMC|CPI y/y,Neutral|Neutral,12,7,5,58.3,41.7,1.4,2023-03|2023-06|2023-07|2023-09|2023-11|2023-12|2024-06|2024-07|2024-09|2024-11|2024-12|2025-01
