آستانه,تعداد_شاخص‌ها,لیست_شاخص‌ها,الگوی_وضعیت,تعداد_کل_وقوع,تعداد_ضررده,تعداد_سودده,درصد_ضررده,درصد_سودده,نسبت_شانس,دوره‌ها
0.0,1,PPI m/m,Neutral,9,5,4,55.6,44.4,1.25,2018-02-15_2018-02-19|2019-07-12_2019-07-16|2020-12-11_2020-12-15|2022-05-12_2022-05-16|2022-06-11_2022-06-15|2022-09-14_2022-09-18|2023-12-13_2023-12-17|2024-11-14_2024-11-18|2026-01-14_2026-01-18
0.0,1,PPI m/m,Bad,26,17,9,65.4,34.6,1.89,2018-03-14_2018-03-18|2018-06-13_2018-06-17|2019-04-11_2019-04-15|2019-11-14_2019-11-18|2020-06-11_2020-06-15|2020-10-14_2020-10-18|2020-11-13_2020-11-17|2021-03-11_2021-03-15|2021-05-13_2021-05-17|2021-06-11_2021-06-15|2021-07-14_2021-07-18|2021-08-12_2021-08-16|2021-12-11_2021-12-15|2022-02-11_2022-02-15|2022-04-13_2022-04-17|2022-07-14_2022-07-18|2023-02-15_2023-02-19|2023-08-11_2023-08-15|2023-09-14_2023-09-18|2024-02-14_2024-02-18|2024-03-13_2024-03-17|2024-07-12_2024-07-16|2024-09-12_2024-09-16|2024-12-12_2024-12-16|2025-02-13_2025-02-17|2025-08-13_2025-08-17
0.0,1,PPI m/m,Good,28,18,10,64.3,35.7,1.8,2019-01-12_2019-01-16|2019-02-14_2019-02-18|2019-03-13_2019-03-17|2019-12-12_2019-12-16|2020-01-15_2020-01-19|2020-03-12_2020-03-16|2020-05-13_2020-05-17|2021-01-14_2021-01-18|2021-10-14_2021-10-18|2022-01-13_2022-01-17|2022-03-11_2022-03-15|2022-08-11_2022-08-15|2022-11-11_2022-11-15|2023-03-15_2023-03-19|2023-04-13_2023-04-17|2023-05-11_2023-05-15|2023-06-14_2023-06-18|2023-07-13_2023-07-17|2023-11-15_2023-11-19|2024-01-12_2024-01-16|2024-04-11_2024-04-15|2024-06-13_2024-06-17|2024-10-11_2024-10-15|2025-03-13_2025-03-17|2025-04-11_2025-04-15|2025-05-14_2025-05-18|2025-06-12_2025-06-16|2025-07-16_2025-07-20
0.1,1,PPI m/m,Neutral,24,18,6,75.0,25.0,3.0,2018-02-15_2018-02-19|2018-03-14_2018-03-18|2019-01-12_2019-01-16|2019-03-13_2019-03-17|2019-07-12_2019-07-16|2020-01-15_2020-01-19|2020-11-13_2020-11-17|2020-12-11_2020-12-15|2021-03-11_2021-03-15|2021-10-14_2021-10-18|2022-05-12_2022-05-16|2022-06-11_2022-06-15|2022-09-14_2022-09-18|2023-05-11_2023-05-15|2023-07-13_2023-07-17|2023-08-11_2023-08-15|2023-12-13_2023-12-17|2024-04-11_2024-04-15|2024-07-12_2024-07-16|2024-09-12_2024-09-16|2024-10-11_2024-10-15|2024-11-14_2024-11-18|2025-06-12_2025-06-16|2026-01-14_2026-01-18
0.1,1,PPI m/m,Bad,20,12,8,60.0,40.0,1.5,2018-06-13_2018-06-17|2019-04-11_2019-04-15|2019-11-14_2019-11-18|2020-06-11_2020-06-15|2020-10-14_2020-10-18|2021-05-13_2021-05-17|2021-06-11_2021-06-15|2021-07-14_2021-07-18|2021-08-12_2021-08-16|2021-12-11_2021-12-15|2022-02-11_2022-02-15|2022-04-13_2022-04-17|2022-07-14_2022-07-18|2023-02-15_2023-02-19|2023-09-14_2023-09-18|2024-02-14_2024-02-18|2024-03-13_2024-03-17|2024-12-12_2024-12-16|2025-02-13_2025-02-17|2025-08-13_2025-08-17
0.1,1,PPI m/m,Good,19,10,9,52.6,47.4,1.11,2019-02-14_2019-02-18|2019-12-12_2019-12-16|2020-03-12_2020-03-16|2020-05-13_2020-05-17|2021-01-14_2021-01-18|2022-01-13_2022-01-17|2022-03-11_2022-03-15|2022-08-11_2022-08-15|2022-11-11_2022-11-15|2023-03-15_2023-03-19|2023-04-13_2023-04-17|2023-06-14_2023-06-18|2023-11-15_2023-11-19|2024-01-12_2024-01-16|2024-06-13_2024-06-17|2025-03-13_2025-03-17|2025-04-11_2025-04-15|2025-05-14_2025-05-18|2025-07-16_2025-07-20
0.2,1,PPI m/m,Neutral,39,29,10,74.4,25.6,2.9,2018-02-15_2018-02-19|2018-03-14_2018-03-18|2018-06-13_2018-06-17|2019-01-12_2019-01-16|2019-02-14_2019-02-18|2019-03-13_2019-03-17|2019-07-12_2019-07-16|2019-11-14_2019-11-18|2019-12-12_2019-12-16|2020-01-15_2020-01-19|2020-10-14_2020-10-18|2020-11-13_2020-11-17|2020-12-11_2020-12-15|2021-01-14_2021-01-18|2021-03-11_2021-03-15|2021-10-14_2021-10-18|2022-01-13_2022-01-17|2022-03-11_2022-03-15|2022-05-12_2022-05-16|2022-06-11_2022-06-15|2022-09-14_2022-09-18|2022-11-11_2022-11-15|2023-05-11_2023-05-15|2023-06-14_2023-06-18|2023-07-13_2023-07-17|2023-08-11_2023-08-15|2023-12-13_2023-12-17|2024-01-12_2024-01-16|2024-02-14_2024-02-18|2024-04-11_2024-04-15|2024-07-12_2024-07-16|2024-09-12_2024-09-16|2024-10-11_2024-10-15|2024-11-14_2024-11-18|2024-12-12_2024-12-16|2025-02-13_2025-02-17|2025-06-12_2025-06-16|2025-07-16_2025-07-20|2026-01-14_2026-01-18
0.2,1,PPI m/m,Bad,14,7,7,50.0,50.0,1.0,2019-04-11_2019-04-15|2020-06-11_2020-06-15|2021-05-13_2021-05-17|2021-06-11_2021-06-15|2021-07-14_2021-07-18|2021-08-12_2021-08-16|2021-12-11_2021-12-15|2022-02-11_2022-02-15|2022-04-13_2022-04-17|2022-07-14_2022-07-18|2023-02-15_2023-02-19|2023-09-14_2023-09-18|2024-03-13_2024-03-17|2025-08-13_2025-08-17
0.2,1,PPI m/m,Good,10,4,6,40.0,60.0,0.67,2020-03-12_2020-03-16|2020-05-13_2020-05-17|2022-08-11_2022-08-15|2023-03-15_2023-03-19|2023-04-13_2023-04-17|2023-11-15_2023-11-19|2024-06-13_2024-06-17|2025-03-13_2025-03-17|2025-04-11_2025-04-15|2025-05-14_2025-05-18
0.3,1,PPI m/m,Neutral,46,32,14,69.6,30.4,2.29,2018-02-15_2018-02-19|2018-03-14_2018-03-18|2018-06-13_2018-06-17|2019-01-12_2019-01-16|2019-02-14_2019-02-18|2019-03-13_2019-03-17|2019-04-11_2019-04-15|2019-07-12_2019-07-16|2019-11-14_2019-11-18|2019-12-12_2019-12-16|2020-01-15_2020-01-19|2020-10-14_2020-10-18|2020-11-13_2020-11-17|2020-12-11_2020-12-15|2021-01-14_2021-01-18|2021-03-11_2021-03-15|2021-05-13_2021-05-17|2021-10-14_2021-10-18|2022-01-13_2022-01-17|2022-03-11_2022-03-15|2022-04-13_2022-04-17|2022-05-12_2022-05-16|2022-06-11_2022-06-15|2022-09-14_2022-09-18|2022-11-11_2022-11-15|2023-02-15_2023-02-19|2023-05-11_2023-05-15|2023-06-14_2023-06-18|2023-07-13_2023-07-17|2023-08-11_2023-08-15|2023-09-14_2023-09-18|2023-12-13_2023-12-17|2024-01-12_2024-01-16|2024-02-14_2024-02-18|2024-03-13_2024-03-17|2024-04-11_2024-04-15|2024-07-12_2024-07-16|2024-09-12_2024-09-16|2024-10-11_2024-10-15|2024-11-14_2024-11-18|2024-12-12_2024-12-16|2025-02-13_2025-02-17|2025-03-13_2025-03-17|2025-06-12_2025-06-16|2025-07-16_2025-07-20|2026-01-14_2026-01-18
0.3,1,PPI m/m,Good,9,4,5,44.4,55.6,0.8,2020-03-12_2020-03-16|2020-05-13_2020-05-17|2022-08-11_2022-08-15|2023-03-15_2023-03-19|2023-04-13_2023-04-17|2023-11-15_2023-11-19|2024-06-13_2024-06-17|2025-04-11_2025-04-15|2025-05-14_2025-05-18
0.3,1,PPI m/m,Bad,8,4,4,50.0,50.0,1.0,2020-06-11_2020-06-15|2021-06-11_2021-06-15|2021-07-14_2021-07-18|2021-08-12_2021-08-16|2021-12-11_2021-12-15|2022-02-11_2022-02-15|2022-07-14_2022-07-18|2025-08-13_2025-08-17
0.0,1,Core PPI m/m,Bad,22,14,8,63.6,36.4,1.75,2018-02-15_2018-02-19|2018-06-13_2018-06-17|2019-02-14_2019-02-18|2019-04-11_2019-04-15|2019-07-12_2019-07-16|2019-11-14_2019-11-18|2020-10-14_2020-10-18|2021-05-13_2021-05-17|2021-06-11_2021-06-15|2021-07-14_2021-07-18|2021-08-12_2021-08-16|2021-12-11_2021-12-15|2022-02-11_2022-02-15|2022-04-13_2022-04-17|2022-09-14_2022-09-18|2023-02-15_2023-02-19|2023-08-11_2023-08-15|2024-02-14_2024-02-18|2024-03-13_2024-03-17|2024-07-12_2024-07-16|2024-09-12_2024-09-16|2025-08-13_2025-08-17
0.0,1,Core PPI m/m,Neutral,13,9,4,69.2,30.8,2.25,2018-03-14_2018-03-18|2020-06-11_2020-06-15|2021-01-14_2021-01-18|2021-03-11_2021-03-15|2022-01-13_2022-01-17|2023-05-11_2023-05-15|2023-06-14_2023-06-18|2023-09-14_2023-09-18|2024-04-11_2024-04-15|2024-10-11_2024-10-15|2024-11-14_2024-11-18|2024-12-12_2024-12-16|2025-02-13_2025-02-17
0.0,1,Core PPI m/m,Good,28,17,11,60.7,39.3,1.55,2019-01-12_2019-01-16|2019-03-13_2019-03-17|2019-12-12_2019-12-16|2020-01-15_2020-01-19|2020-03-12_2020-03-16|2020-05-13_2020-05-17|2020-11-13_2020-11-17|2020-12-11_2020-12-15|2021-10-14_2021-10-18|2022-03-11_2022-03-15|2022-05-12_2022-05-16|2022-06-11_2022-06-15|2022-07-14_2022-07-18|2022-08-11_2022-08-15|2022-11-11_2022-11-15|2023-03-15_2023-03-19|2023-04-13_2023-04-17|2023-07-13_2023-07-17|2023-11-15_2023-11-19|2023-12-13_2023-12-17|2024-01-12_2024-01-16|2024-06-13_2024-06-17|2025-03-13_2025-03-17|2025-04-11_2025-04-15|2025-05-14_2025-05-18|2025-06-12_2025-06-16|2025-07-16_2025-07-20|2026-01-14_2026-01-18
0.1,1,Core PPI m/m,Bad,14,8,6,57.1,42.9,1.33,2018-02-15_2018-02-19|2020-10-14_2020-10-18|2021-05-13_2021-05-17|2021-06-11_2021-06-15|2021-07-14_2021-07-18|2021-08-12_2021-08-16|2021-12-11_2021-12-15|2022-02-11_2022-02-15|2022-04-13_2022-04-17|2022-09-14_2022-09-18|2023-02-15_2023-02-19|2024-02-14_2024-02-18|2024-07-12_2024-07-16|2025-08-13_2025-08-17
0.1,1,Core PPI m/m,Neutral,28,21,7,75.0,25.0,3.0,2018-03-14_2018-03-18|2018-06-13_2018-06-17|2019-02-14_2019-02-18|2019-03-13_2019-03-17|2019-04-11_2019-04-15|2019-07-12_2019-07-16|2019-11-14_2019-11-18|2020-01-15_2020-01-19|2020-06-11_2020-06-15|2020-11-13_2020-11-17|2020-12-11_2020-12-15|2021-01-14_2021-01-18|2021-03-11_2021-03-15|2022-01-13_2022-01-17|2022-06-11_2022-06-15|2022-07-14_2022-07-18|2023-05-11_2023-05-15|2023-06-14_2023-06-18|2023-07-13_2023-07-17|2023-08-11_2023-08-15|2023-09-14_2023-09-18|2024-03-13_2024-03-17|2024-04-11_2024-04-15|2024-09-12_2024-09-16|2024-10-11_2024-10-15|2024-11-14_2024-11-18|2024-12-12_2024-12-16|2025-02-13_2025-02-17
0.1,1,Core PPI m/m,Good,21,11,10,52.4,47.6,1.1,2019-01-12_2019-01-16|2019-12-12_2019-12-16|2020-03-12_2020-03-16|2020-05-13_2020-05-17|2021-10-14_2021-10-18|2022-03-11_2022-03-15|2022-05-12_2022-05-16|2022-08-11_2022-08-15|2022-11-11_2022-11-15|2023-03-15_2023-03-19|2023-04-13_2023-04-17|2023-11-15_2023-11-19|2023-12-13_2023-12-17|2024-01-12_2024-01-16|2024-06-13_2024-06-17|2025-03-13_2025-03-17|2025-04-11_2025-04-15|2025-05-14_2025-05-18|2025-06-12_2025-06-16|2025-07-16_2025-07-20|2026-01-14_2026-01-18
0.2,1,Core PPI m/m,Neutral,42,30,12,71.4,28.6,2.5,2018-02-15_2018-02-19|2018-03-14_2018-03-18|2018-06-13_2018-06-17|2019-02-14_2019-02-18|2019-03-13_2019-03-17|2019-04-11_2019-04-15|2019-07-12_2019-07-16|2019-11-14_2019-11-18|2020-01-15_2020-01-19|2020-05-13_2020-05-17|2020-06-11_2020-06-15|2020-10-14_2020-10-18|2020-11-13_2020-11-17|2020-12-11_2020-12-15|2021-01-14_2021-01-18|2021-03-11_2021-03-15|2021-06-11_2021-06-15|2022-01-13_2022-01-17|2022-05-12_2022-05-16|2022-06-11_2022-06-15|2022-07-14_2022-07-18|2022-08-11_2022-08-15|2022-09-14_2022-09-18|2023-02-15_2023-02-19|2023-05-11_2023-05-15|2023-06-14_2023-06-18|2023-07-13_2023-07-17|2023-08-11_2023-08-15|2023-09-14_2023-09-18|2023-12-13_2023-12-17|2024-01-12_2024-01-16|2024-03-13_2024-03-17|2024-04-11_2024-04-15|2024-07-12_2024-07-16|2024-09-12_2024-09-16|2024-10-11_2024-10-15|2024-11-14_2024-11-18|2024-12-12_2024-12-16|2025-02-13_2025-02-17|2025-06-12_2025-06-16|2025-07-16_2025-07-20|2026-01-14_2026-01-18
0.2,1,Core PPI m/m,Good,13,8,5,61.5,38.5,1.6,2019-01-12_2019-01-16|2019-12-12_2019-12-16|2020-03-12_2020-03-16|2021-10-14_2021-10-18|2022-03-11_2022-03-15|2022-11-11_2022-11-15|2023-03-15_2023-03-19|2023-04-13_2023-04-17|2023-11-15_2023-11-19|2024-06-13_2024-06-17|2025-03-13_2025-03-17|2025-04-11_2025-04-15|2025-05-14_2025-05-18
0.2,1,Core PPI m/m,Bad,8,2,6,25.0,75.0,0.33,2021-05-13_2021-05-17|2021-07-14_2021-07-18|2021-08-12_2021-08-16|2021-12-11_2021-12-15|2022-02-11_2022-02-15|2022-04-13_2022-04-17|2024-02-14_2024-02-18|2025-08-13_2025-08-17
0.3,1,Core PPI m/m,Neutral,48,35,13,72.9,27.1,2.69,2018-02-15_2018-02-19|2018-03-14_2018-03-18|2018-06-13_2018-06-17|2019-02-14_2019-02-18|2019-03-13_2019-03-17|2019-04-11_2019-04-15|2019-07-12_2019-07-16|2019-11-14_2019-11-18|2020-01-15_2020-01-19|2020-05-13_2020-05-17|2020-06-11_2020-06-15|2020-10-14_2020-10-18|2020-11-13_2020-11-17|2020-12-11_2020-12-15|2021-01-14_2021-01-18|2021-03-11_2021-03-15|2021-05-13_2021-05-17|2021-06-11_2021-06-15|2021-10-14_2021-10-18|2021-12-11_2021-12-15|2022-01-13_2022-01-17|2022-05-12_2022-05-16|2022-06-11_2022-06-15|2022-07-14_2022-07-18|2022-08-11_2022-08-15|2022-09-14_2022-09-18|2022-11-11_2022-11-15|2023-02-15_2023-02-19|2023-05-11_2023-05-15|2023-06-14_2023-06-18|2023-07-13_2023-07-17|2023-08-11_2023-08-15|2023-09-14_2023-09-18|2023-11-15_2023-11-19|2023-12-13_2023-12-17|2024-01-12_2024-01-16|2024-03-13_2024-03-17|2024-04-11_2024-04-15|2024-06-13_2024-06-17|2024-07-12_2024-07-16|2024-09-12_2024-09-16|2024-10-11_2024-10-15|2024-11-14_2024-11-18|2024-12-12_2024-12-16|2025-02-13_2025-02-17|2025-06-12_2025-06-16|2025-07-16_2025-07-20|2026-01-14_2026-01-18
0.3,1,Core PPI m/m,Good,9,4,5,44.4,55.6,0.8,2019-01-12_2019-01-16|2019-12-12_2019-12-16|2020-03-12_2020-03-16|2022-03-11_2022-03-15|2023-03-15_2023-03-19|2023-04-13_2023-04-17|2025-03-13_2025-03-17|2025-04-11_2025-04-15|2025-05-14_2025-05-18
0.3,1,Core PPI m/m,Bad,6,1,5,16.7,83.3,0.2,2021-07-14_2021-07-18|2021-08-12_2021-08-16|2022-02-11_2022-02-15|2022-04-13_2022-04-17|2024-02-14_2024-02-18|2025-08-13_2025-08-17
0.0,1,FOMC,Neutral,2,0,2,0.0,100.0,0.0,2023-06-14_2023-06-18|2023-12-13_2023-12-17
0.1,1,FOMC,Neutral,2,0,2,0.0,100.0,0.0,2023-06-14_2023-06-18|2023-12-13_2023-12-17
0.2,1,FOMC,Neutral,2,0,2,0.0,100.0,0.0,2023-06-14_2023-06-18|2023-12-13_2023-12-17
0.3,1,FOMC,Neutral,2,0,2,0.0,100.0,0.0,2023-06-14_2023-06-18|2023-12-13_2023-12-17
0.0,2,PPI m/m|Core PPI m/m,Neutral|Bad,3,2,1,66.7,33.3,2.0,2018-02-15_2018-02-19|2019-07-12_2019-07-16|2022-09-14_2022-09-18
0.0,2,PPI m/m|Core PPI m/m,Bad|Neutral,6,5,1,83.3,16.7,5.0,2018-03-14_2018-03-18|2020-06-11_2020-06-15|2021-03-11_2021-03-15|2023-09-14_2023-09-18|2024-12-12_2024-12-16|2025-02-13_2025-02-17
0.0,2,PPI m/m|Core PPI m/m,Bad|Bad,18,11,7,61.1,38.9,1.57,2018-06-13_2018-06-17|2019-04-11_2019-04-15|2019-11-14_2019-11-18|2020-10-14_2020-10-18|2021-05-13_2021-05-17|2021-06-11_2021-06-15|2021-07-14_2021-07-18|2021-08-12_2021-08-16|2021-12-11_2021-12-15|2022-02-11_2022-02-15|2022-04-13_2022-04-17|2023-02-15_2023-02-19|2023-08-11_2023-08-15|2024-02-14_2024-02-18|2024-03-13_2024-03-17|2024-07-12_2024-07-16|2024-09-12_2024-09-16|2025-08-13_2025-08-17
0.0,2,PPI m/m|Core PPI m/m,Good|Good,21,13,8,61.9,38.1,1.62,2019-01-12_2019-01-16|2019-03-13_2019-03-17|2019-12-12_2019-12-16|2020-01-15_2020-01-19|2020-03-12_2020-03-16|2020-05-13_2020-05-17|2021-10-14_2021-10-18|2022-03-11_2022-03-15|2022-08-11_2022-08-15|2022-11-11_2022-11-15|2023-03-15_2023-03-19|2023-04-13_2023-04-17|2023-07-13_2023-07-17|2023-11-15_2023-11-19|2024-01-12_2024-01-16|2024-06-13_2024-06-17|2025-03-13_2025-03-17|2025-04-11_2025-04-15|2025-05-14_2025-05-18|2025-06-12_2025-06-16|2025-07-16_2025-07-20
0.0,2,PPI m/m|Core PPI m/m,Good|Bad,1,1,0,100.0,0.0,inf,2019-02-14_2019-02-18
0.0,2,PPI m/m|Core PPI m/m,Bad|Good,2,1,1,50.0,50.0,1.0,2020-11-13_2020-11-17|2022-07-14_2022-07-18
0.0,2,PPI m/m|Core PPI m/m,Neutral|Good,5,3,2,60.0,40.0,1.5,2020-12-11_2020-12-15|2022-05-12_2022-05-16|2022-06-11_2022-06-15|2023-12-13_2023-12-17|2026-01-14_2026-01-18
0.0,2,PPI m/m|Core PPI m/m,Good|Neutral,6,4,2,66.7,33.3,2.0,2021-01-14_2021-01-18|2022-01-13_2022-01-17|2023-05-11_2023-05-15|2023-06-14_2023-06-18|2024-04-11_2024-04-15|2024-10-11_2024-10-15
0.0,2,PPI m/m|Core PPI m/m,Neutral|Neutral,1,0,1,0.0,100.0,0.0,2024-11-14_2024-11-18
0.1,2,PPI m/m|Core PPI m/m,Neutral|Bad,3,3,0,100.0,0.0,inf,2018-02-15_2018-02-19|2022-09-14_2022-09-18|2024-07-12_2024-07-16
0.1,2,PPI m/m|Core PPI m/m,Neutral|Neutral,15,11,4,73.3,26.7,2.75,2018-03-14_2018-03-18|2019-03-13_2019-03-17|2019-07-12_2019-07-16|2020-01-15_2020-01-19|2020-11-13_2020-11-17|2020-12-11_2020-12-15|2021-03-11_2021-03-15|2022-06-11_2022-06-15|2023-05-11_2023-05-15|2023-07-13_2023-07-17|2023-08-11_2023-08-15|2024-04-11_2024-04-15|2024-09-12_2024-09-16|2024-10-11_2024-10-15|2024-11-14_2024-11-18
0.1,2,PPI m/m|Core PPI m/m,Bad|Neutral,9,7,2,77.8,22.2,3.5,2018-06-13_2018-06-17|2019-04-11_2019-04-15|2019-11-14_2019-11-18|2020-06-11_2020-06-15|2022-07-14_2022-07-18|2023-09-14_2023-09-18|2024-03-13_2024-03-17|2024-12-12_2024-12-16|2025-02-13_2025-02-17
0.1,2,PPI m/m|Core PPI m/m,Neutral|Good,6,4,2,66.7,33.3,2.0,2019-01-12_2019-01-16|2021-10-14_2021-10-18|2022-05-12_2022-05-16|2023-12-13_2023-12-17|2025-06-12_2025-06-16|2026-01-14_2026-01-18
0.1,2,PPI m/m|Core PPI m/m,Good|Neutral,4,3,1,75.0,25.0,3.0,2019-02-14_2019-02-18|2021-01-14_2021-01-18|2022-01-13_2022-01-17|2023-06-14_2023-06-18
0.1,2,PPI m/m|Core PPI m/m,Good|Good,15,7,8,46.7,53.3,0.87,2019-12-12_2019-12-16|2020-03-12_2020-03-16|2020-05-13_2020-05-17|2022-03-11_2022-03-15|2022-08-11_2022-08-15|2022-11-11_2022-11-15|2023-03-15_2023-03-19|2023-04-13_2023-04-17|2023-11-15_2023-11-19|2024-01-12_2024-01-16|2024-06-13_2024-06-17|2025-03-13_2025-03-17|2025-04-11_2025-04-15|2025-05-14_2025-05-18|2025-07-16_2025-07-20
0.1,2,PPI m/m|Core PPI m/m,Bad|Bad,11,5,6,45.5,54.5,0.83,2020-10-14_2020-10-18|2021-05-13_2021-05-17|2021-06-11_2021-06-15|2021-07-14_2021-07-18|2021-08-12_2021-08-16|2021-12-11_2021-12-15|2022-02-11_2022-02-15|2022-04-13_2022-04-17|2023-02-15_2023-02-19|2024-02-14_2024-02-18|2025-08-13_2025-08-17
0.2,2,PPI m/m|Core PPI m/m,Neutral|Neutral,33,25,8,75.8,24.2,3.12,2018-02-15_2018-02-19|2018-03-14_2018-03-18|2018-06-13_2018-06-17|2019-02-14_2019-02-18|2019-03-13_2019-03-17|2019-07-12_2019-07-16|2019-11-14_2019-11-18|2020-01-15_2020-01-19|2020-10-14_2020-10-18|2020-11-13_2020-11-17|2020-12-11_2020-12-15|2021-01-14_2021-01-18|2021-03-11_2021-03-15|2022-01-13_2022-01-17|2022-05-12_2022-05-16|2022-06-11_2022-06-15|2022-09-14_2022-09-18|2023-05-11_2023-05-15|2023-06-14_2023-06-18|2023-07-13_2023-07-17|2023-08-11_2023-08-15|2023-12-13_2023-12-17|2024-01-12_2024-01-16|2024-04-11_2024-04-15|2024-07-12_2024-07-16|2024-09-12_2024-09-16|2024-10-11_2024-10-15|2024-11-14_2024-11-18|2024-12-12_2024-12-16|2025-02-13_2025-02-17|2025-06-12_2025-06-16|2025-07-16_2025-07-20|2026-01-14_2026-01-18
0.2,2,PPI m/m|Core PPI m/m,Neutral|Good,5,4,1,80.0,20.0,4.0,2019-01-12_2019-01-16|2019-12-12_2019-12-16|2021-10-14_2021-10-18|2022-03-11_2022-03-15|2022-11-11_2022-11-15
0.2,2,PPI m/m|Core PPI m/m,Bad|Neutral,7,5,2,71.4,28.6,2.5,2019-04-11_2019-04-15|2020-06-11_2020-06-15|2021-06-11_2021-06-15|2022-07-14_2022-07-18|2023-02-15_2023-02-19|2023-09-14_2023-09-18|2024-03-13_2024-03-17
0.2,2,PPI m/m|Core PPI m/m,Good|Good,8,4,4,50.0,50.0,1.0,2020-03-12_2020-03-16|2023-03-15_2023-03-19|2023-04-13_2023-04-17|2023-11-15_2023-11-19|2024-06-13_2024-06-17|2025-03-13_2025-03-17|2025-04-11_2025-04-15|2025-05-14_2025-05-18
0.2,2,PPI m/m|Core PPI m/m,Good|Neutral,2,0,2,0.0,100.0,0.0,2020-05-13_2020-05-17|2022-08-11_2022-08-15
0.2,2,PPI m/m|Core PPI m/m,Bad|Bad,7,2,5,28.6,71.4,0.4,2021-05-13_2021-05-17|2021-07-14_2021-07-18|2021-08-12_2021-08-16|2021-12-11_2021-12-15|2022-02-11_2022-02-15|2022-04-13_2022-04-17|2025-08-13_2025-08-17
0.2,2,PPI m/m|Core PPI m/m,Neutral|Bad,1,0,1,0.0,100.0,0.0,2024-02-14_2024-02-18
0.3,2,PPI m/m|Core PPI m/m,Neutral|Neutral,40,30,10,75.0,25.0,3.0,2018-02-15_2018-02-19|2018-03-14_2018-03-18|2018-06-13_2018-06-17|2019-02-14_2019-02-18|2019-03-13_2019-03-17|2019-04-11_2019-04-15|2019-07-12_2019-07-16|2019-11-14_2019-11-18|2020-01-15_2020-01-19|2020-10-14_2020-10-18|2020-11-13_2020-11-17|2020-12-11_2020-12-15|2021-01-14_2021-01-18|2021-03-11_2021-03-15|2021-05-13_2021-05-17|2021-10-14_2021-10-18|2022-01-13_2022-01-17|2022-05-12_2022-05-16|2022-06-11_2022-06-15|2022-09-14_2022-09-18|2022-11-11_2022-11-15|2023-02-15_2023-02-19|2023-05-11_2023-05-15|2023-06-14_2023-06-18|2023-07-13_2023-07-17|2023-08-11_2023-08-15|2023-09-14_2023-09-18|2023-12-13_2023-12-17|2024-01-12_2024-01-16|2024-03-13_2024-03-17|2024-04-11_2024-04-15|2024-07-12_2024-07-16|2024-09-12_2024-09-16|2024-10-11_2024-10-15|2024-11-14_2024-11-18|2024-12-12_2024-12-16|2025-02-13_2025-02-17|2025-06-12_2025-06-16|2025-07-16_2025-07-20|2026-01-14_2026-01-18
0.3,2,PPI m/m|Core PPI m/m,Neutral|Good,4,2,2,50.0,50.0,1.0,2019-01-12_2019-01-16|2019-12-12_2019-12-16|2022-03-11_2022-03-15|2025-03-13_2025-03-17
0.3,2,PPI m/m|Core PPI m/m,Good|Good,5,2,3,40.0,60.0,0.67,2020-03-12_2020-03-16|2023-03-15_2023-03-19|2023-04-13_2023-04-17|2025-04-11_2025-04-15|2025-05-14_2025-05-18
0.3,2,PPI m/m|Core PPI m/m,Good|Neutral,4,2,2,50.0,50.0,1.0,2020-05-13_2020-05-17|2022-08-11_2022-08-15|2023-11-15_2023-11-19|2024-06-13_2024-06-17
0.3,2,PPI m/m|Core PPI m/m,Bad|Neutral,4,3,1,75.0,25.0,3.0,2020-06-11_2020-06-15|2021-06-11_2021-06-15|2021-12-11_2021-12-15|2022-07-14_2022-07-18
0.3,2,PPI m/m|Core PPI m/m,Bad|Bad,4,1,3,25.0,75.0,0.33,2021-07-14_2021-07-18|2021-08-12_2021-08-16|2022-02-11_2022-02-15|2025-08-13_2025-08-17
0.3,2,PPI m/m|Core PPI m/m,Neutral|Bad,2,0,2,0.0,100.0,0.0,2022-04-13_2022-04-17|2024-02-14_2024-02-18
0.0,2,PPI m/m|FOMC,Good|Neutral,1,0,1,0.0,100.0,0.0,2023-06-14_2023-06-18
0.0,2,PPI m/m|FOMC,Neutral|Neutral,1,0,1,0.0,100.0,0.0,2023-12-13_2023-12-17
0.1,2,PPI m/m|FOMC,Good|Neutral,1,0,1,0.0,100.0,0.0,2023-06-14_2023-06-18
0.1,2,PPI m/m|FOMC,Neutral|Neutral,1,0,1,0.0,100.0,0.0,2023-12-13_2023-12-17
0.2,2,PPI m/m|FOMC,Neutral|Neutral,2,0,2,0.0,100.0,0.0,2023-06-14_2023-06-18|2023-12-13_2023-12-17
0.3,2,PPI m/m|FOMC,Neutral|Neutral,2,0,2,0.0,100.0,0.0,2023-06-14_2023-06-18|2023-12-13_2023-12-17
0.0,2,Core PPI m/m|FOMC,Neutral|Neutral,1,0,1,0.0,100.0,0.0,2023-06-14_2023-06-18
0.0,2,Core PPI m/m|FOMC,Good|Neutral,1,0,1,0.0,100.0,0.0,2023-12-13_2023-12-17
0.1,2,Core PPI m/m|FOMC,Neutral|Neutral,1,0,1,0.0,100.0,0.0,2023-06-14_2023-06-18
0.1,2,Core PPI m/m|FOMC,Good|Neutral,1,0,1,0.0,100.0,0.0,2023-12-13_2023-12-17
0.2,2,Core PPI m/m|FOMC,Neutral|Neutral,2,0,2,0.0,100.0,0.0,2023-06-14_2023-06-18|2023-12-13_2023-12-17
0.3,2,Core PPI m/m|FOMC,Neutral|Neutral,2,0,2,0.0,100.0,0.0,2023-06-14_2023-06-18|2023-12-13_2023-12-17
0.0,3,PPI m/m|Core PPI m/m|FOMC,Good|Neutral|Neutral,1,0,1,0.0,100.0,0.0,2023-06-14_2023-06-18
0.0,3,PPI m/m|Core PPI m/m|FOMC,Neutral|Good|Neutral,1,0,1,0.0,100.0,0.0,2023-12-13_2023-12-17
0.1,3,PPI m/m|Core PPI m/m|FOMC,Good|Neutral|Neutral,1,0,1,0.0,100.0,0.0,2023-06-14_2023-06-18
0.1,3,PPI m/m|Core PPI m/m|FOMC,Neutral|Good|Neutral,1,0,1,0.0,100.0,0.0,2023-12-13_2023-12-17
0.2,3,PPI m/m|Core PPI m/m|FOMC,Neutral|Neutral|Neutral,2,0,2,0.0,100.0,0.0,2023-06-14_2023-06-18|2023-12-13_2023-12-17
0.3,3,PPI m/m|Core PPI m/m|FOMC,Neutral|Neutral|Neutral,2,0,2,0.0,100.0,0.0,2023-06-14_2023-06-18|2023-12-13_2023-12-17
