آستانه,تعداد_شاخص‌ها,لیست_شاخص‌ها,الگوی_وضعیت,تعداد_کل_وقوع,تعداد_ضررده,تعداد_سودده,درصد_ضررده,درصد_سودده,نسبت_شانس,ماه‌ها
0.0,1,CPI m/m,Neutral,34,18,16,52.9,47.1,1.13,2018-01|2018-03|2018-06|2018-08|2018-11|2018-12|2019-01|2019-03|2019-06|2019-08|2019-09|2020-01|2020-10|2021-01|2021-02|2021-03|2021-08|2022-03|2022-04|2023-01|2023-02|2023-03|2023-05|2023-08|2023-09|2024-03|2024-08|2024-09|2024-11|2024-12|2025-01|2025-07|2025-08|2026-01
0.0,1,CPI m/m,Bad,32,19,13,59.4,40.6,1.46,2018-02|2019-04|2019-07|2019-11|2019-12|2020-03|2020-07|2020-08|2020-09|2020-12|2021-04|2021-05|2021-06|2021-07|2021-10|2021-11|2021-12|2022-01|2022-02|2022-05|2022-06|2022-07|2022-09|2022-10|2023-10|2023-12|2024-01|2024-02|2024-04|2024-10|2025-02|2025-09
0.0,1,CPI m/m,Good,30,16,14,53.3,46.7,1.14,2018-04|2018-05|2018-07|2018-09|2018-10|2019-02|2019-05|2019-10|2020-02|2020-04|2020-05|2020-06|2020-11|2021-09|2022-08|2022-11|2022-12|2023-04|2023-06|2023-07|2023-11|2024-05|2024-06|2024-07|2025-03|2025-04|2025-05|2025-06|2025-10|2026-02
0.1,1,CPI m/m,Neutral,65,31,34,47.7,52.3,0.91,2018-01|2018-03|2018-04|2018-05|2018-06|2018-07|2018-08|2018-09|2018-10|2018-11|2018-12|2019-01|2019-02|2019-03|2019-06|2019-07|2019-08|2019-09|2019-10|2019-12|2020-01|2020-02|2020-03|2020-06|2020-07|2020-10|2020-11|2020-12|2021-01|2021-02|2021-03|2021-04|2021-08|2022-01|2022-03|2022-04|2022-05|2023-01|2023-02|2023-03|2023-04|2023-05|2023-06|2023-07|2023-08|2023-09|2023-11|2023-12|2024-01|2024-02|2024-03|2024-06|2024-08|2024-09|2024-10|2024-11|2024-12|2025-01|2025-03|2025-05|2025-06|2025-07|2025-08|2026-01|2026-02
0.1,1,CPI m/m,Bad,20,16,4,80.0,20.0,4.0,2018-02|2019-04|2019-11|2020-08|2020-09|2021-05|2021-06|2021-07|2021-10|2021-11|2021-12|2022-02|2022-06|2022-07|2022-09|2022-10|2023-10|2024-04|2025-02|2025-09
0.1,1,CPI m/m,Good,11,6,5,54.5,45.5,1.2,2019-05|2020-04|2020-05|2021-09|2022-08|2022-11|2022-12|2024-05|2024-07|2025-04|2025-10
0.2,1,CPI m/m,Neutral,91,49,42,53.8,46.2,1.17,2018-01|2018-02|2018-03|2018-04|2018-05|2018-06|2018-07|2018-08|2018-09|2018-10|2018-11|2018-12|2019-01|2019-02|2019-03|2019-04|2019-05|2019-06|2019-07|2019-08|2019-09|2019-10|2019-11|2019-12|2020-01|2020-02|2020-03|2020-04|2020-05|2020-06|2020-07|2020-09|2020-10|2020-11|2020-12|2021-01|2021-02|2021-03|2021-04|2021-06|2021-08|2021-09|2021-10|2021-12|2022-01|2022-02|2022-03|2022-04|2022-05|2022-07|2022-08|2022-09|2022-10|2022-11|2022-12|2023-01|2023-02|2023-03|2023-04|2023-05|2023-06|2023-07|2023-08|2023-09|2023-10|2023-11|2023-12|2024-01|2024-02|2024-03|2024-04|2024-05|2024-06|2024-07|2024-08|2024-09|2024-10|2024-11|2024-12|2025-01|2025-02|2025-03|2025-04|2025-05|2025-06|2025-07|2025-08|2025-09|2025-10|2026-01|2026-02
0.2,1,CPI m/m,Bad,5,4,1,80.0,20.0,4.0,2020-08|2021-05|2021-07|2021-11|2022-06
0.3,1,CPI m/m,Neutral,92,50,42,54.3,45.7,1.19,2018-01|2018-02|2018-03|2018-04|2018-05|2018-06|2018-07|2018-08|2018-09|2018-10|2018-11|2018-12|2019-01|2019-02|2019-03|2019-04|2019-05|2019-06|2019-07|2019-08|2019-09|2019-10|2019-11|2019-12|2020-01|2020-02|2020-03|2020-04|2020-05|2020-06|2020-07|2020-08|2020-09|2020-10|2020-11|2020-12|2021-01|2021-02|2021-03|2021-04|2021-06|2021-08|2021-09|2021-10|2021-12|2022-01|2022-02|2022-03|2022-04|2022-05|2022-07|2022-08|2022-09|2022-10|2022-11|2022-12|2023-01|2023-02|2023-03|2023-04|2023-05|2023-06|2023-07|2023-08|2023-09|2023-10|2023-11|2023-12|2024-01|2024-02|2024-03|2024-04|2024-05|2024-06|2024-07|2024-08|2024-09|2024-10|2024-11|2024-12|2025-01|2025-02|2025-03|2025-04|2025-05|2025-06|2025-07|2025-08|2025-09|2025-10|2026-01|2026-02
0.3,1,CPI m/m,Bad,4,3,1,75.0,25.0,3.0,2021-05|2021-07|2021-11|2022-06
0.0,1,Core CPI m/m,Bad,31,16,15,51.6,48.4,1.07,2018-01|2018-02|2018-06|2019-07|2019-08|2019-09|2020-07|2020-08|2020-09|2020-12|2021-04|2021-05|2021-06|2021-07|2021-11|2022-01|2022-02|2022-05|2022-06|2022-07|2022-09|2022-10|2023-03|2023-05|2023-09|2024-02|2024-03|2024-04|2024-09|2024-10|2025-02
0.0,1,Core CPI m/m,Neutral,32,17,15,53.1,46.9,1.13,2018-03|2018-04|2018-07|2018-08|2018-11|2018-12|2019-01|2019-02|2019-11|2019-12|2020-02|2020-03|2020-10|2021-01|2021-10|2021-12|2022-03|2023-01|2023-02|2023-04|2023-06|2023-08|2023-10|2023-12|2024-01|2024-05|2024-08|2024-11|2024-12|2025-08|2025-09|2026-02
0.0,1,Core CPI m/m,Good,33,20,13,60.6,39.4,1.54,2018-05|2018-09|2018-10|2019-03|2019-04|2019-05|2019-06|2019-10|2020-01|2020-04|2020-05|2020-06|2020-11|2021-02|2021-03|2021-08|2021-09|2022-04|2022-08|2022-11|2022-12|2023-07|2023-11|2024-06|2024-07|2025-01|2025-03|2025-04|2025-05|2025-06|2025-07|2025-10|2026-01
0.1,1,Core CPI m/m,Neutral,70,35,35,50.0,50.0,1.0,2018-01|2018-02|2018-03|2018-04|2018-05|2018-06|2018-07|2018-08|2018-09|2018-10|2018-11|2018-12|2019-01|2019-02|2019-03|2019-04|2019-05|2019-06|2019-07|2019-08|2019-09|2019-10|2019-11|2019-12|2020-01|2020-02|2020-03|2020-06|2020-07|2020-10|2020-12|2021-01|2021-03|2021-04|2021-10|2021-12|2022-01|2022-02|2022-03|2022-06|2022-12|2023-01|2023-02|2023-03|2023-04|2023-06|2023-07|2023-08|2023-09|2023-10|2023-11|2023-12|2024-01|2024-05|2024-06|2024-07|2024-08|2024-09|2024-10|2024-11|2024-12|2025-01|2025-03|2025-05|2025-07|2025-08|2025-09|2025-10|2026-01|2026-02
0.1,1,Core CPI m/m,Good,11,8,3,72.7,27.3,2.67,2020-04|2020-05|2020-11|2021-02|2021-08|2021-09|2022-04|2022-08|2022-11|2025-04|2025-06
0.1,1,Core CPI m/m,Bad,15,10,5,66.7,33.3,2.0,2020-08|2020-09|2021-05|2021-06|2021-07|2021-11|2022-05|2022-07|2022-09|2022-10|2023-05|2024-02|2024-03|2024-04|2025-02
0.2,1,Core CPI m/m,Neutral,92,51,41,55.4,44.6,1.24,2018-01|2018-02|2018-03|2018-04|2018-05|2018-06|2018-07|2018-08|2018-09|2018-10|2018-11|2018-12|2019-01|2019-02|2019-03|2019-04|2019-05|2019-06|2019-07|2019-08|2019-09|2019-10|2019-11|2019-12|2020-01|2020-02|2020-03|2020-04|2020-05|2020-06|2020-07|2020-09|2020-10|2020-11|2020-12|2021-01|2021-02|2021-03|2021-04|2021-06|2021-08|2021-09|2021-10|2021-11|2021-12|2022-01|2022-02|2022-03|2022-04|2022-05|2022-06|2022-07|2022-08|2022-10|2022-11|2022-12|2023-01|2023-02|2023-03|2023-04|2023-05|2023-06|2023-07|2023-08|2023-09|2023-10|2023-11|2023-12|2024-01|2024-02|2024-03|2024-04|2024-05|2024-06|2024-07|2024-08|2024-09|2024-10|2024-11|2024-12|2025-01|2025-02|2025-03|2025-04|2025-05|2025-06|2025-07|2025-08|2025-09|2025-10|2026-01|2026-02
0.2,1,Core CPI m/m,Bad,4,2,2,50.0,50.0,1.0,2020-08|2021-05|2021-07|2022-09
0.3,1,Core CPI m/m,Neutral,93,51,42,54.8,45.2,1.21,2018-01|2018-02|2018-03|2018-04|2018-05|2018-06|2018-07|2018-08|2018-09|2018-10|2018-11|2018-12|2019-01|2019-02|2019-03|2019-04|2019-05|2019-06|2019-07|2019-08|2019-09|2019-10|2019-11|2019-12|2020-01|2020-02|2020-03|2020-04|2020-05|2020-06|2020-07|2020-09|2020-10|2020-11|2020-12|2021-01|2021-02|2021-03|2021-04|2021-06|2021-08|2021-09|2021-10|2021-11|2021-12|2022-01|2022-02|2022-03|2022-04|2022-05|2022-06|2022-07|2022-08|2022-09|2022-10|2022-11|2022-12|2023-01|2023-02|2023-03|2023-04|2023-05|2023-06|2023-07|2023-08|2023-09|2023-10|2023-11|2023-12|2024-01|2024-02|2024-03|2024-04|2024-05|2024-06|2024-07|2024-08|2024-09|2024-10|2024-11|2024-12|2025-01|2025-02|2025-03|2025-04|2025-05|2025-06|2025-07|2025-08|2025-09|2025-10|2026-01|2026-02
0.3,1,Core CPI m/m,Bad,3,2,1,66.7,33.3,2.0,2020-08|2021-05|2021-07
0.0,1,PPI m/m,Good,38,19,19,50.0,50.0,1.0,2018-01|2018-05|2018-08|2018-09|2019-01|2019-02|2019-03|2019-10|2019-12|2020-01|2020-03|2020-05|2020-07|2021-01|2021-10|2022-01|2022-03|2022-08|2022-11|2023-01|2023-03|2023-04|2023-05|2023-06|2023-07|2023-11|2024-01|2024-04|2024-06|2024-08|2024-10|2025-01|2025-03|2025-04|2025-05|2025-06|2025-07|2025-09
0.0,1,PPI m/m,Neutral,14,6,8,42.9,57.1,0.75,2018-02|2018-10|2019-05|2019-06|2019-07|2019-08|2020-12|2021-11|2022-05|2022-06|2022-09|2023-12|2024-11|2025-11
0.0,1,PPI m/m,Bad,44,27,17,61.4,38.6,1.59,2018-03|2018-04|2018-06|2018-07|2018-11|2018-12|2019-04|2019-09|2019-11|2020-02|2020-04|2020-06|2020-08|2020-09|2020-10|2020-11|2021-02|2021-03|2021-04|2021-05|2021-06|2021-07|2021-08|2021-09|2021-12|2022-02|2022-04|2022-07|2022-10|2022-12|2023-02|2023-08|2023-09|2023-10|2024-02|2024-03|2024-05|2024-07|2024-09|2024-12|2025-02|2025-08|2026-01|2026-02
0.1,1,PPI m/m,Good,27,13,14,48.1,51.9,0.93,2018-01|2018-08|2018-09|2019-02|2019-10|2019-12|2020-03|2020-05|2020-07|2021-01|2022-01|2022-03|2022-08|2022-11|2023-01|2023-03|2023-04|2023-06|2023-11|2024-01|2024-06|2025-01|2025-03|2025-04|2025-05|2025-07|2025-09
0.1,1,PPI m/m,Neutral,38,18,20,47.4,52.6,0.9,2018-02|2018-03|2018-05|2018-07|2018-10|2018-12|2019-01|2019-03|2019-05|2019-06|2019-07|2019-08|2019-09|2020-01|2020-04|2020-09|2020-11|2020-12|2021-03|2021-09|2021-10|2021-11|2022-05|2022-06|2022-09|2022-12|2023-05|2023-07|2023-08|2023-12|2024-04|2024-07|2024-08|2024-09|2024-10|2024-11|2025-06|2025-11
0.1,1,PPI m/m,Bad,31,21,10,67.7,32.3,2.1,2018-04|2018-06|2018-11|2019-04|2019-11|2020-02|2020-06|2020-08|2020-10|2021-02|2021-04|2021-05|2021-06|2021-07|2021-08|2021-12|2022-02|2022-04|2022-07|2022-10|2023-02|2023-09|2023-10|2024-02|2024-03|2024-05|2024-12|2025-02|2025-08|2026-01|2026-02
0.2,1,PPI m/m,Good,16,7,9,43.8,56.2,0.78,2018-01|2018-09|2019-10|2020-03|2020-05|2020-07|2022-08|2023-01|2023-03|2023-04|2023-11|2024-06|2025-03|2025-04|2025-05|2025-09
0.2,1,PPI m/m,Neutral,61,31,30,50.8,49.2,1.03,2018-02|2018-03|2018-04|2018-05|2018-06|2018-07|2018-08|2018-10|2018-12|2019-01|2019-02|2019-03|2019-05|2019-06|2019-07|2019-08|2019-09|2019-11|2019-12|2020-01|2020-04|2020-09|2020-10|2020-11|2020-12|2021-01|2021-03|2021-09|2021-10|2021-11|2022-01|2022-03|2022-05|2022-06|2022-09|2022-10|2022-11|2022-12|2023-05|2023-06|2023-07|2023-08|2023-10|2023-12|2024-01|2024-02|2024-04|2024-05|2024-07|2024-08|2024-09|2024-10|2024-11|2024-12|2025-01|2025-02|2025-06|2025-07|2025-11|2026-01|2026-02
0.2,1,PPI m/m,Bad,19,14,5,73.7,26.3,2.8,2018-11|2019-04|2020-02|2020-06|2020-08|2021-02|2021-04|2021-05|2021-06|2021-07|2021-08|2021-12|2022-02|2022-04|2022-07|2023-02|2023-09|2024-03|2025-08
0.3,1,PPI m/m,Good,15,7,8,46.7,53.3,0.87,2018-01|2018-09|2019-10|2020-03|2020-05|2020-07|2022-08|2023-01|2023-03|2023-04|2023-11|2024-06|2025-04|2025-05|2025-09
0.3,1,PPI m/m,Neutral,69,35,34,50.7,49.3,1.03,2018-02|2018-03|2018-04|2018-05|2018-06|2018-07|2018-08|2018-10|2018-12|2019-01|2019-02|2019-03|2019-04|2019-05|2019-06|2019-07|2019-08|2019-09|2019-11|2019-12|2020-01|2020-04|2020-08|2020-09|2020-10|2020-11|2020-12|2021-01|2021-03|2021-05|2021-09|2021-10|2021-11|2022-01|2022-03|2022-04|2022-05|2022-06|2022-09|2022-10|2022-11|2022-12|2023-02|2023-05|2023-06|2023-07|2023-08|2023-09|2023-10|2023-12|2024-01|2024-02|2024-03|2024-04|2024-05|2024-07|2024-08|2024-09|2024-10|2024-11|2024-12|2025-01|2025-02|2025-03|2025-06|2025-07|2025-11|2026-01|2026-02
0.3,1,PPI m/m,Bad,12,10,2,83.3,16.7,5.0,2018-11|2020-02|2020-06|2021-02|2021-04|2021-06|2021-07|2021-08|2021-12|2022-02|2022-07|2025-08
0.0,1,Core PPI m/m,Good,39,20,19,51.3,48.7,1.05,2018-01|2018-08|2018-09|2019-01|2019-03|2019-05|2019-08|2019-10|2019-12|2020-01|2020-03|2020-05|2020-07|2020-11|2020-12|2021-10|2021-11|2022-03|2022-05|2022-06|2022-07|2022-08|2022-11|2023-03|2023-04|2023-07|2023-11|2023-12|2024-01|2024-06|2024-08|2025-01|2025-03|2025-04|2025-05|2025-06|2025-07|2025-09|2025-11
0.0,1,Core PPI m/m,Bad,39,20,19,51.3,48.7,1.05,2018-02|2018-04|2018-06|2018-07|2018-11|2018-12|2019-02|2019-04|2019-07|2019-09|2019-11|2020-02|2020-04|2020-08|2020-09|2020-10|2021-02|2021-04|2021-05|2021-06|2021-07|2021-08|2021-09|2021-12|2022-02|2022-04|2022-09|2022-12|2023-02|2023-08|2023-10|2024-02|2024-03|2024-05|2024-07|2024-09|2025-08|2026-01|2026-02
0.0,1,Core PPI m/m,Neutral,18,12,6,66.7,33.3,2.0,2018-03|2018-05|2018-10|2019-06|2020-06|2021-01|2021-03|2022-01|2022-10|2023-01|2023-05|2023-06|2023-09|2024-04|2024-10|2024-11|2024-12|2025-02
0.1,1,Core PPI m/m,Good,28,17,11,60.7,39.3,1.55,2018-01|2018-09|2019-01|2019-08|2019-10|2019-12|2020-03|2020-05|2020-07|2021-10|2022-03|2022-05|2022-08|2022-11|2023-03|2023-04|2023-11|2023-12|2024-01|2024-06|2024-08|2025-01|2025-03|2025-04|2025-05|2025-06|2025-07|2025-09
0.1,1,Core PPI m/m,Bad,26,14,12,53.8,46.2,1.17,2018-02|2018-11|2018-12|2020-02|2020-04|2020-08|2020-09|2020-10|2021-02|2021-04|2021-05|2021-06|2021-07|2021-08|2021-12|2022-02|2022-04|2022-09|2022-12|2023-02|2024-02|2024-05|2024-07|2025-08|2026-01|2026-02
0.1,1,Core PPI m/m,Neutral,42,21,21,50.0,50.0,1.0,2018-03|2018-04|2018-05|2018-06|2018-07|2018-08|2018-10|2019-02|2019-03|2019-04|2019-05|2019-06|2019-07|2019-09|2019-11|2020-01|2020-06|2020-11|2020-12|2021-01|2021-03|2021-09|2021-11|2022-01|2022-06|2022-07|2022-10|2023-01|2023-05|2023-06|2023-07|2023-08|2023-09|2023-10|2024-03|2024-04|2024-09|2024-10|2024-11|2024-12|2025-02|2025-11
0.2,1,Core PPI m/m,Good,19,10,9,52.6,47.4,1.11,2018-01|2018-09|2019-01|2019-08|2019-10|2019-12|2020-03|2020-07|2021-10|2022-03|2022-11|2023-03|2023-04|2023-11|2024-06|2025-03|2025-04|2025-05|2025-09
0.2,1,Core PPI m/m,Neutral,62,32,30,51.6,48.4,1.07,2018-02|2018-03|2018-04|2018-05|2018-06|2018-07|2018-08|2018-10|2018-12|2019-02|2019-03|2019-04|2019-05|2019-06|2019-07|2019-09|2019-11|2020-01|2020-04|2020-05|2020-06|2020-09|2020-10|2020-11|2020-12|2021-01|2021-03|2021-06|2021-09|2021-11|2022-01|2022-05|2022-06|2022-07|2022-08|2022-09|2022-10|2022-12|2023-01|2023-02|2023-05|2023-06|2023-07|2023-08|2023-09|2023-10|2023-12|2024-01|2024-03|2024-04|2024-07|2024-08|2024-09|2024-10|2024-11|2024-12|2025-01|2025-02|2025-06|2025-07|2025-11|2026-01
0.2,1,Core PPI m/m,Bad,15,10,5,66.7,33.3,2.0,2018-11|2020-02|2020-08|2021-02|2021-04|2021-05|2021-07|2021-08|2021-12|2022-02|2022-04|2024-02|2024-05|2025-08|2026-02
0.3,1,Core PPI m/m,Good,15,6,9,40.0,60.0,0.67,2018-01|2018-09|2019-01|2019-08|2019-10|2019-12|2020-03|2020-07|2022-03|2023-03|2023-04|2025-03|2025-04|2025-05|2025-09
0.3,1,Core PPI m/m,Neutral,71,38,33,53.5,46.5,1.15,2018-02|2018-03|2018-04|2018-05|2018-06|2018-07|2018-08|2018-10|2018-11|2018-12|2019-02|2019-03|2019-04|2019-05|2019-06|2019-07|2019-09|2019-11|2020-01|2020-02|2020-04|2020-05|2020-06|2020-09|2020-10|2020-11|2020-12|2021-01|2021-03|2021-05|2021-06|2021-09|2021-10|2021-11|2021-12|2022-01|2022-05|2022-06|2022-07|2022-08|2022-09|2022-10|2022-11|2022-12|2023-01|2023-02|2023-05|2023-06|2023-07|2023-08|2023-09|2023-10|2023-11|2023-12|2024-01|2024-03|2024-04|2024-05|2024-06|2024-07|2024-08|2024-09|2024-10|2024-11|2024-12|2025-01|2025-02|2025-06|2025-07|2025-11|2026-01
0.3,1,Core PPI m/m,Bad,10,8,2,80.0,20.0,4.0,2020-08|2021-02|2021-04|2021-07|2021-08|2022-02|2022-04|2024-02|2025-08|2026-02
0.0,1,FOMC,Neutral,66,32,34,48.5,51.5,0.94,2018-01|2018-03|2018-05|2018-06|2018-08|2018-09|2018-11|2018-12|2019-01|2019-03|2019-05|2019-06|2019-07|2019-09|2019-10|2019-12|2020-01|2020-04|2020-06|2020-07|2020-09|2020-11|2020-12|2021-01|2021-03|2021-04|2021-06|2021-07|2021-09|2021-11|2021-12|2022-01|2022-03|2022-05|2022-06|2022-07|2022-09|2022-11|2022-12|2023-02|2023-03|2023-05|2023-06|2023-07|2023-09|2023-11|2023-12|2024-01|2024-03|2024-05|2024-06|2024-07|2024-09|2024-11|2024-12|2025-01|2025-03|2025-05|2025-06|2025-07|2025-09|2025-10|2025-12|2026-01|2026-03|2026-04
0.0,1,FOMC,Good,1,0,1,0.0,100.0,0.0,2020-03
0.1,1,FOMC,Neutral,66,32,34,48.5,51.5,0.94,2018-01|2018-03|2018-05|2018-06|2018-08|2018-09|2018-11|2018-12|2019-01|2019-03|2019-05|2019-06|2019-07|2019-09|2019-10|2019-12|2020-01|2020-04|2020-06|2020-07|2020-09|2020-11|2020-12|2021-01|2021-03|2021-04|2021-06|2021-07|2021-09|2021-11|2021-12|2022-01|2022-03|2022-05|2022-06|2022-07|2022-09|2022-11|2022-12|2023-02|2023-03|2023-05|2023-06|2023-07|2023-09|2023-11|2023-12|2024-01|2024-03|2024-05|2024-06|2024-07|2024-09|2024-11|2024-12|2025-01|2025-03|2025-05|2025-06|2025-07|2025-09|2025-10|2025-12|2026-01|2026-03|2026-04
0.1,1,FOMC,Good,1,0,1,0.0,100.0,0.0,2020-03
0.2,1,FOMC,Neutral,66,32,34,48.5,51.5,0.94,2018-01|2018-03|2018-05|2018-06|2018-08|2018-09|2018-11|2018-12|2019-01|2019-03|2019-05|2019-06|2019-07|2019-09|2019-10|2019-12|2020-01|2020-04|2020-06|2020-07|2020-09|2020-11|2020-12|2021-01|2021-03|2021-04|2021-06|2021-07|2021-09|2021-11|2021-12|2022-01|2022-03|2022-05|2022-06|2022-07|2022-09|2022-11|2022-12|2023-02|2023-03|2023-05|2023-06|2023-07|2023-09|2023-11|2023-12|2024-01|2024-03|2024-05|2024-06|2024-07|2024-09|2024-11|2024-12|2025-01|2025-03|2025-05|2025-06|2025-07|2025-09|2025-10|2025-12|2026-01|2026-03|2026-04
0.2,1,FOMC,Good,1,0,1,0.0,100.0,0.0,2020-03
0.3,1,FOMC,Neutral,66,32,34,48.5,51.5,0.94,2018-01|2018-03|2018-05|2018-06|2018-08|2018-09|2018-11|2018-12|2019-01|2019-03|2019-05|2019-06|2019-07|2019-09|2019-10|2019-12|2020-01|2020-04|2020-06|2020-07|2020-09|2020-11|2020-12|2021-01|2021-03|2021-04|2021-06|2021-07|2021-09|2021-11|2021-12|2022-01|2022-03|2022-05|2022-06|2022-07|2022-09|2022-11|2022-12|2023-02|2023-03|2023-05|2023-06|2023-07|2023-09|2023-11|2023-12|2024-01|2024-03|2024-05|2024-06|2024-07|2024-09|2024-11|2024-12|2025-01|2025-03|2025-05|2025-06|2025-07|2025-09|2025-10|2025-12|2026-01|2026-03|2026-04
0.3,1,FOMC,Good,1,0,1,0.0,100.0,0.0,2020-03
0.0,1,CPI y/y,Neutral,32,16,16,50.0,50.0,1.0,2018-01|2018-03|2018-04|2018-05|2018-06|2018-07|2018-08|2018-11|2018-12|2019-01|2019-07|2020-01|2020-07|2020-10|2020-12|2021-01|2021-02|2021-03|2021-09|2021-12|2022-01|2022-03|2023-01|2023-03|2023-12|2024-05|2024-09|2024-11|2024-12|2025-01|2025-09|2026-01
0.0,1,CPI y/y,Bad,34,22,12,64.7,35.3,1.83,2018-02|2019-02|2019-04|2019-08|2019-11|2019-12|2020-02|2020-03|2020-08|2020-09|2021-04|2021-05|2021-06|2021-07|2021-08|2021-10|2021-11|2022-02|2022-04|2022-05|2022-06|2022-07|2022-09|2022-10|2023-02|2023-09|2023-10|2024-01|2024-02|2024-03|2024-04|2024-10|2025-02|2025-07
0.0,1,CPI y/y,Good,31,16,15,51.6,48.4,1.07,2018-09|2018-10|2019-03|2019-05|2019-06|2019-09|2019-10|2020-04|2020-05|2020-06|2020-11|2022-08|2022-11|2022-12|2023-04|2023-05|2023-06|2023-07|2023-08|2023-11|2024-06|2024-07|2024-08|2025-03|2025-04|2025-05|2025-06|2025-08|2025-10|2025-12|2026-02
0.1,1,CPI y/y,Neutral,44,24,20,54.5,45.5,1.2,2018-01|2018-03|2018-04|2018-05|2018-06|2018-07|2018-08|2018-09|2018-11|2018-12|2019-01|2019-04|2019-06|2019-07|2020-01|2020-03|2020-07|2020-10|2020-12|2021-01|2021-02|2021-03|2021-09|2021-12|2022-01|2022-03|2022-04|2022-10|2023-01|2023-03|2023-04|2023-05|2023-06|2023-08|2023-11|2023-12|2024-05|2024-09|2024-11|2024-12|2025-01|2025-08|2025-09|2026-01
0.1,1,CPI y/y,Bad,30,19,11,63.3,36.7,1.73,2018-02|2019-02|2019-08|2019-11|2019-12|2020-02|2020-08|2020-09|2021-04|2021-05|2021-06|2021-07|2021-08|2021-10|2021-11|2022-02|2022-05|2022-06|2022-07|2022-09|2023-02|2023-09|2023-10|2024-01|2024-02|2024-03|2024-04|2024-10|2025-02|2025-07
0.1,1,CPI y/y,Good,23,11,12,47.8,52.2,0.92,2018-10|2019-03|2019-05|2019-09|2019-10|2020-04|2020-05|2020-06|2020-11|2022-08|2022-11|2022-12|2023-07|2024-06|2024-07|2024-08|2025-03|2025-04|2025-05|2025-06|2025-10|2025-12|2026-02
0.2,1,CPI y/y,Neutral,81,42,39,51.9,48.1,1.08,2018-01|2018-03|2018-04|2018-05|2018-06|2018-07|2018-08|2018-09|2018-10|2018-11|2018-12|2019-01|2019-02|2019-03|2019-04|2019-05|2019-06|2019-07|2019-08|2019-09|2019-10|2019-11|2019-12|2020-01|2020-02|2020-03|2020-04|2020-05|2020-06|2020-07|2020-09|2020-10|2020-11|2020-12|2021-01|2021-02|2021-03|2021-04|2021-08|2021-09|2021-10|2021-12|2022-01|2022-03|2022-04|2022-08|2022-10|2023-01|2023-03|2023-04|2023-05|2023-06|2023-07|2023-08|2023-09|2023-10|2023-11|2023-12|2024-01|2024-03|2024-04|2024-05|2024-06|2024-07|2024-08|2024-09|2024-10|2024-11|2024-12|2025-01|2025-02|2025-03|2025-04|2025-05|2025-06|2025-07|2025-08|2025-09|2025-10|2026-01|2026-02
0.2,1,CPI y/y,Bad,13,10,3,76.9,23.1,3.33,2018-02|2020-08|2021-05|2021-06|2021-07|2021-11|2022-02|2022-05|2022-06|2022-07|2022-09|2023-02|2024-02
0.2,1,CPI y/y,Good,3,2,1,66.7,33.3,2.0,2022-11|2022-12|2025-12
0.3,1,CPI y/y,Neutral,92,50,42,54.3,45.7,1.19,2018-01|2018-02|2018-03|2018-04|2018-05|2018-06|2018-07|2018-08|2018-09|2018-10|2018-11|2018-12|2019-01|2019-02|2019-03|2019-04|2019-05|2019-06|2019-07|2019-08|2019-09|2019-10|2019-11|2019-12|2020-01|2020-02|2020-03|2020-04|2020-05|2020-06|2020-07|2020-09|2020-10|2020-11|2020-12|2021-01|2021-02|2021-03|2021-04|2021-06|2021-08|2021-09|2021-10|2021-11|2021-12|2022-01|2022-02|2022-03|2022-04|2022-05|2022-06|2022-08|2022-09|2022-10|2022-11|2022-12|2023-01|2023-02|2023-03|2023-04|2023-05|2023-06|2023-07|2023-08|2023-09|2023-10|2023-11|2023-12|2024-01|2024-02|2024-03|2024-04|2024-05|2024-06|2024-07|2024-08|2024-09|2024-10|2024-11|2024-12|2025-01|2025-02|2025-03|2025-04|2025-05|2025-06|2025-07|2025-08|2025-09|2025-10|2026-01|2026-02
0.3,1,CPI y/y,Bad,4,3,1,75.0,25.0,3.0,2020-08|2021-05|2021-07|2022-07
0.3,1,CPI y/y,Good,1,1,0,100.0,0.0,inf,2025-12
0.0,2,CPI m/m|Core CPI m/m,Neutral|Bad,9,3,6,33.3,66.7,0.5,2018-01|2018-06|2019-08|2019-09|2023-03|2023-05|2023-09|2024-03|2024-09
0.0,2,CPI m/m|Core CPI m/m,Bad|Bad,22,13,9,59.1,40.9,1.44,2018-02|2019-07|2020-07|2020-08|2020-09|2020-12|2021-04|2021-05|2021-06|2021-07|2021-11|2022-01|2022-02|2022-05|2022-06|2022-07|2022-09|2022-10|2024-02|2024-04|2024-10|2025-02
0.0,2,CPI m/m|Core CPI m/m,Neutral|Neutral,15,8,7,53.3,46.7,1.14,2018-03|2018-08|2018-11|2018-12|2019-01|2020-10|2021-01|2022-03|2023-01|2023-02|2023-08|2024-08|2024-11|2024-12|2025-08
0.0,2,CPI m/m|Core CPI m/m,Good|Neutral,8,4,4,50.0,50.0,1.0,2018-04|2018-07|2019-02|2020-02|2023-04|2023-06|2024-05|2026-02
0.0,2,CPI m/m|Core CPI m/m,Good|Good,22,12,10,54.5,45.5,1.2,2018-05|2018-09|2018-10|2019-05|2019-10|2020-04|2020-05|2020-06|2020-11|2021-09|2022-08|2022-11|2022-12|2023-07|2023-11|2024-06|2024-07|2025-03|2025-04|2025-05|2025-06|2025-10
0.0,2,CPI m/m|Core CPI m/m,Neutral|Good,10,7,3,70.0,30.0,2.33,2019-03|2019-06|2020-01|2021-02|2021-03|2021-08|2022-04|2025-01|2025-07|2026-01
0.0,2,CPI m/m|Core CPI m/m,Bad|Good,1,1,0,100.0,0.0,inf,2019-04
0.0,2,CPI m/m|Core CPI m/m,Bad|Neutral,9,5,4,55.6,44.4,1.25,2019-11|2019-12|2020-03|2021-10|2021-12|2023-10|2023-12|2024-01|2025-09
0.1,2,CPI m/m|Core CPI m/m,Neutral|Neutral,56,25,31,44.6,55.4,0.81,2018-01|2018-03|2018-04|2018-05|2018-06|2018-07|2018-08|2018-09|2018-10|2018-11|2018-12|2019-01|2019-02|2019-03|2019-06|2019-07|2019-08|2019-09|2019-10|2019-12|2020-01|2020-02|2020-03|2020-06|2020-07|2020-10|2020-12|2021-01|2021-03|2021-04|2022-01|2022-03|2023-01|2023-02|2023-03|2023-04|2023-06|2023-07|2023-08|2023-09|2023-11|2023-12|2024-01|2024-06|2024-08|2024-09|2024-10|2024-11|2024-12|2025-01|2025-03|2025-05|2025-07|2025-08|2026-01|2026-02
0.1,2,CPI m/m|Core CPI m/m,Bad|Neutral,9,8,1,88.9,11.1,8.0,2018-02|2019-04|2019-11|2021-10|2021-12|2022-02|2022-06|2023-10|2025-09
0.1,2,CPI m/m|Core CPI m/m,Good|Neutral,5,2,3,40.0,60.0,0.67,2019-05|2022-12|2024-05|2024-07|2025-10
0.1,2,CPI m/m|Core CPI m/m,Good|Good,6,4,2,66.7,33.3,2.0,2020-04|2020-05|2021-09|2022-08|2022-11|2025-04
0.1,2,CPI m/m|Core CPI m/m,Bad|Bad,11,8,3,72.7,27.3,2.67,2020-08|2020-09|2021-05|2021-06|2021-07|2021-11|2022-07|2022-09|2022-10|2024-04|2025-02
0.1,2,CPI m/m|Core CPI m/m,Neutral|Good,5,4,1,80.0,20.0,4.0,2020-11|2021-02|2021-08|2022-04|2025-06
0.1,2,CPI m/m|Core CPI m/m,Neutral|Bad,4,2,2,50.0,50.0,1.0,2022-05|2023-05|2024-02|2024-03
0.2,2,CPI m/m|Core CPI m/m,Neutral|Neutral,90,49,41,54.4,45.6,1.2,2018-01|2018-02|2018-03|2018-04|2018-05|2018-06|2018-07|2018-08|2018-09|2018-10|2018-11|2018-12|2019-01|2019-02|2019-03|2019-04|2019-05|2019-06|2019-07|2019-08|2019-09|2019-10|2019-11|2019-12|2020-01|2020-02|2020-03|2020-04|2020-05|2020-06|2020-07|2020-09|2020-10|2020-11|2020-12|2021-01|2021-02|2021-03|2021-04|2021-06|2021-08|2021-09|2021-10|2021-12|2022-01|2022-02|2022-03|2022-04|2022-05|2022-07|2022-08|2022-10|2022-11|2022-12|2023-01|2023-02|2023-03|2023-04|2023-05|2023-06|2023-07|2023-08|2023-09|2023-10|2023-11|2023-12|2024-01|2024-02|2024-03|2024-04|2024-05|2024-06|2024-07|2024-08|2024-09|2024-10|2024-11|2024-12|2025-01|2025-02|2025-03|2025-04|2025-05|2025-06|2025-07|2025-08|2025-09|2025-10|2026-01|2026-02
0.2,2,CPI m/m|Core CPI m/m,Bad|Bad,3,2,1,66.7,33.3,2.0,2020-08|2021-05|2021-07
0.2,2,CPI m/m|Core CPI m/m,Bad|Neutral,2,2,0,100.0,0.0,inf,2021-11|2022-06
0.2,2,CPI m/m|Core CPI m/m,Neutral|Bad,1,0,1,0.0,100.0,0.0,2022-09
0.3,2,CPI m/m|Core CPI m/m,Neutral|Neutral,91,49,42,53.8,46.2,1.17,2018-01|2018-02|2018-03|2018-04|2018-05|2018-06|2018-07|2018-08|2018-09|2018-10|2018-11|2018-12|2019-01|2019-02|2019-03|2019-04|2019-05|2019-06|2019-07|2019-08|2019-09|2019-10|2019-11|2019-12|2020-01|2020-02|2020-03|2020-04|2020-05|2020-06|2020-07|2020-09|2020-10|2020-11|2020-12|2021-01|2021-02|2021-03|2021-04|2021-06|2021-08|2021-09|2021-10|2021-12|2022-01|2022-02|2022-03|2022-04|2022-05|2022-07|2022-08|2022-09|2022-10|2022-11|2022-12|2023-01|2023-02|2023-03|2023-04|2023-05|2023-06|2023-07|2023-08|2023-09|2023-10|2023-11|2023-12|2024-01|2024-02|2024-03|2024-04|2024-05|2024-06|2024-07|2024-08|2024-09|2024-10|2024-11|2024-12|2025-01|2025-02|2025-03|2025-04|2025-05|2025-06|2025-07|2025-08|2025-09|2025-10|2026-01|2026-02
0.3,2,CPI m/m|Core CPI m/m,Neutral|Bad,1,1,0,100.0,0.0,inf,2020-08
0.3,2,CPI m/m|Core CPI m/m,Bad|Bad,2,1,1,50.0,50.0,1.0,2021-05|2021-07
0.3,2,CPI m/m|Core CPI m/m,Bad|Neutral,2,2,0,100.0,0.0,inf,2021-11|2022-06
0.0,2,CPI m/m|PPI m/m,Neutral|Good,13,6,7,46.2,53.8,0.86,2018-01|2018-08|2019-01|2019-03|2020-01|2021-01|2022-03|2023-01|2023-03|2023-05|2024-08|2025-01|2025-07
0.0,2,CPI m/m|PPI m/m,Bad|Neutral,8,4,4,50.0,50.0,1.0,2018-02|2019-07|2020-12|2021-11|2022-05|2022-06|2022-09|2023-12
0.0,2,CPI m/m|PPI m/m,Neutral|Bad,18,11,7,61.1,38.9,1.57,2018-03|2018-06|2018-11|2018-12|2019-09|2020-10|2021-02|2021-03|2021-08|2022-04|2023-02|2023-08|2023-09|2024-03|2024-09|2024-12|2025-08|2026-01
0.0,2,CPI m/m|PPI m/m,Good|Bad,11,5,6,45.5,54.5,0.83,2018-04|2018-07|2020-02|2020-04|2020-06|2020-11|2021-09|2022-12|2024-05|2024-07|2026-02
0.0,2,CPI m/m|PPI m/m,Good|Good,16,9,7,56.2,43.8,1.29,2018-05|2018-09|2019-02|2019-10|2020-05|2022-08|2022-11|2023-04|2023-06|2023-07|2023-11|2024-06|2025-03|2025-04|2025-05|2025-06
0.0,2,CPI m/m|PPI m/m,Good|Neutral,2,1,1,50.0,50.0,1.0,2018-10|2019-05
0.0,2,CPI m/m|PPI m/m,Bad|Bad,15,11,4,73.3,26.7,2.75,2019-04|2019-11|2020-08|2020-09|2021-04|2021-05|2021-06|2021-07|2021-12|2022-02|2022-07|2022-10|2023-10|2024-02|2025-02
0.0,2,CPI m/m|PPI m/m,Neutral|Neutral,3,1,2,33.3,66.7,0.5,2019-06|2019-08|2024-11
0.0,2,CPI m/m|PPI m/m,Bad|Good,9,4,5,44.4,55.6,0.8,2019-12|2020-03|2020-07|2021-10|2022-01|2024-01|2024-04|2024-10|2025-09
0.1,2,CPI m/m|PPI m/m,Neutral|Good,22,9,13,40.9,59.1,0.69,2018-01|2018-08|2018-09|2019-02|2019-10|2019-12|2020-03|2020-07|2021-01|2022-01|2022-03|2023-01|2023-03|2023-04|2023-06|2023-11|2024-01|2024-06|2025-01|2025-03|2025-05|2025-07
0.1,2,CPI m/m|PPI m/m,Bad|Neutral,7,5,2,71.4,28.6,2.5,2018-02|2020-09|2021-10|2021-11|2022-06|2022-09|2024-04
0.1,2,CPI m/m|PPI m/m,Neutral|Neutral,25,11,14,44.0,56.0,0.79,2018-03|2018-05|2018-07|2018-10|2018-12|2019-01|2019-03|2019-06|2019-07|2019-08|2019-09|2020-01|2020-11|2020-12|2021-03|2022-05|2023-05|2023-07|2023-08|2023-12|2024-08|2024-09|2024-10|2024-11|2025-06
0.1,2,CPI m/m|PPI m/m,Neutral|Bad,18,11,7,61.1,38.9,1.57,2018-04|2018-06|2018-11|2020-02|2020-06|2020-10|2021-02|2021-04|2021-08|2022-04|2023-02|2023-09|2024-02|2024-03|2024-12|2025-08|2026-01|2026-02
0.1,2,CPI m/m|PPI m/m,Bad|Bad,12,10,2,83.3,16.7,5.0,2019-04|2019-11|2020-08|2021-05|2021-06|2021-07|2021-12|2022-02|2022-07|2022-10|2023-10|2025-02
0.1,2,CPI m/m|PPI m/m,Good|Neutral,5,2,3,40.0,60.0,0.67,2019-05|2020-04|2021-09|2022-12|2024-07
0.1,2,CPI m/m|PPI m/m,Good|Good,4,3,1,75.0,25.0,3.0,2020-05|2022-08|2022-11|2025-04
0.1,2,CPI m/m|PPI m/m,Good|Bad,1,0,1,0.0,100.0,0.0,2024-05
0.1,2,CPI m/m|PPI m/m,Bad|Good,1,1,0,100.0,0.0,inf,2025-09
0.2,2,CPI m/m|PPI m/m,Neutral|Good,16,7,9,43.8,56.2,0.78,2018-01|2018-09|2019-10|2020-03|2020-05|2020-07|2022-08|2023-01|2023-03|2023-04|2023-11|2024-06|2025-03|2025-04|2025-05|2025-09
0.2,2,CPI m/m|PPI m/m,Neutral|Neutral,58,29,29,50.0,50.0,1.0,2018-02|2018-03|2018-04|2018-05|2018-06|2018-07|2018-08|2018-10|2018-12|2019-01|2019-02|2019-03|2019-05|2019-06|2019-07|2019-08|2019-09|2019-11|2019-12|2020-01|2020-04|2020-09|2020-10|2020-11|2020-12|2021-01|2021-03|2021-09|2021-10|2022-01|2022-03|2022-05|2022-09|2022-10|2022-11|2022-12|2023-05|2023-06|2023-07|2023-08|2023-10|2023-12|2024-01|2024-02|2024-04|2024-05|2024-07|2024-08|2024-09|2024-10|2024-11|2024-12|2025-01|2025-02|2025-06|2025-07|2026-01|2026-02
0.2,2,CPI m/m|PPI m/m,Neutral|Bad,16,12,4,75.0,25.0,3.0,2018-11|2019-04|2020-02|2020-06|2021-02|2021-04|2021-06|2021-08|2021-12|2022-02|2022-04|2022-07|2023-02|2023-09|2024-03|2025-08
0.2,2,CPI m/m|PPI m/m,Bad|Bad,3,2,1,66.7,33.3,2.0,2020-08|2021-05|2021-07
0.2,2,CPI m/m|PPI m/m,Bad|Neutral,2,2,0,100.0,0.0,inf,2021-11|2022-06
0.3,2,CPI m/m|PPI m/m,Neutral|Good,15,7,8,46.7,53.3,0.87,2018-01|2018-09|2019-10|2020-03|2020-05|2020-07|2022-08|2023-01|2023-03|2023-04|2023-11|2024-06|2025-04|2025-05|2025-09
0.3,2,CPI m/m|PPI m/m,Neutral|Neutral,65,33,32,50.8,49.2,1.03,2018-02|2018-03|2018-04|2018-05|2018-06|2018-07|2018-08|2018-10|2018-12|2019-01|2019-02|2019-03|2019-04|2019-05|2019-06|2019-07|2019-08|2019-09|2019-11|2019-12|2020-01|2020-04|2020-08|2020-09|2020-10|2020-11|2020-12|2021-01|2021-03|2021-09|2021-10|2022-01|2022-03|2022-04|2022-05|2022-09|2022-10|2022-11|2022-12|2023-02|2023-05|2023-06|2023-07|2023-08|2023-09|2023-10|2023-12|2024-01|2024-02|2024-03|2024-04|2024-05|2024-07|2024-08|2024-09|2024-10|2024-11|2024-12|2025-01|2025-02|2025-03|2025-06|2025-07|2026-01|2026-02
0.3,2,CPI m/m|PPI m/m,Neutral|Bad,11,9,2,81.8,18.2,4.5,2018-11|2020-02|2020-06|2021-02|2021-04|2021-06|2021-08|2021-12|2022-02|2022-07|2025-08
0.3,2,CPI m/m|PPI m/m,Bad|Neutral,3,2,1,66.7,33.3,2.0,2021-05|2021-11|2022-06
0.3,2,CPI m/m|PPI m/m,Bad|Bad,1,1,0,100.0,0.0,inf,2021-07
0.0,2,CPI m/m|Core PPI m/m,Neutral|Good,11,6,5,54.5,45.5,1.2,2018-01|2018-08|2019-01|2019-03|2019-08|2020-01|2022-03|2023-03|2024-08|2025-01|2025-07
0.0,2,CPI m/m|Core PPI m/m,Bad|Bad,15,9,6,60.0,40.0,1.5,2018-02|2019-04|2019-07|2019-11|2020-08|2020-09|2021-04|2021-05|2021-06|2021-07|2021-12|2022-02|2022-09|2023-10|2024-02
0.0,2,CPI m/m|Core PPI m/m,Neutral|Neutral,9,5,4,55.6,44.4,1.25,2018-03|2019-06|2021-01|2021-03|2023-01|2023-05|2023-09|2024-11|2024-12
0.0,2,CPI m/m|Core PPI m/m,Good|Bad,10,4,6,40.0,60.0,0.67,2018-04|2018-07|2019-02|2020-02|2020-04|2021-09|2022-12|2024-05|2024-07|2026-02
0.0,2,CPI m/m|Core PPI m/m,Good|Neutral,4,4,0,100.0,0.0,inf,2018-05|2018-10|2020-06|2023-06
0.0,2,CPI m/m|Core PPI m/m,Neutral|Bad,14,7,7,50.0,50.0,1.0,2018-06|2018-11|2018-12|2019-09|2020-10|2021-02|2021-08|2022-04|2023-02|2023-08|2024-03|2024-09|2025-08|2026-01
0.0,2,CPI m/m|Core PPI m/m,Good|Good,15,7,8,46.7,53.3,0.87,2018-09|2019-05|2019-10|2020-05|2020-11|2022-08|2022-11|2023-04|2023-07|2023-11|2024-06|2025-03|2025-04|2025-05|2025-06
0.0,2,CPI m/m|Core PPI m/m,Bad|Good,12,7,5,58.3,41.7,1.4,2019-12|2020-03|2020-07|2020-12|2021-10|2021-11|2022-05|2022-06|2022-07|2023-12|2024-01|2025-09
0.0,2,CPI m/m|Core PPI m/m,Bad|Neutral,5,3,2,60.0,40.0,1.5,2022-01|2022-10|2024-04|2024-10|2025-02
0.1,2,CPI m/m|Core PPI m/m,Neutral|Good,22,12,10,54.5,45.5,1.2,2018-01|2018-09|2019-01|2019-08|2019-10|2019-12|2020-03|2020-07|2022-03|2022-05|2023-03|2023-04|2023-11|2023-12|2024-01|2024-06|2024-08|2025-01|2025-03|2025-05|2025-06|2025-07
0.1,2,CPI m/m|Core PPI m/m,Bad|Bad,9,6,3,66.7,33.3,2.0,2018-02|2020-08|2020-09|2021-05|2021-06|2021-07|2021-12|2022-02|2022-09
0.1,2,CPI m/m|Core PPI m/m,Neutral|Neutral,30,12,18,40.0,60.0,0.67,2018-03|2018-04|2018-05|2018-06|2018-07|2018-08|2018-10|2019-02|2019-03|2019-06|2019-07|2019-09|2020-01|2020-06|2020-11|2020-12|2021-01|2021-03|2022-01|2023-01|2023-05|2023-06|2023-07|2023-08|2023-09|2024-03|2024-09|2024-10|2024-11|2024-12
0.1,2,CPI m/m|Core PPI m/m,Neutral|Bad,13,7,6,53.8,46.2,1.17,2018-11|2018-12|2020-02|2020-10|2021-02|2021-04|2021-08|2022-04|2023-02|2024-02|2025-08|2026-01|2026-02
0.1,2,CPI m/m|Core PPI m/m,Bad|Neutral,9,8,1,88.9,11.1,8.0,2019-04|2019-11|2021-11|2022-06|2022-07|2022-10|2023-10|2024-04|2025-02
0.1,2,CPI m/m|Core PPI m/m,Good|Neutral,2,1,1,50.0,50.0,1.0,2019-05|2021-09
0.1,2,CPI m/m|Core PPI m/m,Good|Bad,4,1,3,25.0,75.0,0.33,2020-04|2022-12|2024-05|2024-07
0.1,2,CPI m/m|Core PPI m/m,Good|Good,4,3,1,75.0,25.0,3.0,2020-05|2022-08|2022-11|2025-04
0.1,2,CPI m/m|Core PPI m/m,Bad|Good,2,2,0,100.0,0.0,inf,2021-10|2025-09
0.2,2,CPI m/m|Core PPI m/m,Neutral|Good,19,10,9,52.6,47.4,1.11,2018-01|2018-09|2019-01|2019-08|2019-10|2019-12|2020-03|2020-07|2021-10|2022-03|2022-11|2023-03|2023-04|2023-11|2024-06|2025-03|2025-04|2025-05|2025-09
0.2,2,CPI m/m|Core PPI m/m,Neutral|Neutral,59,30,29,50.8,49.2,1.03,2018-02|2018-03|2018-04|2018-05|2018-06|2018-07|2018-08|2018-10|2018-12|2019-02|2019-03|2019-04|2019-05|2019-06|2019-07|2019-09|2019-11|2020-01|2020-04|2020-05|2020-06|2020-09|2020-10|2020-11|2020-12|2021-01|2021-03|2021-06|2021-09|2022-01|2022-05|2022-07|2022-08|2022-09|2022-10|2022-12|2023-01|2023-02|2023-05|2023-06|2023-07|2023-08|2023-09|2023-10|2023-12|2024-01|2024-03|2024-04|2024-07|2024-08|2024-09|2024-10|2024-11|2024-12|2025-01|2025-02|2025-06|2025-07|2026-01
0.2,2,CPI m/m|Core PPI m/m,Neutral|Bad,12,8,4,66.7,33.3,2.0,2018-11|2020-02|2021-02|2021-04|2021-08|2021-12|2022-02|2022-04|2024-02|2024-05|2025-08|2026-02
0.2,2,CPI m/m|Core PPI m/m,Bad|Bad,3,2,1,66.7,33.3,2.0,2020-08|2021-05|2021-07
0.2,2,CPI m/m|Core PPI m/m,Bad|Neutral,2,2,0,100.0,0.0,inf,2021-11|2022-06
0.3,2,CPI m/m|Core PPI m/m,Neutral|Good,15,6,9,40.0,60.0,0.67,2018-01|2018-09|2019-01|2019-08|2019-10|2019-12|2020-03|2020-07|2022-03|2023-03|2023-04|2025-03|2025-04|2025-05|2025-09
0.3,2,CPI m/m|Core PPI m/m,Neutral|Neutral,67,36,31,53.7,46.3,1.16,2018-02|2018-03|2018-04|2018-05|2018-06|2018-07|2018-08|2018-10|2018-11|2018-12|2019-02|2019-03|2019-04|2019-05|2019-06|2019-07|2019-09|2019-11|2020-01|2020-02|2020-04|2020-05|2020-06|2020-09|2020-10|2020-11|2020-12|2021-01|2021-03|2021-06|2021-09|2021-10|2021-12|2022-01|2022-05|2022-07|2022-08|2022-09|2022-10|2022-11|2022-12|2023-01|2023-02|2023-05|2023-06|2023-07|2023-08|2023-09|2023-10|2023-11|2023-12|2024-01|2024-03|2024-04|2024-05|2024-06|2024-07|2024-08|2024-09|2024-10|2024-11|2024-12|2025-01|2025-02|2025-06|2025-07|2026-01
0.3,2,CPI m/m|Core PPI m/m,Neutral|Bad,9,7,2,77.8,22.2,3.5,2020-08|2021-02|2021-04|2021-08|2022-02|2022-04|2024-02|2025-08|2026-02
0.3,2,CPI m/m|Core PPI m/m,Bad|Neutral,3,2,1,66.7,33.3,2.0,2021-05|2021-11|2022-06
0.3,2,CPI m/m|Core PPI m/m,Bad|Bad,1,1,0,100.0,0.0,inf,2021-07
0.0,2,CPI m/m|FOMC,Neutral|Neutral,25,11,14,44.0,56.0,0.79,2018-01|2018-03|2018-06|2018-08|2018-11|2018-12|2019-01|2019-03|2019-06|2019-09|2020-01|2021-01|2021-03|2022-03|2023-02|2023-03|2023-05|2023-09|2024-03|2024-09|2024-11|2024-12|2025-01|2025-07|2026-01
0.0,2,CPI m/m|FOMC,Good|Neutral,20,10,10,50.0,50.0,1.0,2018-05|2018-09|2019-05|2019-10|2020-04|2020-06|2020-11|2021-09|2022-11|2022-12|2023-06|2023-07|2023-11|2024-05|2024-06|2024-07|2025-03|2025-05|2025-06|2025-10
0.0,2,CPI m/m|FOMC,Bad|Neutral,18,9,9,50.0,50.0,1.0,2019-07|2019-12|2020-07|2020-09|2020-12|2021-04|2021-06|2021-07|2021-11|2021-12|2022-01|2022-05|2022-06|2022-07|2022-09|2023-12|2024-01|2025-09
0.0,2,CPI m/m|FOMC,Bad|Good,1,0,1,0.0,100.0,0.0,2020-03
0.1,2,CPI m/m|FOMC,Neutral|Neutral,46,19,27,41.3,58.7,0.7,2018-01|2018-03|2018-05|2018-06|2018-08|2018-09|2018-11|2018-12|2019-01|2019-03|2019-06|2019-07|2019-09|2019-10|2019-12|2020-01|2020-06|2020-07|2020-11|2020-12|2021-01|2021-03|2021-04|2022-01|2022-03|2022-05|2023-02|2023-03|2023-05|2023-06|2023-07|2023-09|2023-11|2023-12|2024-01|2024-03|2024-06|2024-09|2024-11|2024-12|2025-01|2025-03|2025-05|2025-06|2025-07|2026-01
0.1,2,CPI m/m|FOMC,Good|Neutral,8,4,4,50.0,50.0,1.0,2019-05|2020-04|2021-09|2022-11|2022-12|2024-05|2024-07|2025-10
0.1,2,CPI m/m|FOMC,Neutral|Good,1,0,1,0.0,100.0,0.0,2020-03
0.1,2,CPI m/m|FOMC,Bad|Neutral,9,7,2,77.8,22.2,3.5,2020-09|2021-06|2021-07|2021-11|2021-12|2022-06|2022-07|2022-09|2025-09
0.2,2,CPI m/m|FOMC,Neutral|Neutral,60,27,33,45.0,55.0,0.82,2018-01|2018-03|2018-05|2018-06|2018-08|2018-09|2018-11|2018-12|2019-01|2019-03|2019-05|2019-06|2019-07|2019-09|2019-10|2019-12|2020-01|2020-04|2020-06|2020-07|2020-09|2020-11|2020-12|2021-01|2021-03|2021-04|2021-06|2021-09|2021-12|2022-01|2022-03|2022-05|2022-07|2022-09|2022-11|2022-12|2023-02|2023-03|2023-05|2023-06|2023-07|2023-09|2023-11|2023-12|2024-01|2024-03|2024-05|2024-06|2024-07|2024-09|2024-11|2024-12|2025-01|2025-03|2025-05|2025-06|2025-07|2025-09|2025-10|2026-01
0.2,2,CPI m/m|FOMC,Neutral|Good,1,0,1,0.0,100.0,0.0,2020-03
0.2,2,CPI m/m|FOMC,Bad|Neutral,3,3,0,100.0,0.0,inf,2021-07|2021-11|2022-06
0.3,2,CPI m/m|FOMC,Neutral|Neutral,60,27,33,45.0,55.0,0.82,2018-01|2018-03|2018-05|2018-06|2018-08|2018-09|2018-11|2018-12|2019-01|2019-03|2019-05|2019-06|2019-07|2019-09|2019-10|2019-12|2020-01|2020-04|2020-06|2020-07|2020-09|2020-11|2020-12|2021-01|2021-03|2021-04|2021-06|2021-09|2021-12|2022-01|2022-03|2022-05|2022-07|2022-09|2022-11|2022-12|2023-02|2023-03|2023-05|2023-06|2023-07|2023-09|2023-11|2023-12|2024-01|2024-03|2024-05|2024-06|2024-07|2024-09|2024-11|2024-12|2025-01|2025-03|2025-05|2025-06|2025-07|2025-09|2025-10|2026-01
0.3,2,CPI m/m|FOMC,Neutral|Good,1,0,1,0.0,100.0,0.0,2020-03
0.3,2,CPI m/m|FOMC,Bad|Neutral,3,3,0,100.0,0.0,inf,2021-07|2021-11|2022-06
0.0,2,CPI m/m|CPI y/y,Neutral|Neutral,20,10,10,50.0,50.0,1.0,2018-01|2018-03|2018-06|2018-08|2018-11|2018-12|2019-01|2020-01|2020-10|2021-01|2021-02|2021-03|2022-03|2023-01|2023-03|2024-09|2024-11|2024-12|2025-01|2026-01
0.0,2,CPI m/m|CPI y/y,Bad|Bad,25,17,8,68.0,32.0,2.12,2018-02|2019-04|2019-11|2019-12|2020-03|2020-08|2020-09|2021-04|2021-05|2021-06|2021-07|2021-10|2021-11|2022-02|2022-05|2022-06|2022-07|2022-09|2022-10|2023-10|2024-01|2024-02|2024-04|2024-10|2025-02
0.0,2,CPI m/m|CPI y/y,Good|Neutral,5,4,1,80.0,20.0,4.0,2018-04|2018-05|2018-07|2021-09|2024-05
0.0,2,CPI m/m|CPI y/y,Good|Good,23,12,11,52.2,47.8,1.09,2018-09|2018-10|2019-05|2019-10|2020-04|2020-05|2020-06|2020-11|2022-08|2022-11|2022-12|2023-04|2023-06|2023-07|2023-11|2024-06|2024-07|2025-03|2025-04|2025-05|2025-06|2025-10|2026-02
0.0,2,CPI m/m|CPI y/y,Good|Bad,2,0,2,0.0,100.0,0.0,2019-02|2020-02
0.0,2,CPI m/m|CPI y/y,Neutral|Good,7,3,4,42.9,57.1,0.75,2019-03|2019-06|2019-09|2023-05|2023-08|2024-08|2025-08
0.0,2,CPI m/m|CPI y/y,Bad|Neutral,7,2,5,28.6,71.4,0.4,2019-07|2020-07|2020-12|2021-12|2022-01|2023-12|2025-09
0.0,2,CPI m/m|CPI y/y,Neutral|Bad,7,5,2,71.4,28.6,2.5,2019-08|2021-08|2022-04|2023-02|2023-09|2024-03|2025-07
0.1,2,CPI m/m|CPI y/y,Neutral|Neutral,38,19,19,50.0,50.0,1.0,2018-01|2018-03|2018-04|2018-05|2018-06|2018-07|2018-08|2018-09|2018-11|2018-12|2019-01|2019-06|2019-07|2020-01|2020-03|2020-07|2020-10|2020-12|2021-01|2021-02|2021-03|2022-01|2022-03|2022-04|2023-01|2023-03|2023-04|2023-05|2023-06|2023-08|2023-11|2023-12|2024-09|2024-11|2024-12|2025-01|2025-08|2026-01
0.1,2,CPI m/m|CPI y/y,Bad|Bad,16,12,4,75.0,25.0,3.0,2018-02|2019-11|2020-08|2020-09|2021-05|2021-06|2021-07|2021-10|2021-11|2022-02|2022-06|2022-07|2022-09|2023-10|2024-04|2025-02
0.1,2,CPI m/m|CPI y/y,Neutral|Good,13,5,8,38.5,61.5,0.63,2018-10|2019-03|2019-09|2019-10|2020-06|2020-11|2023-07|2024-06|2024-08|2025-03|2025-05|2025-06|2026-02
0.1,2,CPI m/m|CPI y/y,Neutral|Bad,14,7,7,50.0,50.0,1.0,2019-02|2019-08|2019-12|2020-02|2021-04|2021-08|2022-05|2023-02|2023-09|2024-01|2024-02|2024-03|2024-10|2025-07
0.1,2,CPI m/m|CPI y/y,Bad|Neutral,4,4,0,100.0,0.0,inf,2019-04|2021-12|2022-10|2025-09
0.1,2,CPI m/m|CPI y/y,Good|Good,9,5,4,55.6,44.4,1.25,2019-05|2020-04|2020-05|2022-08|2022-11|2022-12|2024-07|2025-04|2025-10
0.1,2,CPI m/m|CPI y/y,Good|Neutral,2,1,1,50.0,50.0,1.0,2021-09|2024-05
0.2,2,CPI m/m|CPI y/y,Neutral|Neutral,81,42,39,51.9,48.1,1.08,2018-01|2018-03|2018-04|2018-05|2018-06|2018-07|2018-08|2018-09|2018-10|2018-11|2018-12|2019-01|2019-02|2019-03|2019-04|2019-05|2019-06|2019-07|2019-08|2019-09|2019-10|2019-11|2019-12|2020-01|2020-02|2020-03|2020-04|2020-05|2020-06|2020-07|2020-09|2020-10|2020-11|2020-12|2021-01|2021-02|2021-03|2021-04|2021-08|2021-09|2021-10|2021-12|2022-01|2022-03|2022-04|2022-08|2022-10|2023-01|2023-03|2023-04|2023-05|2023-06|2023-07|2023-08|2023-09|2023-10|2023-11|2023-12|2024-01|2024-03|2024-04|2024-05|2024-06|2024-07|2024-08|2024-09|2024-10|2024-11|2024-12|2025-01|2025-02|2025-03|2025-04|2025-05|2025-06|2025-07|2025-08|2025-09|2025-10|2026-01|2026-02
0.2,2,CPI m/m|CPI y/y,Neutral|Bad,8,6,2,75.0,25.0,3.0,2018-02|2021-06|2022-02|2022-05|2022-07|2022-09|2023-02|2024-02
0.2,2,CPI m/m|CPI y/y,Bad|Bad,5,4,1,80.0,20.0,4.0,2020-08|2021-05|2021-07|2021-11|2022-06
0.2,2,CPI m/m|CPI y/y,Neutral|Good,2,1,1,50.0,50.0,1.0,2022-11|2022-12
0.3,2,CPI m/m|CPI y/y,Neutral|Neutral,90,48,42,53.3,46.7,1.14,2018-01|2018-02|2018-03|2018-04|2018-05|2018-06|2018-07|2018-08|2018-09|2018-10|2018-11|2018-12|2019-01|2019-02|2019-03|2019-04|2019-05|2019-06|2019-07|2019-08|2019-09|2019-10|2019-11|2019-12|2020-01|2020-02|2020-03|2020-04|2020-05|2020-06|2020-07|2020-09|2020-10|2020-11|2020-12|2021-01|2021-02|2021-03|2021-04|2021-06|2021-08|2021-09|2021-10|2021-12|2022-01|2022-02|2022-03|2022-04|2022-05|2022-08|2022-09|2022-10|2022-11|2022-12|2023-01|2023-02|2023-03|2023-04|2023-05|2023-06|2023-07|2023-08|2023-09|2023-10|2023-11|2023-12|2024-01|2024-02|2024-03|2024-04|2024-05|2024-06|2024-07|2024-08|2024-09|2024-10|2024-11|2024-12|2025-01|2025-02|2025-03|2025-04|2025-05|2025-06|2025-07|2025-08|2025-09|2025-10|2026-01|2026-02
0.3,2,CPI m/m|CPI y/y,Neutral|Bad,2,2,0,100.0,0.0,inf,2020-08|2022-07
0.3,2,CPI m/m|CPI y/y,Bad|Bad,2,1,1,50.0,50.0,1.0,2021-05|2021-07
0.3,2,CPI m/m|CPI y/y,Bad|Neutral,2,2,0,100.0,0.0,inf,2021-11|2022-06
0.0,2,Core CPI m/m|PPI m/m,Bad|Good,7,2,5,28.6,71.4,0.4,2018-01|2020-07|2022-01|2023-03|2023-05|2024-04|2024-10
0.0,2,Core CPI m/m|PPI m/m,Bad|Neutral,8,5,3,62.5,37.5,1.67,2018-02|2019-07|2019-08|2020-12|2021-11|2022-05|2022-06|2022-09
0.0,2,Core CPI m/m|PPI m/m,Neutral|Bad,16,9,7,56.2,43.8,1.29,2018-03|2018-04|2018-07|2018-11|2018-12|2019-11|2020-02|2020-10|2021-12|2023-02|2023-08|2023-10|2024-05|2024-12|2025-08|2026-02
0.0,2,Core CPI m/m|PPI m/m,Good|Good,17,9,8,52.9,47.1,1.13,2018-05|2018-09|2019-03|2019-10|2020-01|2020-05|2022-08|2022-11|2023-07|2023-11|2024-06|2025-01|2025-03|2025-04|2025-05|2025-06|2025-07
0.0,2,Core CPI m/m|PPI m/m,Bad|Bad,16,9,7,56.2,43.8,1.29,2018-06|2019-09|2020-08|2020-09|2021-04|2021-05|2021-06|2021-07|2022-02|2022-07|2022-10|2023-09|2024-02|2024-03|2024-09|2025-02
0.0,2,Core CPI m/m|PPI m/m,Neutral|Good,14,8,6,57.1,42.9,1.33,2018-08|2019-01|2019-02|2019-12|2020-03|2021-01|2021-10|2022-03|2023-01|2023-04|2023-06|2024-01|2024-08|2025-09
0.0,2,Core CPI m/m|PPI m/m,Good|Neutral,3,1,2,33.3,66.7,0.5,2018-10|2019-05|2019-06
0.0,2,Core CPI m/m|PPI m/m,Good|Bad,12,9,3,75.0,25.0,3.0,2019-04|2020-04|2020-06|2020-11|2021-02|2021-03|2021-08|2021-09|2022-04|2022-12|2024-07|2026-01
0.0,2,Core CPI m/m|PPI m/m,Neutral|Neutral,2,0,2,0.0,100.0,0.0,2023-12|2024-11
0.1,2,Core CPI m/m|PPI m/m,Neutral|Good,23,10,13,43.5,56.5,0.77,2018-01|2018-08|2018-09|2019-02|2019-10|2019-12|2020-03|2020-07|2021-01|2022-01|2022-03|2023-01|2023-03|2023-04|2023-06|2023-11|2024-01|2024-06|2025-01|2025-03|2025-05|2025-07|2025-09
0.1,2,Core CPI m/m|PPI m/m,Neutral|Neutral,27,13,14,48.1,51.9,0.93,2018-02|2018-03|2018-05|2018-07|2018-10|2018-12|2019-01|2019-03|2019-05|2019-06|2019-07|2019-08|2019-09|2020-01|2020-12|2021-03|2021-10|2022-06|2022-12|2023-07|2023-08|2023-12|2024-07|2024-08|2024-09|2024-10|2024-11
0.1,2,Core CPI m/m|PPI m/m,Neutral|Bad,19,11,8,57.9,42.1,1.38,2018-04|2018-06|2018-11|2019-04|2019-11|2020-02|2020-06|2020-10|2021-04|2021-12|2022-02|2023-02|2023-09|2023-10|2024-05|2024-12|2025-08|2026-01|2026-02
0.1,2,Core CPI m/m|PPI m/m,Good|Neutral,4,2,2,50.0,50.0,1.0,2020-04|2020-11|2021-09|2025-06
0.1,2,Core CPI m/m|PPI m/m,Good|Good,4,3,1,75.0,25.0,3.0,2020-05|2022-08|2022-11|2025-04
0.1,2,Core CPI m/m|PPI m/m,Bad|Bad,9,7,2,77.8,22.2,3.5,2020-08|2021-05|2021-06|2021-07|2022-07|2022-10|2024-02|2024-03|2025-02
0.1,2,Core CPI m/m|PPI m/m,Bad|Neutral,6,3,3,50.0,50.0,1.0,2020-09|2021-11|2022-05|2022-09|2023-05|2024-04
0.1,2,Core CPI m/m|PPI m/m,Good|Bad,3,3,0,100.0,0.0,inf,2021-02|2021-08|2022-04
0.2,2,Core CPI m/m|PPI m/m,Neutral|Good,16,7,9,43.8,56.2,0.78,2018-01|2018-09|2019-10|2020-03|2020-05|2020-07|2022-08|2023-01|2023-03|2023-04|2023-11|2024-06|2025-03|2025-04|2025-05|2025-09
0.2,2,Core CPI m/m|PPI m/m,Neutral|Neutral,59,31,28,52.5,47.5,1.11,2018-02|2018-03|2018-04|2018-05|2018-06|2018-07|2018-08|2018-10|2018-12|2019-01|2019-02|2019-03|2019-05|2019-06|2019-07|2019-08|2019-09|2019-11|2019-12|2020-01|2020-04|2020-09|2020-10|2020-11|2020-12|2021-01|2021-03|2021-09|2021-10|2021-11|2022-01|2022-03|2022-05|2022-06|2022-10|2022-11|2022-12|2023-05|2023-06|2023-07|2023-08|2023-10|2023-12|2024-01|2024-02|2024-04|2024-05|2024-07|2024-08|2024-09|2024-10|2024-11|2024-12|2025-01|2025-02|2025-06|2025-07|2026-01|2026-02
0.2,2,Core CPI m/m|PPI m/m,Neutral|Bad,16,12,4,75.0,25.0,3.0,2018-11|2019-04|2020-02|2020-06|2021-02|2021-04|2021-06|2021-08|2021-12|2022-02|2022-04|2022-07|2023-02|2023-09|2024-03|2025-08
0.2,2,Core CPI m/m|PPI m/m,Bad|Bad,3,2,1,66.7,33.3,2.0,2020-08|2021-05|2021-07
0.2,2,Core CPI m/m|PPI m/m,Bad|Neutral,1,0,1,0.0,100.0,0.0,2022-09
0.3,2,Core CPI m/m|PPI m/m,Neutral|Good,15,7,8,46.7,53.3,0.87,2018-01|2018-09|2019-10|2020-03|2020-05|2020-07|2022-08|2023-01|2023-03|2023-04|2023-11|2024-06|2025-04|2025-05|2025-09
0.3,2,Core CPI m/m|PPI m/m,Neutral|Neutral,66,34,32,51.5,48.5,1.06,2018-02|2018-03|2018-04|2018-05|2018-06|2018-07|2018-08|2018-10|2018-12|2019-01|2019-02|2019-03|2019-04|2019-05|2019-06|2019-07|2019-08|2019-09|2019-11|2019-12|2020-01|2020-04|2020-09|2020-10|2020-11|2020-12|2021-01|2021-03|2021-09|2021-10|2021-11|2022-01|2022-03|2022-04|2022-05|2022-06|2022-09|2022-10|2022-11|2022-12|2023-02|2023-05|2023-06|2023-07|2023-08|2023-09|2023-10|2023-12|2024-01|2024-02|2024-03|2024-04|2024-05|2024-07|2024-08|2024-09|2024-10|2024-11|2024-12|2025-01|2025-02|2025-03|2025-06|2025-07|2026-01|2026-02
0.3,2,Core CPI m/m|PPI m/m,Neutral|Bad,11,9,2,81.8,18.2,4.5,2018-11|2020-02|2020-06|2021-02|2021-04|2021-06|2021-08|2021-12|2022-02|2022-07|2025-08
0.3,2,Core CPI m/m|PPI m/m,Bad|Neutral,2,1,1,50.0,50.0,1.0,2020-08|2021-05
0.3,2,Core CPI m/m|PPI m/m,Bad|Bad,1,1,0,100.0,0.0,inf,2021-07
0.0,2,Core CPI m/m|Core PPI m/m,Bad|Good,9,6,3,66.7,33.3,2.0,2018-01|2019-08|2020-07|2020-12|2021-11|2022-05|2022-06|2022-07|2023-03
0.0,2,Core CPI m/m|Core PPI m/m,Bad|Bad,15,6,9,40.0,60.0,0.67,2018-02|2018-06|2019-07|2019-09|2020-08|2020-09|2021-04|2021-05|2021-06|2021-07|2022-02|2022-09|2024-02|2024-03|2024-09
0.0,2,Core CPI m/m|Core PPI m/m,Neutral|Neutral,6,4,2,66.7,33.3,2.0,2018-03|2021-01|2023-01|2023-06|2024-11|2024-12
0.0,2,Core CPI m/m|Core PPI m/m,Neutral|Bad,15,7,8,46.7,53.3,0.87,2018-04|2018-07|2018-11|2018-12|2019-02|2019-11|2020-02|2020-10|2021-12|2023-02|2023-08|2023-10|2024-05|2025-08|2026-02
0.0,2,Core CPI m/m|Core PPI m/m,Good|Neutral,5,4,1,80.0,20.0,4.0,2018-05|2018-10|2019-06|2020-06|2021-03
0.0,2,Core CPI m/m|Core PPI m/m,Neutral|Good,11,6,5,54.5,45.5,1.2,2018-08|2019-01|2019-12|2020-03|2021-10|2022-03|2023-04|2023-12|2024-01|2024-08|2025-09
0.0,2,Core CPI m/m|Core PPI m/m,Good|Good,18,8,10,44.4,55.6,0.8,2018-09|2019-03|2019-05|2019-10|2020-01|2020-05|2020-11|2022-08|2022-11|2023-07|2023-11|2024-06|2025-01|2025-03|2025-04|2025-05|2025-06|2025-07
0.0,2,Core CPI m/m|Core PPI m/m,Good|Bad,9,7,2,77.8,22.2,3.5,2019-04|2020-04|2021-02|2021-08|2021-09|2022-04|2022-12|2024-07|2026-01
0.0,2,Core CPI m/m|Core PPI m/m,Bad|Neutral,7,4,3,57.1,42.9,1.33,2022-01|2022-10|2023-05|2023-09|2024-04|2024-10|2025-02
0.1,2,Core CPI m/m|Core PPI m/m,Neutral|Good,22,12,10,54.5,45.5,1.2,2018-01|2018-09|2019-01|2019-08|2019-10|2019-12|2020-03|2020-07|2021-10|2022-03|2023-03|2023-04|2023-11|2023-12|2024-01|2024-06|2024-08|2025-01|2025-03|2025-05|2025-07|2025-09
0.1,2,Core CPI m/m|Core PPI m/m,Neutral|Bad,15,7,8,46.7,53.3,0.87,2018-02|2018-11|2018-12|2020-02|2020-10|2021-04|2021-12|2022-02|2022-12|2023-02|2024-05|2024-07|2025-08|2026-01|2026-02
0.1,2,Core CPI m/m|Core PPI m/m,Neutral|Neutral,32,15,17,46.9,53.1,0.88,2018-03|2018-04|2018-05|2018-06|2018-07|2018-08|2018-10|2019-02|2019-03|2019-04|2019-05|2019-06|2019-07|2019-09|2019-11|2020-01|2020-06|2020-12|2021-01|2021-03|2022-01|2022-06|2023-01|2023-06|2023-07|2023-08|2023-09|2023-10|2024-09|2024-10|2024-11|2024-12
0.1,2,Core CPI m/m|Core PPI m/m,Good|Bad,4,3,1,75.0,25.0,3.0,2020-04|2021-02|2021-08|2022-04
0.1,2,Core CPI m/m|Core PPI m/m,Good|Good,5,4,1,80.0,20.0,4.0,2020-05|2022-08|2022-11|2025-04|2025-06
0.1,2,Core CPI m/m|Core PPI m/m,Bad|Bad,7,4,3,57.1,42.9,1.33,2020-08|2020-09|2021-05|2021-06|2021-07|2022-09|2024-02
0.1,2,Core CPI m/m|Core PPI m/m,Good|Neutral,2,1,1,50.0,50.0,1.0,2020-11|2021-09
0.1,2,Core CPI m/m|Core PPI m/m,Bad|Neutral,7,5,2,71.4,28.6,2.5,2021-11|2022-07|2022-10|2023-05|2024-03|2024-04|2025-02
0.1,2,Core CPI m/m|Core PPI m/m,Bad|Good,1,1,0,100.0,0.0,inf,2022-05
0.2,2,Core CPI m/m|Core PPI m/m,Neutral|Good,19,10,9,52.6,47.4,1.11,2018-01|2018-09|2019-01|2019-08|2019-10|2019-12|2020-03|2020-07|2021-10|2022-03|2022-11|2023-03|2023-04|2023-11|2024-06|2025-03|2025-04|2025-05|2025-09
0.2,2,Core CPI m/m|Core PPI m/m,Neutral|Neutral,60,32,28,53.3,46.7,1.14,2018-02|2018-03|2018-04|2018-05|2018-06|2018-07|2018-08|2018-10|2018-12|2019-02|2019-03|2019-04|2019-05|2019-06|2019-07|2019-09|2019-11|2020-01|2020-04|2020-05|2020-06|2020-09|2020-10|2020-11|2020-12|2021-01|2021-03|2021-06|2021-09|2021-11|2022-01|2022-05|2022-06|2022-07|2022-08|2022-10|2022-12|2023-01|2023-02|2023-05|2023-06|2023-07|2023-08|2023-09|2023-10|2023-12|2024-01|2024-03|2024-04|2024-07|2024-08|2024-09|2024-10|2024-11|2024-12|2025-01|2025-02|2025-06|2025-07|2026-01
0.2,2,Core CPI m/m|Core PPI m/m,Neutral|Bad,12,8,4,66.7,33.3,2.0,2018-11|2020-02|2021-02|2021-04|2021-08|2021-12|2022-02|2022-04|2024-02|2024-05|2025-08|2026-02
0.2,2,Core CPI m/m|Core PPI m/m,Bad|Bad,3,2,1,66.7,33.3,2.0,2020-08|2021-05|2021-07
0.2,2,Core CPI m/m|Core PPI m/m,Bad|Neutral,1,0,1,0.0,100.0,0.0,2022-09
0.3,2,Core CPI m/m|Core PPI m/m,Neutral|Good,15,6,9,40.0,60.0,0.67,2018-01|2018-09|2019-01|2019-08|2019-10|2019-12|2020-03|2020-07|2022-03|2023-03|2023-04|2025-03|2025-04|2025-05|2025-09
0.3,2,Core CPI m/m|Core PPI m/m,Neutral|Neutral,69,38,31,55.1,44.9,1.23,2018-02|2018-03|2018-04|2018-05|2018-06|2018-07|2018-08|2018-10|2018-11|2018-12|2019-02|2019-03|2019-04|2019-05|2019-06|2019-07|2019-09|2019-11|2020-01|2020-02|2020-04|2020-05|2020-06|2020-09|2020-10|2020-11|2020-12|2021-01|2021-03|2021-06|2021-09|2021-10|2021-11|2021-12|2022-01|2022-05|2022-06|2022-07|2022-08|2022-09|2022-10|2022-11|2022-12|2023-01|2023-02|2023-05|2023-06|2023-07|2023-08|2023-09|2023-10|2023-11|2023-12|2024-01|2024-03|2024-04|2024-05|2024-06|2024-07|2024-08|2024-09|2024-10|2024-11|2024-12|2025-01|2025-02|2025-06|2025-07|2026-01
0.3,2,Core CPI m/m|Core PPI m/m,Bad|Bad,2,2,0,100.0,0.0,inf,2020-08|2021-07
0.3,2,Core CPI m/m|Core PPI m/m,Neutral|Bad,8,6,2,75.0,25.0,3.0,2021-02|2021-04|2021-08|2022-02|2022-04|2024-02|2025-08|2026-02
0.3,2,Core CPI m/m|Core PPI m/m,Bad|Neutral,1,0,1,0.0,100.0,0.0,2021-05
0.0,2,Core CPI m/m|FOMC,Bad|Neutral,21,8,13,38.1,61.9,0.62,2018-01|2018-06|2019-07|2019-09|2020-07|2020-09|2020-12|2021-04|2021-06|2021-07|2021-11|2022-01|2022-05|2022-06|2022-07|2022-09|2023-03|2023-05|2023-09|2024-03|2024-09
0.0,2,Core CPI m/m|FOMC,Neutral|Neutral,17,9,8,52.9,47.1,1.13,2018-03|2018-08|2018-11|2018-12|2019-01|2019-12|2021-01|2021-12|2022-03|2023-02|2023-06|2023-12|2024-01|2024-05|2024-11|2024-12|2025-09
0.0,2,Core CPI m/m|FOMC,Good|Neutral,25,13,12,52.0,48.0,1.08,2018-05|2018-09|2019-03|2019-05|2019-06|2019-10|2020-01|2020-04|2020-06|2020-11|2021-03|2021-09|2022-11|2022-12|2023-07|2023-11|2024-06|2024-07|2025-01|2025-03|2025-05|2025-06|2025-07|2025-10|2026-01
0.0,2,Core CPI m/m|FOMC,Neutral|Good,1,0,1,0.0,100.0,0.0,2020-03
0.1,2,Core CPI m/m|FOMC,Neutral|Neutral,49,22,27,44.9,55.1,0.81,2018-01|2018-03|2018-05|2018-06|2018-08|2018-09|2018-11|2018-12|2019-01|2019-03|2019-05|2019-06|2019-07|2019-09|2019-10|2019-12|2020-01|2020-06|2020-07|2020-12|2021-01|2021-03|2021-04|2021-12|2022-01|2022-03|2022-06|2022-12|2023-02|2023-03|2023-06|2023-07|2023-09|2023-11|2023-12|2024-01|2024-05|2024-06|2024-07|2024-09|2024-11|2024-12|2025-01|2025-03|2025-05|2025-07|2025-09|2025-10|2026-01
0.1,2,Core CPI m/m|FOMC,Neutral|Good,1,0,1,0.0,100.0,0.0,2020-03
0.1,2,Core CPI m/m|FOMC,Good|Neutral,5,3,2,60.0,40.0,1.5,2020-04|2020-11|2021-09|2022-11|2025-06
0.1,2,Core CPI m/m|FOMC,Bad|Neutral,9,5,4,55.6,44.4,1.25,2020-09|2021-06|2021-07|2021-11|2022-05|2022-07|2022-09|2023-05|2024-03
0.2,2,Core CPI m/m|FOMC,Neutral|Neutral,61,29,32,47.5,52.5,0.91,2018-01|2018-03|2018-05|2018-06|2018-08|2018-09|2018-11|2018-12|2019-01|2019-03|2019-05|2019-06|2019-07|2019-09|2019-10|2019-12|2020-01|2020-04|2020-06|2020-07|2020-09|2020-11|2020-12|2021-01|2021-03|2021-04|2021-06|2021-09|2021-11|2021-12|2022-01|2022-03|2022-05|2022-06|2022-07|2022-11|2022-12|2023-02|2023-03|2023-05|2023-06|2023-07|2023-09|2023-11|2023-12|2024-01|2024-03|2024-05|2024-06|2024-07|2024-09|2024-11|2024-12|2025-01|2025-03|2025-05|2025-06|2025-07|2025-09|2025-10|2026-01
0.2,2,Core CPI m/m|FOMC,Neutral|Good,1,0,1,0.0,100.0,0.0,2020-03
0.2,2,Core CPI m/m|FOMC,Bad|Neutral,2,1,1,50.0,50.0,1.0,2021-07|2022-09
0.3,2,Core CPI m/m|FOMC,Neutral|Neutral,62,29,33,46.8,53.2,0.88,2018-01|2018-03|2018-05|2018-06|2018-08|2018-09|2018-11|2018-12|2019-01|2019-03|2019-05|2019-06|2019-07|2019-09|2019-10|2019-12|2020-01|2020-04|2020-06|2020-07|2020-09|2020-11|2020-12|2021-01|2021-03|2021-04|2021-06|2021-09|2021-11|2021-12|2022-01|2022-03|2022-05|2022-06|2022-07|2022-09|2022-11|2022-12|2023-02|2023-03|2023-05|2023-06|2023-07|2023-09|2023-11|2023-12|2024-01|2024-03|2024-05|2024-06|2024-07|2024-09|2024-11|2024-12|2025-01|2025-03|2025-05|2025-06|2025-07|2025-09|2025-10|2026-01
0.3,2,Core CPI m/m|FOMC,Neutral|Good,1,0,1,0.0,100.0,0.0,2020-03
0.3,2,Core CPI m/m|FOMC,Bad|Neutral,1,1,0,100.0,0.0,inf,2021-07
0.0,2,Core CPI m/m|CPI y/y,Bad|Neutral,8,1,7,12.5,87.5,0.14,2018-01|2018-06|2019-07|2020-07|2020-12|2022-01|2023-03|2024-09
0.0,2,Core CPI m/m|CPI y/y,Bad|Bad,21,15,6,71.4,28.6,2.5,2018-02|2019-08|2020-08|2020-09|2021-04|2021-05|2021-06|2021-07|2021-11|2022-02|2022-05|2022-06|2022-07|2022-09|2022-10|2023-09|2024-02|2024-03|2024-04|2024-10|2025-02
0.0,2,Core CPI m/m|CPI y/y,Neutral|Neutral,17,9,8,52.9,47.1,1.13,2018-03|2018-04|2018-07|2018-08|2018-11|2018-12|2019-01|2020-10|2021-01|2021-12|2022-03|2023-01|2023-12|2024-05|2024-11|2024-12|2025-09
0.0,2,Core CPI m/m|CPI y/y,Good|Neutral,7,6,1,85.7,14.3,6.0,2018-05|2020-01|2021-02|2021-03|2021-09|2025-01|2026-01
0.0,2,Core CPI m/m|CPI y/y,Good|Good,22,10,12,45.5,54.5,0.83,2018-09|2018-10|2019-03|2019-05|2019-06|2019-10|2020-04|2020-05|2020-06|2020-11|2022-08|2022-11|2022-12|2023-07|2023-11|2024-06|2024-07|2025-03|2025-04|2025-05|2025-06|2025-10
0.0,2,Core CPI m/m|CPI y/y,Neutral|Bad,9,3,6,33.3,66.7,0.5,2019-02|2019-11|2019-12|2020-02|2020-03|2021-10|2023-02|2023-10|2024-01
0.0,2,Core CPI m/m|CPI y/y,Good|Bad,4,4,0,100.0,0.0,inf,2019-04|2021-08|2022-04|2025-07
0.0,2,Core CPI m/m|CPI y/y,Bad|Good,2,0,2,0.0,100.0,0.0,2019-09|2023-05
0.0,2,Core CPI m/m|CPI y/y,Neutral|Good,6,5,1,83.3,16.7,5.0,2023-04|2023-06|2023-08|2024-08|2025-08|2026-02
0.1,2,Core CPI m/m|CPI y/y,Neutral|Neutral,39,20,19,51.3,48.7,1.05,2018-01|2018-03|2018-04|2018-05|2018-06|2018-07|2018-08|2018-09|2018-11|2018-12|2019-01|2019-04|2019-06|2019-07|2020-01|2020-03|2020-07|2020-10|2020-12|2021-01|2021-03|2021-12|2022-01|2022-03|2023-01|2023-03|2023-04|2023-06|2023-08|2023-11|2023-12|2024-05|2024-09|2024-11|2024-12|2025-01|2025-08|2025-09|2026-01
0.1,2,Core CPI m/m|CPI y/y,Neutral|Bad,16,9,7,56.2,43.8,1.29,2018-02|2019-02|2019-08|2019-11|2019-12|2020-02|2021-04|2021-10|2022-02|2022-06|2023-02|2023-09|2023-10|2024-01|2024-10|2025-07
0.1,2,Core CPI m/m|CPI y/y,Neutral|Good,15,6,9,40.0,60.0,0.67,2018-10|2019-03|2019-05|2019-09|2019-10|2020-06|2022-12|2023-07|2024-06|2024-07|2024-08|2025-03|2025-05|2025-10|2026-02
0.1,2,Core CPI m/m|CPI y/y,Good|Good,7,4,3,57.1,42.9,1.33,2020-04|2020-05|2020-11|2022-08|2022-11|2025-04|2025-06
0.1,2,Core CPI m/m|CPI y/y,Bad|Bad,13,9,4,69.2,30.8,2.25,2020-08|2020-09|2021-05|2021-06|2021-07|2021-11|2022-05|2022-07|2022-09|2024-02|2024-03|2024-04|2025-02
0.1,2,Core CPI m/m|CPI y/y,Good|Neutral,3,3,0,100.0,0.0,inf,2021-02|2021-09|2022-04
0.1,2,Core CPI m/m|CPI y/y,Good|Bad,1,1,0,100.0,0.0,inf,2021-08
0.1,2,Core CPI m/m|CPI y/y,Bad|Neutral,2,1,1,50.0,50.0,1.0,2022-10|2023-05
0.2,2,Core CPI m/m|CPI y/y,Neutral|Neutral,81,42,39,51.9,48.1,1.08,2018-01|2018-03|2018-04|2018-05|2018-06|2018-07|2018-08|2018-09|2018-10|2018-11|2018-12|2019-01|2019-02|2019-03|2019-04|2019-05|2019-06|2019-07|2019-08|2019-09|2019-10|2019-11|2019-12|2020-01|2020-02|2020-03|2020-04|2020-05|2020-06|2020-07|2020-09|2020-10|2020-11|2020-12|2021-01|2021-02|2021-03|2021-04|2021-08|2021-09|2021-10|2021-12|2022-01|2022-03|2022-04|2022-08|2022-10|2023-01|2023-03|2023-04|2023-05|2023-06|2023-07|2023-08|2023-09|2023-10|2023-11|2023-12|2024-01|2024-03|2024-04|2024-05|2024-06|2024-07|2024-08|2024-09|2024-10|2024-11|2024-12|2025-01|2025-02|2025-03|2025-04|2025-05|2025-06|2025-07|2025-08|2025-09|2025-10|2026-01|2026-02
0.2,2,Core CPI m/m|CPI y/y,Neutral|Bad,9,8,1,88.9,11.1,8.0,2018-02|2021-06|2021-11|2022-02|2022-05|2022-06|2022-07|2023-02|2024-02
0.2,2,Core CPI m/m|CPI y/y,Bad|Bad,4,2,2,50.0,50.0,1.0,2020-08|2021-05|2021-07|2022-09
0.2,2,Core CPI m/m|CPI y/y,Neutral|Good,2,1,1,50.0,50.0,1.0,2022-11|2022-12
0.3,2,Core CPI m/m|CPI y/y,Neutral|Neutral,92,50,42,54.3,45.7,1.19,2018-01|2018-02|2018-03|2018-04|2018-05|2018-06|2018-07|2018-08|2018-09|2018-10|2018-11|2018-12|2019-01|2019-02|2019-03|2019-04|2019-05|2019-06|2019-07|2019-08|2019-09|2019-10|2019-11|2019-12|2020-01|2020-02|2020-03|2020-04|2020-05|2020-06|2020-07|2020-09|2020-10|2020-11|2020-12|2021-01|2021-02|2021-03|2021-04|2021-06|2021-08|2021-09|2021-10|2021-11|2021-12|2022-01|2022-02|2022-03|2022-04|2022-05|2022-06|2022-08|2022-09|2022-10|2022-11|2022-12|2023-01|2023-02|2023-03|2023-04|2023-05|2023-06|2023-07|2023-08|2023-09|2023-10|2023-11|2023-12|2024-01|2024-02|2024-03|2024-04|2024-05|2024-06|2024-07|2024-08|2024-09|2024-10|2024-11|2024-12|2025-01|2025-02|2025-03|2025-04|2025-05|2025-06|2025-07|2025-08|2025-09|2025-10|2026-01|2026-02
0.3,2,Core CPI m/m|CPI y/y,Bad|Bad,3,2,1,66.7,33.3,2.0,2020-08|2021-05|2021-07
0.3,2,Core CPI m/m|CPI y/y,Neutral|Bad,1,1,0,100.0,0.0,inf,2022-07
0.0,2,PPI m/m|Core PPI m/m,Good|Good,29,15,14,51.7,48.3,1.07,2018-01|2018-08|2018-09|2019-01|2019-03|2019-10|2019-12|2020-01|2020-03|2020-05|2020-07|2021-10|2022-03|2022-08|2022-11|2023-03|2023-04|2023-07|2023-11|2024-01|2024-06|2024-08|2025-01|2025-03|2025-04|2025-05|2025-06|2025-07|2025-09
0.0,2,PPI m/m|Core PPI m/m,Neutral|Bad,3,1,2,33.3,66.7,0.5,2018-02|2019-07|2022-09
0.0,2,PPI m/m|Core PPI m/m,Bad|Neutral,7,7,0,100.0,0.0,inf,2018-03|2020-06|2021-03|2022-10|2023-09|2024-12|2025-02
0.0,2,PPI m/m|Core PPI m/m,Bad|Bad,35,19,16,54.3,45.7,1.19,2018-04|2018-06|2018-07|2018-11|2018-12|2019-04|2019-09|2019-11|2020-02|2020-04|2020-08|2020-09|2020-10|2021-02|2021-04|2021-05|2021-06|2021-07|2021-08|2021-09|2021-12|2022-02|2022-04|2022-12|2023-02|2023-08|2023-10|2024-02|2024-03|2024-05|2024-07|2024-09|2025-08|2026-01|2026-02
0.0,2,PPI m/m|Core PPI m/m,Good|Neutral,8,4,4,50.0,50.0,1.0,2018-05|2021-01|2022-01|2023-01|2023-05|2023-06|2024-04|2024-10
0.0,2,PPI m/m|Core PPI m/m,Neutral|Neutral,3,1,2,33.3,66.7,0.5,2018-10|2019-06|2024-11
0.0,2,PPI m/m|Core PPI m/m,Good|Bad,1,0,1,0.0,100.0,0.0,2019-02
0.0,2,PPI m/m|Core PPI m/m,Neutral|Good,8,4,4,50.0,50.0,1.0,2019-05|2019-08|2020-12|2021-11|2022-05|2022-06|2023-12|2025-11
0.0,2,PPI m/m|Core PPI m/m,Bad|Good,2,1,1,50.0,50.0,1.0,2020-11|2022-07
0.1,2,PPI m/m|Core PPI m/m,Good|Good,21,11,10,52.4,47.6,1.1,2018-01|2018-09|2019-10|2019-12|2020-03|2020-05|2020-07|2022-03|2022-08|2022-11|2023-03|2023-04|2023-11|2024-01|2024-06|2025-01|2025-03|2025-04|2025-05|2025-07|2025-09
0.1,2,PPI m/m|Core PPI m/m,Neutral|Bad,7,2,5,28.6,71.4,0.4,2018-02|2018-12|2020-04|2020-09|2022-09|2022-12|2024-07
0.1,2,PPI m/m|Core PPI m/m,Neutral|Neutral,24,10,14,41.7,58.3,0.71,2018-03|2018-05|2018-07|2018-10|2019-03|2019-05|2019-06|2019-07|2019-09|2020-01|2020-11|2020-12|2021-03|2021-09|2021-11|2022-06|2023-05|2023-07|2023-08|2024-04|2024-09|2024-10|2024-11|2025-11
0.1,2,PPI m/m|Core PPI m/m,Bad|Neutral,12,9,3,75.0,25.0,3.0,2018-04|2018-06|2019-04|2019-11|2020-06|2022-07|2022-10|2023-09|2023-10|2024-03|2024-12|2025-02
0.1,2,PPI m/m|Core PPI m/m,Good|Neutral,6,2,4,33.3,66.7,0.5,2018-08|2019-02|2021-01|2022-01|2023-01|2023-06
0.1,2,PPI m/m|Core PPI m/m,Bad|Bad,19,12,7,63.2,36.8,1.71,2018-11|2020-02|2020-08|2020-10|2021-02|2021-04|2021-05|2021-06|2021-07|2021-08|2021-12|2022-02|2022-04|2023-02|2024-02|2024-05|2025-08|2026-01|2026-02
0.1,2,PPI m/m|Core PPI m/m,Neutral|Good,7,6,1,85.7,14.3,6.0,2019-01|2019-08|2021-10|2022-05|2023-12|2024-08|2025-06
0.2,2,PPI m/m|Core PPI m/m,Good|Good,13,5,8,38.5,61.5,0.63,2018-01|2018-09|2019-10|2020-03|2020-07|2023-03|2023-04|2023-11|2024-06|2025-03|2025-04|2025-05|2025-09
0.2,2,PPI m/m|Core PPI m/m,Neutral|Neutral,52,25,27,48.1,51.9,0.93,2018-02|2018-03|2018-04|2018-05|2018-06|2018-07|2018-08|2018-10|2018-12|2019-02|2019-03|2019-05|2019-06|2019-07|2019-09|2019-11|2020-01|2020-04|2020-09|2020-10|2020-11|2020-12|2021-01|2021-03|2021-09|2021-11|2022-01|2022-05|2022-06|2022-09|2022-10|2022-12|2023-05|2023-06|2023-07|2023-08|2023-10|2023-12|2024-01|2024-04|2024-07|2024-08|2024-09|2024-10|2024-11|2024-12|2025-01|2025-02|2025-06|2025-07|2025-11|2026-01
0.2,2,PPI m/m|Core PPI m/m,Bad|Bad,12,9,3,75.0,25.0,3.0,2018-11|2020-02|2020-08|2021-02|2021-04|2021-05|2021-07|2021-08|2021-12|2022-02|2022-04|2025-08
0.2,2,PPI m/m|Core PPI m/m,Neutral|Good,6,5,1,83.3,16.7,5.0,2019-01|2019-08|2019-12|2021-10|2022-03|2022-11
0.2,2,PPI m/m|Core PPI m/m,Bad|Neutral,7,5,2,71.4,28.6,2.5,2019-04|2020-06|2021-06|2022-07|2023-02|2023-09|2024-03
0.2,2,PPI m/m|Core PPI m/m,Good|Neutral,3,2,1,66.7,33.3,2.0,2020-05|2022-08|2023-01
0.2,2,PPI m/m|Core PPI m/m,Neutral|Bad,3,1,2,33.3,66.7,0.5,2024-02|2024-05|2026-02
0.3,2,PPI m/m|Core PPI m/m,Good|Good,10,3,7,30.0,70.0,0.43,2018-01|2018-09|2019-10|2020-03|2020-07|2023-03|2023-04|2025-04|2025-05|2025-09
0.3,2,PPI m/m|Core PPI m/m,Neutral|Neutral,60,29,31,48.3,51.7,0.94,2018-02|2018-03|2018-04|2018-05|2018-06|2018-07|2018-08|2018-10|2018-12|2019-02|2019-03|2019-04|2019-05|2019-06|2019-07|2019-09|2019-11|2020-01|2020-04|2020-09|2020-10|2020-11|2020-12|2021-01|2021-03|2021-05|2021-09|2021-10|2021-11|2022-01|2022-05|2022-06|2022-09|2022-10|2022-11|2022-12|2023-02|2023-05|2023-06|2023-07|2023-08|2023-09|2023-10|2023-12|2024-01|2024-03|2024-04|2024-05|2024-07|2024-08|2024-09|2024-10|2024-11|2024-12|2025-01|2025-02|2025-06|2025-07|2025-11|2026-01
0.3,2,PPI m/m|Core PPI m/m,Bad|Neutral,6,5,1,83.3,16.7,5.0,2018-11|2020-02|2020-06|2021-06|2021-12|2022-07
0.3,2,PPI m/m|Core PPI m/m,Neutral|Good,5,3,2,60.0,40.0,1.5,2019-01|2019-08|2019-12|2022-03|2025-03
0.3,2,PPI m/m|Core PPI m/m,Good|Neutral,5,4,1,80.0,20.0,4.0,2020-05|2022-08|2023-01|2023-11|2024-06
0.3,2,PPI m/m|Core PPI m/m,Neutral|Bad,4,3,1,75.0,25.0,3.0,2020-08|2022-04|2024-02|2026-02
0.3,2,PPI m/m|Core PPI m/m,Bad|Bad,6,5,1,83.3,16.7,5.0,2021-02|2021-04|2021-07|2021-08|2022-02|2025-08
0.0,2,PPI m/m|FOMC,Good|Neutral,27,13,14,48.1,51.9,0.93,2018-01|2018-05|2018-08|2018-09|2019-01|2019-03|2019-10|2019-12|2020-01|2020-07|2021-01|2022-01|2022-03|2022-11|2023-03|2023-05|2023-06|2023-07|2023-11|2024-01|2024-06|2025-01|2025-03|2025-05|2025-06|2025-07|2025-09
0.0,2,PPI m/m|FOMC,Bad|Neutral,25,13,12,52.0,48.0,1.08,2018-03|2018-06|2018-11|2018-12|2019-09|2020-04|2020-06|2020-09|2020-11|2021-03|2021-04|2021-06|2021-07|2021-09|2021-12|2022-07|2022-12|2023-02|2023-09|2024-03|2024-05|2024-07|2024-09|2024-12|2026-01
0.0,2,PPI m/m|FOMC,Neutral|Neutral,10,3,7,30.0,70.0,0.43,2019-05|2019-06|2019-07|2020-12|2021-11|2022-05|2022-06|2022-09|2023-12|2024-11
0.0,2,PPI m/m|FOMC,Good|Good,1,0,1,0.0,100.0,0.0,2020-03
0.1,2,PPI m/m|FOMC,Good|Neutral,20,10,10,50.0,50.0,1.0,2018-01|2018-08|2018-09|2019-10|2019-12|2020-07|2021-01|2022-01|2022-03|2022-11|2023-03|2023-06|2023-11|2024-01|2024-06|2025-01|2025-03|2025-05|2025-07|2025-09
0.1,2,PPI m/m|FOMC,Neutral|Neutral,28,10,18,35.7,64.3,0.56,2018-03|2018-05|2018-12|2019-01|2019-03|2019-05|2019-06|2019-07|2019-09|2020-01|2020-04|2020-09|2020-11|2020-12|2021-03|2021-09|2021-11|2022-05|2022-06|2022-09|2022-12|2023-05|2023-07|2023-12|2024-07|2024-09|2024-11|2025-06
0.1,2,PPI m/m|FOMC,Bad|Neutral,14,9,5,64.3,35.7,1.8,2018-06|2018-11|2020-06|2021-04|2021-06|2021-07|2021-12|2022-07|2023-02|2023-09|2024-03|2024-05|2024-12|2026-01
0.1,2,PPI m/m|FOMC,Good|Good,1,0,1,0.0,100.0,0.0,2020-03
0.2,2,PPI m/m|FOMC,Good|Neutral,10,4,6,40.0,60.0,0.67,2018-01|2018-09|2019-10|2020-07|2023-03|2023-11|2024-06|2025-03|2025-05|2025-09
0.2,2,PPI m/m|FOMC,Neutral|Neutral,42,18,24,42.9,57.1,0.75,2018-03|2018-05|2018-06|2018-08|2018-12|2019-01|2019-03|2019-05|2019-06|2019-07|2019-09|2019-12|2020-01|2020-04|2020-09|2020-11|2020-12|2021-01|2021-03|2021-09|2021-11|2022-01|2022-03|2022-05|2022-06|2022-09|2022-11|2022-12|2023-05|2023-06|2023-07|2023-12|2024-01|2024-05|2024-07|2024-09|2024-11|2024-12|2025-01|2025-06|2025-07|2026-01
0.2,2,PPI m/m|FOMC,Bad|Neutral,10,7,3,70.0,30.0,2.33,2018-11|2020-06|2021-04|2021-06|2021-07|2021-12|2022-07|2023-02|2023-09|2024-03
0.2,2,PPI m/m|FOMC,Good|Good,1,0,1,0.0,100.0,0.0,2020-03
0.3,2,PPI m/m|FOMC,Good|Neutral,9,4,5,44.4,55.6,0.8,2018-01|2018-09|2019-10|2020-07|2023-03|2023-11|2024-06|2025-05|2025-09
0.3,2,PPI m/m|FOMC,Neutral|Neutral,46,19,27,41.3,58.7,0.7,2018-03|2018-05|2018-06|2018-08|2018-12|2019-01|2019-03|2019-05|2019-06|2019-07|2019-09|2019-12|2020-01|2020-04|2020-09|2020-11|2020-12|2021-01|2021-03|2021-09|2021-11|2022-01|2022-03|2022-05|2022-06|2022-09|2022-11|2022-12|2023-02|2023-05|2023-06|2023-07|2023-09|2023-12|2024-01|2024-03|2024-05|2024-07|2024-09|2024-11|2024-12|2025-01|2025-03|2025-06|2025-07|2026-01
0.3,2,PPI m/m|FOMC,Bad|Neutral,7,6,1,85.7,14.3,6.0,2018-11|2020-06|2021-04|2021-06|2021-07|2021-12|2022-07
0.3,2,PPI m/m|FOMC,Good|Good,1,0,1,0.0,100.0,0.0,2020-03
0.0,2,PPI m/m|CPI y/y,Good|Neutral,13,6,7,46.2,53.8,0.86,2018-01|2018-05|2018-08|2019-01|2020-01|2020-07|2021-01|2022-01|2022-03|2023-01|2023-03|2025-01|2025-09
0.0,2,PPI m/m|CPI y/y,Neutral|Bad,6,5,1,83.3,16.7,5.0,2018-02|2019-08|2021-11|2022-05|2022-06|2022-09
0.0,2,PPI m/m|CPI y/y,Bad|Neutral,15,10,5,66.7,33.3,2.0,2018-03|2018-04|2018-06|2018-07|2018-11|2018-12|2020-10|2021-02|2021-03|2021-09|2021-12|2024-05|2024-09|2024-12|2026-01
0.0,2,PPI m/m|CPI y/y,Good|Good,17,9,8,52.9,47.1,1.13,2018-09|2019-03|2019-10|2020-05|2022-08|2022-11|2023-04|2023-05|2023-06|2023-07|2023-11|2024-06|2024-08|2025-03|2025-04|2025-05|2025-06
0.0,2,PPI m/m|CPI y/y,Neutral|Good,3,1,2,33.3,66.7,0.5,2018-10|2019-05|2019-06
0.0,2,PPI m/m|CPI y/y,Good|Bad,8,4,4,50.0,50.0,1.0,2019-02|2019-12|2020-03|2021-10|2024-01|2024-04|2024-10|2025-07
0.0,2,PPI m/m|CPI y/y,Bad|Bad,20,13,7,65.0,35.0,1.86,2019-04|2019-11|2020-02|2020-08|2020-09|2021-04|2021-05|2021-06|2021-07|2021-08|2022-02|2022-04|2022-07|2022-10|2023-02|2023-09|2023-10|2024-02|2024-03|2025-02
0.0,2,PPI m/m|CPI y/y,Neutral|Neutral,4,0,4,0.0,100.0,0.0,2019-07|2020-12|2023-12|2024-11
0.0,2,PPI m/m|CPI y/y,Bad|Good,9,4,5,44.4,55.6,0.8,2019-09|2020-04|2020-06|2020-11|2022-12|2023-08|2024-07|2025-08|2026-02
0.1,2,PPI m/m|CPI y/y,Good|Neutral,15,7,8,46.7,53.3,0.87,2018-01|2018-08|2018-09|2020-03|2020-07|2021-01|2022-01|2022-03|2023-01|2023-03|2023-04|2023-06|2023-11|2025-01|2025-09
0.1,2,PPI m/m|CPI y/y,Neutral|Bad,10,7,3,70.0,30.0,2.33,2018-02|2019-08|2020-09|2021-10|2021-11|2022-05|2022-06|2022-09|2024-04|2024-10
0.1,2,PPI m/m|CPI y/y,Neutral|Neutral,16,7,9,43.8,56.2,0.78,2018-03|2018-05|2018-07|2018-12|2019-01|2019-06|2019-07|2020-01|2020-12|2021-03|2021-09|2023-05|2023-08|2023-12|2024-09|2024-11
0.1,2,PPI m/m|CPI y/y,Bad|Neutral,13,10,3,76.9,23.1,3.33,2018-04|2018-06|2018-11|2019-04|2020-10|2021-02|2021-12|2022-04|2022-10|2024-05|2024-12|2025-08|2026-01
0.1,2,PPI m/m|CPI y/y,Neutral|Good,11,4,7,36.4,63.6,0.57,2018-10|2019-03|2019-05|2019-09|2020-04|2020-11|2022-12|2023-07|2024-07|2024-08|2025-06
0.1,2,PPI m/m|CPI y/y,Good|Bad,4,2,2,50.0,50.0,1.0,2019-02|2019-12|2024-01|2025-07
0.1,2,PPI m/m|CPI y/y,Good|Good,8,4,4,50.0,50.0,1.0,2019-10|2020-05|2022-08|2022-11|2024-06|2025-03|2025-04|2025-05
0.1,2,PPI m/m|CPI y/y,Bad|Bad,16,10,6,62.5,37.5,1.67,2019-11|2020-02|2020-08|2021-04|2021-05|2021-06|2021-07|2021-08|2022-02|2022-07|2023-02|2023-09|2023-10|2024-02|2024-03|2025-02
0.1,2,PPI m/m|CPI y/y,Bad|Good,2,1,1,50.0,50.0,1.0,2020-06|2026-02
0.2,2,PPI m/m|CPI y/y,Good|Neutral,16,7,9,43.8,56.2,0.78,2018-01|2018-09|2019-10|2020-03|2020-05|2020-07|2022-08|2023-01|2023-03|2023-04|2023-11|2024-06|2025-03|2025-04|2025-05|2025-09
0.2,2,PPI m/m|CPI y/y,Neutral|Bad,6,5,1,83.3,16.7,5.0,2018-02|2021-11|2022-05|2022-06|2022-09|2024-02
0.2,2,PPI m/m|CPI y/y,Neutral|Neutral,52,25,27,48.1,51.9,0.93,2018-03|2018-04|2018-05|2018-06|2018-07|2018-08|2018-10|2018-12|2019-01|2019-02|2019-03|2019-05|2019-06|2019-07|2019-08|2019-09|2019-11|2019-12|2020-01|2020-04|2020-09|2020-10|2020-11|2020-12|2021-01|2021-03|2021-09|2021-10|2022-01|2022-03|2022-10|2023-05|2023-06|2023-07|2023-08|2023-10|2023-12|2024-01|2024-04|2024-05|2024-07|2024-08|2024-09|2024-10|2024-11|2024-12|2025-01|2025-02|2025-06|2025-07|2026-01|2026-02
0.2,2,PPI m/m|CPI y/y,Bad|Neutral,12,9,3,75.0,25.0,3.0,2018-11|2019-04|2020-02|2020-06|2021-02|2021-04|2021-08|2021-12|2022-04|2023-09|2024-03|2025-08
0.2,2,PPI m/m|CPI y/y,Bad|Bad,7,5,2,71.4,28.6,2.5,2020-08|2021-05|2021-06|2021-07|2022-02|2022-07|2023-02
0.2,2,PPI m/m|CPI y/y,Neutral|Good,2,1,1,50.0,50.0,1.0,2022-11|2022-12
0.3,2,PPI m/m|CPI y/y,Good|Neutral,15,7,8,46.7,53.3,0.87,2018-01|2018-09|2019-10|2020-03|2020-05|2020-07|2022-08|2023-01|2023-03|2023-04|2023-11|2024-06|2025-04|2025-05|2025-09
0.3,2,PPI m/m|CPI y/y,Neutral|Neutral,66,34,32,51.5,48.5,1.06,2018-02|2018-03|2018-04|2018-05|2018-06|2018-07|2018-08|2018-10|2018-12|2019-01|2019-02|2019-03|2019-04|2019-05|2019-06|2019-07|2019-08|2019-09|2019-11|2019-12|2020-01|2020-04|2020-09|2020-10|2020-11|2020-12|2021-01|2021-03|2021-09|2021-10|2021-11|2022-01|2022-03|2022-04|2022-05|2022-06|2022-09|2022-10|2022-11|2022-12|2023-02|2023-05|2023-06|2023-07|2023-08|2023-09|2023-10|2023-12|2024-01|2024-02|2024-03|2024-04|2024-05|2024-07|2024-08|2024-09|2024-10|2024-11|2024-12|2025-01|2025-02|2025-03|2025-06|2025-07|2026-01|2026-02
0.3,2,PPI m/m|CPI y/y,Bad|Neutral,10,8,2,80.0,20.0,4.0,2018-11|2020-02|2020-06|2021-02|2021-04|2021-06|2021-08|2021-12|2022-02|2025-08
0.3,2,PPI m/m|CPI y/y,Neutral|Bad,2,1,1,50.0,50.0,1.0,2020-08|2021-05
0.3,2,PPI m/m|CPI y/y,Bad|Bad,2,2,0,100.0,0.0,inf,2021-07|2022-07
0.0,2,Core PPI m/m|FOMC,Good|Neutral,30,14,16,46.7,53.3,0.87,2018-01|2018-08|2018-09|2019-01|2019-03|2019-05|2019-10|2019-12|2020-01|2020-07|2020-11|2020-12|2021-11|2022-03|2022-05|2022-06|2022-07|2022-11|2023-03|2023-07|2023-11|2023-12|2024-01|2024-06|2025-01|2025-03|2025-05|2025-06|2025-07|2025-09
0.0,2,Core PPI m/m|FOMC,Neutral|Neutral,12,8,4,66.7,33.3,2.0,2018-03|2018-05|2019-06|2020-06|2021-01|2021-03|2022-01|2023-05|2023-06|2023-09|2024-11|2024-12
0.0,2,Core PPI m/m|FOMC,Bad|Neutral,20,7,13,35.0,65.0,0.54,2018-06|2018-11|2018-12|2019-07|2019-09|2020-04|2020-09|2021-04|2021-06|2021-07|2021-09|2021-12|2022-09|2022-12|2023-02|2024-03|2024-05|2024-07|2024-09|2026-01
0.0,2,Core PPI m/m|FOMC,Good|Good,1,0,1,0.0,100.0,0.0,2020-03
0.1,2,Core PPI m/m|FOMC,Good|Neutral,20,11,9,55.0,45.0,1.22,2018-01|2018-09|2019-01|2019-10|2019-12|2020-07|2022-03|2022-05|2022-11|2023-03|2023-11|2023-12|2024-01|2024-06|2025-01|2025-03|2025-05|2025-06|2025-07|2025-09
0.1,2,Core PPI m/m|FOMC,Neutral|Neutral,28,12,16,42.9,57.1,0.75,2018-03|2018-05|2018-06|2018-08|2019-03|2019-05|2019-06|2019-07|2019-09|2020-01|2020-06|2020-11|2020-12|2021-01|2021-03|2021-09|2021-11|2022-01|2022-06|2022-07|2023-05|2023-06|2023-07|2023-09|2024-03|2024-09|2024-11|2024-12
0.1,2,Core PPI m/m|FOMC,Bad|Neutral,14,6,8,42.9,57.1,0.75,2018-11|2018-12|2020-04|2020-09|2021-04|2021-06|2021-07|2021-12|2022-09|2022-12|2023-02|2024-05|2024-07|2026-01
0.1,2,Core PPI m/m|FOMC,Good|Good,1,0,1,0.0,100.0,0.0,2020-03
0.2,2,Core PPI m/m|FOMC,Good|Neutral,14,7,7,50.0,50.0,1.0,2018-01|2018-09|2019-01|2019-10|2019-12|2020-07|2022-03|2022-11|2023-03|2023-11|2024-06|2025-03|2025-05|2025-09
0.2,2,Core PPI m/m|FOMC,Neutral|Neutral,43,19,24,44.2,55.8,0.79,2018-03|2018-05|2018-06|2018-08|2018-12|2019-03|2019-05|2019-06|2019-07|2019-09|2020-01|2020-04|2020-06|2020-09|2020-11|2020-12|2021-01|2021-03|2021-06|2021-09|2021-11|2022-01|2022-05|2022-06|2022-07|2022-09|2022-12|2023-02|2023-05|2023-06|2023-07|2023-09|2023-12|2024-01|2024-03|2024-07|2024-09|2024-11|2024-12|2025-01|2025-06|2025-07|2026-01
0.2,2,Core PPI m/m|FOMC,Bad|Neutral,5,3,2,60.0,40.0,1.5,2018-11|2021-04|2021-07|2021-12|2024-05
0.2,2,Core PPI m/m|FOMC,Good|Good,1,0,1,0.0,100.0,0.0,2020-03
0.3,2,Core PPI m/m|FOMC,Good|Neutral,11,4,7,36.4,63.6,0.57,2018-01|2018-09|2019-01|2019-10|2019-12|2020-07|2022-03|2023-03|2025-03|2025-05|2025-09
0.3,2,Core PPI m/m|FOMC,Neutral|Neutral,49,24,25,49.0,51.0,0.96,2018-03|2018-05|2018-06|2018-08|2018-11|2018-12|2019-03|2019-05|2019-06|2019-07|2019-09|2020-01|2020-04|2020-06|2020-09|2020-11|2020-12|2021-01|2021-03|2021-06|2021-09|2021-11|2021-12|2022-01|2022-05|2022-06|2022-07|2022-09|2022-11|2022-12|2023-02|2023-05|2023-06|2023-07|2023-09|2023-11|2023-12|2024-01|2024-03|2024-05|2024-06|2024-07|2024-09|2024-11|2024-12|2025-01|2025-06|2025-07|2026-01
0.3,2,Core PPI m/m|FOMC,Good|Good,1,0,1,0.0,100.0,0.0,2020-03
0.3,2,Core PPI m/m|FOMC,Bad|Neutral,2,1,1,50.0,50.0,1.0,2021-04|2021-07
0.0,2,Core PPI m/m|CPI y/y,Good|Neutral,11,4,7,36.4,63.6,0.57,2018-01|2018-08|2019-01|2020-01|2020-07|2020-12|2022-03|2023-03|2023-12|2025-01|2025-09
0.0,2,Core PPI m/m|CPI y/y,Bad|Bad,19,10,9,52.6,47.4,1.11,2018-02|2019-02|2019-04|2019-11|2020-02|2020-08|2020-09|2021-04|2021-05|2021-06|2021-07|2021-08|2022-02|2022-04|2022-09|2023-02|2023-10|2024-02|2024-03
0.0,2,Core PPI m/m|CPI y/y,Neutral|Neutral,8,5,3,62.5,37.5,1.67,2018-03|2018-05|2021-01|2021-03|2022-01|2023-01|2024-11|2024-12
0.0,2,Core PPI m/m|CPI y/y,Bad|Neutral,13,7,6,53.8,46.2,1.17,2018-04|2018-06|2018-07|2018-11|2018-12|2019-07|2020-10|2021-02|2021-09|2021-12|2024-05|2024-09|2026-01
0.0,2,Core PPI m/m|CPI y/y,Good|Good,17,8,9,47.1,52.9,0.89,2018-09|2019-03|2019-05|2019-10|2020-05|2020-11|2022-08|2022-11|2023-04|2023-07|2023-11|2024-06|2024-08|2025-03|2025-04|2025-05|2025-06
0.0,2,Core PPI m/m|CPI y/y,Neutral|Good,5,3,2,60.0,40.0,1.5,2018-10|2019-06|2020-06|2023-05|2023-06
0.0,2,Core PPI m/m|CPI y/y,Good|Bad,10,8,2,80.0,20.0,4.0,2019-08|2019-12|2020-03|2021-10|2021-11|2022-05|2022-06|2022-07|2024-01|2025-07
0.0,2,Core PPI m/m|CPI y/y,Bad|Good,7,3,4,42.9,57.1,0.75,2019-09|2020-04|2022-12|2023-08|2024-07|2025-08|2026-02
0.0,2,Core PPI m/m|CPI y/y,Neutral|Bad,5,4,1,80.0,20.0,4.0,2022-10|2023-09|2024-04|2024-10|2025-02
0.1,2,Core PPI m/m|CPI y/y,Good|Neutral,12,6,6,50.0,50.0,1.0,2018-01|2018-09|2019-01|2020-03|2020-07|2022-03|2023-03|2023-04|2023-11|2023-12|2025-01|2025-09
0.1,2,Core PPI m/m|CPI y/y,Bad|Bad,13,7,6,53.8,46.2,1.17,2018-02|2020-02|2020-08|2020-09|2021-04|2021-05|2021-06|2021-07|2021-08|2022-02|2022-09|2023-02|2024-02
0.1,2,Core PPI m/m|CPI y/y,Neutral|Neutral,23,12,11,52.2,47.8,1.09,2018-03|2018-04|2018-05|2018-06|2018-07|2018-08|2019-04|2019-06|2019-07|2020-01|2020-12|2021-01|2021-03|2021-09|2022-01|2022-10|2023-01|2023-05|2023-06|2023-08|2024-09|2024-11|2024-12
0.1,2,Core PPI m/m|CPI y/y,Neutral|Good,7,2,5,28.6,71.4,0.4,2018-10|2019-03|2019-05|2019-09|2020-06|2020-11|2023-07
0.1,2,Core PPI m/m|CPI y/y,Bad|Neutral,9,6,3,66.7,33.3,2.0,2018-11|2018-12|2020-10|2021-02|2021-12|2022-04|2024-05|2025-08|2026-01
0.1,2,Core PPI m/m|CPI y/y,Neutral|Bad,11,7,4,63.6,36.4,1.75,2019-02|2019-11|2021-11|2022-06|2022-07|2023-09|2023-10|2024-03|2024-04|2024-10|2025-02
0.1,2,Core PPI m/m|CPI y/y,Good|Bad,6,5,1,83.3,16.7,5.0,2019-08|2019-12|2021-10|2022-05|2024-01|2025-07
0.1,2,Core PPI m/m|CPI y/y,Good|Good,10,6,4,60.0,40.0,1.5,2019-10|2020-05|2022-08|2022-11|2024-06|2024-08|2025-03|2025-04|2025-05|2025-06
0.1,2,Core PPI m/m|CPI y/y,Bad|Good,4,1,3,25.0,75.0,0.33,2020-04|2022-12|2024-07|2026-02
0.2,2,Core PPI m/m|CPI y/y,Good|Neutral,18,9,9,50.0,50.0,1.0,2018-01|2018-09|2019-01|2019-08|2019-10|2019-12|2020-03|2020-07|2021-10|2022-03|2023-03|2023-04|2023-11|2024-06|2025-03|2025-04|2025-05|2025-09
0.2,2,Core PPI m/m|CPI y/y,Neutral|Bad,8,6,2,75.0,25.0,3.0,2018-02|2021-06|2021-11|2022-05|2022-06|2022-07|2022-09|2023-02
0.2,2,Core PPI m/m|CPI y/y,Neutral|Neutral,52,26,26,50.0,50.0,1.0,2018-03|2018-04|2018-05|2018-06|2018-07|2018-08|2018-10|2018-12|2019-02|2019-03|2019-04|2019-05|2019-06|2019-07|2019-09|2019-11|2020-01|2020-04|2020-05|2020-06|2020-09|2020-10|2020-11|2020-12|2021-01|2021-03|2021-09|2022-01|2022-08|2022-10|2023-01|2023-05|2023-06|2023-07|2023-08|2023-09|2023-10|2023-12|2024-01|2024-03|2024-04|2024-07|2024-08|2024-09|2024-10|2024-11|2024-12|2025-01|2025-02|2025-06|2025-07|2026-01
0.2,2,Core PPI m/m|CPI y/y,Bad|Neutral,10,6,4,60.0,40.0,1.5,2018-11|2020-02|2021-02|2021-04|2021-08|2021-12|2022-04|2024-05|2025-08|2026-02
0.2,2,Core PPI m/m|CPI y/y,Bad|Bad,5,4,1,80.0,20.0,4.0,2020-08|2021-05|2021-07|2022-02|2024-02
0.2,2,Core PPI m/m|CPI y/y,Good|Good,1,1,0,100.0,0.0,inf,2022-11
0.2,2,Core PPI m/m|CPI y/y,Neutral|Good,1,0,1,0.0,100.0,0.0,2022-12
0.3,2,Core PPI m/m|CPI y/y,Good|Neutral,15,6,9,40.0,60.0,0.67,2018-01|2018-09|2019-01|2019-08|2019-10|2019-12|2020-03|2020-07|2022-03|2023-03|2023-04|2025-03|2025-04|2025-05|2025-09
0.3,2,Core PPI m/m|CPI y/y,Neutral|Neutral,68,37,31,54.4,45.6,1.19,2018-02|2018-03|2018-04|2018-05|2018-06|2018-07|2018-08|2018-10|2018-11|2018-12|2019-02|2019-03|2019-04|2019-05|2019-06|2019-07|2019-09|2019-11|2020-01|2020-02|2020-04|2020-05|2020-06|2020-09|2020-10|2020-11|2020-12|2021-01|2021-03|2021-06|2021-09|2021-10|2021-11|2021-12|2022-01|2022-05|2022-06|2022-08|2022-09|2022-10|2022-11|2022-12|2023-01|2023-02|2023-05|2023-06|2023-07|2023-08|2023-09|2023-10|2023-11|2023-12|2024-01|2024-03|2024-04|2024-05|2024-06|2024-07|2024-08|2024-09|2024-10|2024-11|2024-12|2025-01|2025-02|2025-06|2025-07|2026-01
0.3,2,Core PPI m/m|CPI y/y,Bad|Bad,2,2,0,100.0,0.0,inf,2020-08|2021-07
0.3,2,Core PPI m/m|CPI y/y,Bad|Neutral,8,6,2,75.0,25.0,3.0,2021-02|2021-04|2021-08|2022-02|2022-04|2024-02|2025-08|2026-02
0.3,2,Core PPI m/m|CPI y/y,Neutral|Bad,2,1,1,50.0,50.0,1.0,2021-05|2022-07
0.0,2,FOMC|CPI y/y,Neutral|Neutral,27,13,14,48.1,51.9,0.93,2018-01|2018-03|2018-05|2018-06|2018-08|2018-11|2018-12|2019-01|2019-07|2020-01|2020-07|2020-12|2021-01|2021-03|2021-09|2021-12|2022-01|2022-03|2023-03|2023-12|2024-05|2024-09|2024-11|2024-12|2025-01|2025-09|2026-01
0.0,2,FOMC|CPI y/y,Neutral|Good,22,9,13,40.9,59.1,0.69,2018-09|2019-03|2019-05|2019-06|2019-09|2019-10|2020-04|2020-06|2020-11|2022-11|2022-12|2023-05|2023-06|2023-07|2023-11|2024-06|2024-07|2025-03|2025-05|2025-06|2025-10|2025-12
0.0,2,FOMC|CPI y/y,Neutral|Bad,15,9,6,60.0,40.0,1.5,2019-12|2020-09|2021-04|2021-06|2021-07|2021-11|2022-05|2022-06|2022-07|2022-09|2023-02|2023-09|2024-01|2024-03|2025-07
0.0,2,FOMC|CPI y/y,Good|Bad,1,0,1,0.0,100.0,0.0,2020-03
0.1,2,FOMC|CPI y/y,Neutral|Neutral,32,15,17,46.9,53.1,0.88,2018-01|2018-03|2018-05|2018-06|2018-08|2018-09|2018-11|2018-12|2019-01|2019-06|2019-07|2020-01|2020-07|2020-12|2021-01|2021-03|2021-09|2021-12|2022-01|2022-03|2023-03|2023-05|2023-06|2023-11|2023-12|2024-05|2024-09|2024-11|2024-12|2025-01|2025-09|2026-01
0.1,2,FOMC|CPI y/y,Neutral|Good,17,7,10,41.2,58.8,0.7,2019-03|2019-05|2019-09|2019-10|2020-04|2020-06|2020-11|2022-11|2022-12|2023-07|2024-06|2024-07|2025-03|2025-05|2025-06|2025-10|2025-12
0.1,2,FOMC|CPI y/y,Neutral|Bad,15,9,6,60.0,40.0,1.5,2019-12|2020-09|2021-04|2021-06|2021-07|2021-11|2022-05|2022-06|2022-07|2022-09|2023-02|2023-09|2024-01|2024-03|2025-07
0.1,2,FOMC|CPI y/y,Good|Neutral,1,0,1,0.0,100.0,0.0,2020-03
0.2,2,FOMC|CPI y/y,Neutral|Neutral,53,23,30,43.4,56.6,0.77,2018-01|2018-03|2018-05|2018-06|2018-08|2018-09|2018-11|2018-12|2019-01|2019-03|2019-05|2019-06|2019-07|2019-09|2019-10|2019-12|2020-01|2020-04|2020-06|2020-07|2020-09|2020-11|2020-12|2021-01|2021-03|2021-04|2021-09|2021-12|2022-01|2022-03|2023-03|2023-05|2023-06|2023-07|2023-09|2023-11|2023-12|2024-01|2024-03|2024-05|2024-06|2024-07|2024-09|2024-11|2024-12|2025-01|2025-03|2025-05|2025-06|2025-07|2025-09|2025-10|2026-01
0.2,2,FOMC|CPI y/y,Good|Neutral,1,0,1,0.0,100.0,0.0,2020-03
0.2,2,FOMC|CPI y/y,Neutral|Bad,8,6,2,75.0,25.0,3.0,2021-06|2021-07|2021-11|2022-05|2022-06|2022-07|2022-09|2023-02
0.2,2,FOMC|CPI y/y,Neutral|Good,3,2,1,66.7,33.3,2.0,2022-11|2022-12|2025-12
0.3,2,FOMC|CPI y/y,Neutral|Neutral,61,28,33,45.9,54.1,0.85,2018-01|2018-03|2018-05|2018-06|2018-08|2018-09|2018-11|2018-12|2019-01|2019-03|2019-05|2019-06|2019-07|2019-09|2019-10|2019-12|2020-01|2020-04|2020-06|2020-07|2020-09|2020-11|2020-12|2021-01|2021-03|2021-04|2021-06|2021-09|2021-11|2021-12|2022-01|2022-03|2022-05|2022-06|2022-09|2022-11|2022-12|2023-02|2023-03|2023-05|2023-06|2023-07|2023-09|2023-11|2023-12|2024-01|2024-03|2024-05|2024-06|2024-07|2024-09|2024-11|2024-12|2025-01|2025-03|2025-05|2025-06|2025-07|2025-09|2025-10|2026-01
0.3,2,FOMC|CPI y/y,Good|Neutral,1,0,1,0.0,100.0,0.0,2020-03
0.3,2,FOMC|CPI y/y,Neutral|Bad,2,2,0,100.0,0.0,inf,2021-07|2022-07
0.3,2,FOMC|CPI y/y,Neutral|Good,1,1,0,100.0,0.0,inf,2025-12
