آستانه,تعداد_شاخص‌ها,لیست_شاخص‌ها,الگوی_وضعیت,تعداد_کل_وقوع,تعداد_ضررده,تعداد_سودده,درصد_ضررده,درصد_سودده,نسبت_شانس,دوره‌ها
0.0,1,CPI m/m,Neutral,18,14,4,77.8,22.2,3.5,2018-01-12_2018-02-10|2018-08-10_2018-09-08|2018-11-10_2018-12-09|2019-02-15_2019-03-16|2019-08-10_2019-09-08|2021-01-16_2021-02-14|2021-02-18_2021-03-19|2021-07-15_2021-08-13|2022-02-16_2022-03-17|2023-01-19_2023-02-17|2023-02-17_2023-03-18|2023-04-14_2023-05-13|2023-07-14_2023-08-12|2024-08-14_2024-09-12|2024-11-15_2024-12-14|2025-07-17_2025-08-15|2018-02-16_2018-03-17|2018-12-12_2019-01-10
0.0,1,CPI m/m,Good,30,16,14,53.3,46.7,1.14,2018-03-15_2018-04-13|2018-04-11_2018-05-10|2018-05-10_2018-06-08|2018-06-14_2018-07-13|2018-07-12_2018-08-10|2018-09-13_2018-10-12|2018-10-11_2018-11-09|2019-01-16_2019-02-14|2019-04-12_2019-05-11|2019-05-10_2019-06-08|2019-09-12_2019-10-11|2019-10-09_2019-11-07|2020-03-13_2020-04-11|2020-04-10_2020-05-09|2020-05-14_2020-06-12|2020-10-15_2020-11-13|2021-09-11_2021-10-10|2022-07-15_2022-08-13|2022-11-16_2022-12-15|2022-12-10_2023-01-08|2023-03-16_2023-04-14|2023-06-15_2023-07-14|2024-05-15_2024-06-13|2024-06-14_2024-07-13|2025-02-14_2025-03-15|2025-03-14_2025-04-12|2025-05-16_2025-06-14|2026-01-31_2026-03-01|2020-01-16_2020-02-14|2026-01-15_2026-02-13
0.0,1,CPI m/m,Bad,27,16,11,59.3,40.7,1.45,2019-03-14_2019-04-12|2019-06-12_2019-07-11|2019-11-15_2019-12-14|2020-02-20_2020-03-20|2020-07-11_2020-08-09|2020-08-12_2020-09-10|2020-09-11_2020-10-10|2020-11-14_2020-12-13|2021-04-10_2021-05-09|2021-06-16_2021-07-15|2021-10-15_2021-11-13|2021-11-10_2021-12-09|2021-12-15_2022-01-13|2022-01-14_2022-02-12|2022-04-14_2022-05-13|2022-05-13_2022-06-11|2022-06-15_2022-07-14|2022-09-15_2022-10-14|2022-10-13_2022-11-11|2023-09-15_2023-10-14|2023-10-12_2023-11-10|2023-11-16_2023-12-15|2023-12-14_2024-01-12|2024-03-15_2024-04-13|2025-09-11_2025-10-10|2024-09-13_2024-10-12|2025-01-15_2025-02-13
0.1,1,CPI m/m,Neutral,50,33,17,66.0,34.0,1.94,2018-01-12_2018-02-10|2018-03-15_2018-04-13|2018-04-11_2018-05-10|2018-05-10_2018-06-08|2018-06-14_2018-07-13|2018-07-12_2018-08-10|2018-08-10_2018-09-08|2018-09-13_2018-10-12|2018-10-11_2018-11-09|2018-11-10_2018-12-09|2019-01-16_2019-02-14|2019-02-15_2019-03-16|2019-06-12_2019-07-11|2019-08-10_2019-09-08|2019-09-12_2019-10-11|2019-10-09_2019-11-07|2019-11-15_2019-12-14|2020-02-20_2020-03-20|2020-05-14_2020-06-12|2020-07-11_2020-08-09|2020-10-15_2020-11-13|2020-11-14_2020-12-13|2021-01-16_2021-02-14|2021-02-18_2021-03-19|2021-04-10_2021-05-09|2021-07-15_2021-08-13|2021-12-15_2022-01-13|2022-02-16_2022-03-17|2022-04-14_2022-05-13|2022-10-13_2022-11-11|2023-01-19_2023-02-17|2023-02-17_2023-03-18|2023-03-16_2023-04-14|2023-04-14_2023-05-13|2023-06-15_2023-07-14|2023-07-14_2023-08-12|2023-11-16_2023-12-15|2023-12-14_2024-01-12|2024-08-14_2024-09-12|2024-11-15_2024-12-14|2025-02-14_2025-03-15|2025-05-16_2025-06-14|2025-07-17_2025-08-15|2026-01-31_2026-03-01|2018-02-16_2018-03-17|2018-12-12_2019-01-10|2020-01-16_2020-02-14|2024-09-13_2024-10-12|2025-01-15_2025-02-13|2026-01-15_2026-02-13
0.1,1,CPI m/m,Bad,14,7,7,50.0,50.0,1.0,2019-03-14_2019-04-12|2020-08-12_2020-09-10|2020-09-11_2020-10-10|2021-06-16_2021-07-15|2021-10-15_2021-11-13|2021-11-10_2021-12-09|2022-01-14_2022-02-12|2022-05-13_2022-06-11|2022-06-15_2022-07-14|2022-09-15_2022-10-14|2023-09-15_2023-10-14|2023-10-12_2023-11-10|2024-03-15_2024-04-13|2025-09-11_2025-10-10
0.1,1,CPI m/m,Good,11,6,5,54.5,45.5,1.2,2019-04-12_2019-05-11|2019-05-10_2019-06-08|2020-03-13_2020-04-11|2020-04-10_2020-05-09|2021-09-11_2021-10-10|2022-07-15_2022-08-13|2022-11-16_2022-12-15|2022-12-10_2023-01-08|2024-05-15_2024-06-13|2024-06-14_2024-07-13|2025-03-14_2025-04-12
0.2,1,CPI m/m,Neutral,70,43,27,61.4,38.6,1.59,2018-01-12_2018-02-10|2018-03-15_2018-04-13|2018-04-11_2018-05-10|2018-05-10_2018-06-08|2018-06-14_2018-07-13|2018-07-12_2018-08-10|2018-08-10_2018-09-08|2018-09-13_2018-10-12|2018-10-11_2018-11-09|2018-11-10_2018-12-09|2019-01-16_2019-02-14|2019-02-15_2019-03-16|2019-03-14_2019-04-12|2019-04-12_2019-05-11|2019-05-10_2019-06-08|2019-06-12_2019-07-11|2019-08-10_2019-09-08|2019-09-12_2019-10-11|2019-10-09_2019-11-07|2019-11-15_2019-12-14|2020-02-20_2020-03-20|2020-03-13_2020-04-11|2020-04-10_2020-05-09|2020-05-14_2020-06-12|2020-07-11_2020-08-09|2020-09-11_2020-10-10|2020-10-15_2020-11-13|2020-11-14_2020-12-13|2021-01-16_2021-02-14|2021-02-18_2021-03-19|2021-04-10_2021-05-09|2021-07-15_2021-08-13|2021-09-11_2021-10-10|2021-12-15_2022-01-13|2022-01-14_2022-02-12|2022-02-16_2022-03-17|2022-04-14_2022-05-13|2022-06-15_2022-07-14|2022-07-15_2022-08-13|2022-09-15_2022-10-14|2022-10-13_2022-11-11|2022-11-16_2022-12-15|2022-12-10_2023-01-08|2023-01-19_2023-02-17|2023-02-17_2023-03-18|2023-03-16_2023-04-14|2023-04-14_2023-05-13|2023-06-15_2023-07-14|2023-07-14_2023-08-12|2023-09-15_2023-10-14|2023-10-12_2023-11-10|2023-11-16_2023-12-15|2023-12-14_2024-01-12|2024-03-15_2024-04-13|2024-05-15_2024-06-13|2024-06-14_2024-07-13|2024-08-14_2024-09-12|2024-11-15_2024-12-14|2025-02-14_2025-03-15|2025-03-14_2025-04-12|2025-05-16_2025-06-14|2025-07-17_2025-08-15|2025-09-11_2025-10-10|2026-01-31_2026-03-01|2018-02-16_2018-03-17|2018-12-12_2019-01-10|2020-01-16_2020-02-14|2024-09-13_2024-10-12|2025-01-15_2025-02-13|2026-01-15_2026-02-13
0.2,1,CPI m/m,Bad,5,3,2,60.0,40.0,1.5,2020-08-12_2020-09-10|2021-06-16_2021-07-15|2021-10-15_2021-11-13|2021-11-10_2021-12-09|2022-05-13_2022-06-11
0.3,1,CPI m/m,Neutral,71,43,28,60.6,39.4,1.54,2018-01-12_2018-02-10|2018-03-15_2018-04-13|2018-04-11_2018-05-10|2018-05-10_2018-06-08|2018-06-14_2018-07-13|2018-07-12_2018-08-10|2018-08-10_2018-09-08|2018-09-13_2018-10-12|2018-10-11_2018-11-09|2018-11-10_2018-12-09|2019-01-16_2019-02-14|2019-02-15_2019-03-16|2019-03-14_2019-04-12|2019-04-12_2019-05-11|2019-05-10_2019-06-08|2019-06-12_2019-07-11|2019-08-10_2019-09-08|2019-09-12_2019-10-11|2019-10-09_2019-11-07|2019-11-15_2019-12-14|2020-02-20_2020-03-20|2020-03-13_2020-04-11|2020-04-10_2020-05-09|2020-05-14_2020-06-12|2020-07-11_2020-08-09|2020-08-12_2020-09-10|2020-09-11_2020-10-10|2020-10-15_2020-11-13|2020-11-14_2020-12-13|2021-01-16_2021-02-14|2021-02-18_2021-03-19|2021-04-10_2021-05-09|2021-07-15_2021-08-13|2021-09-11_2021-10-10|2021-12-15_2022-01-13|2022-01-14_2022-02-12|2022-02-16_2022-03-17|2022-04-14_2022-05-13|2022-06-15_2022-07-14|2022-07-15_2022-08-13|2022-09-15_2022-10-14|2022-10-13_2022-11-11|2022-11-16_2022-12-15|2022-12-10_2023-01-08|2023-01-19_2023-02-17|2023-02-17_2023-03-18|2023-03-16_2023-04-14|2023-04-14_2023-05-13|2023-06-15_2023-07-14|2023-07-14_2023-08-12|2023-09-15_2023-10-14|2023-10-12_2023-11-10|2023-11-16_2023-12-15|2023-12-14_2024-01-12|2024-03-15_2024-04-13|2024-05-15_2024-06-13|2024-06-14_2024-07-13|2024-08-14_2024-09-12|2024-11-15_2024-12-14|2025-02-14_2025-03-15|2025-03-14_2025-04-12|2025-05-16_2025-06-14|2025-07-17_2025-08-15|2025-09-11_2025-10-10|2026-01-31_2026-03-01|2018-02-16_2018-03-17|2018-12-12_2019-01-10|2020-01-16_2020-02-14|2024-09-13_2024-10-12|2025-01-15_2025-02-13|2026-01-15_2026-02-13
0.3,1,CPI m/m,Bad,4,3,1,75.0,25.0,3.0,2021-06-16_2021-07-15|2021-10-15_2021-11-13|2021-11-10_2021-12-09|2022-05-13_2022-06-11
0.0,1,Core CPI m/m,Bad,22,15,7,68.2,31.8,2.14,2018-01-12_2018-02-10|2019-08-10_2019-09-08|2020-07-11_2020-08-09|2020-08-12_2020-09-10|2020-09-11_2020-10-10|2020-11-14_2020-12-13|2021-04-10_2021-05-09|2021-06-16_2021-07-15|2021-10-15_2021-11-13|2021-11-10_2021-12-09|2021-12-15_2022-01-13|2022-01-14_2022-02-12|2022-04-14_2022-05-13|2022-05-13_2022-06-11|2022-06-15_2022-07-14|2022-09-15_2022-10-14|2023-02-17_2023-03-18|2023-04-14_2023-05-13|2024-03-15_2024-04-13|2024-08-14_2024-09-12|2024-09-13_2024-10-12|2025-01-15_2025-02-13
0.0,1,Core CPI m/m,Neutral,24,13,11,54.2,45.8,1.18,2018-03-15_2018-04-13|2018-06-14_2018-07-13|2018-07-12_2018-08-10|2018-08-10_2018-09-08|2018-11-10_2018-12-09|2019-01-16_2019-02-14|2019-11-15_2019-12-14|2020-02-20_2020-03-20|2022-02-16_2022-03-17|2023-01-19_2023-02-17|2023-03-16_2023-04-14|2023-07-14_2023-08-12|2023-09-15_2023-10-14|2023-10-12_2023-11-10|2023-11-16_2023-12-15|2023-12-14_2024-01-12|2024-11-15_2024-12-14|2025-07-17_2025-08-15|2025-09-11_2025-10-10|2026-01-31_2026-03-01|2018-02-16_2018-03-17|2018-12-12_2019-01-10|2020-01-16_2020-02-14|2026-01-15_2026-02-13
0.0,1,Core CPI m/m,Good,29,18,11,62.1,37.9,1.64,2018-04-11_2018-05-10|2018-05-10_2018-06-08|2018-09-13_2018-10-12|2018-10-11_2018-11-09|2019-02-15_2019-03-16|2019-03-14_2019-04-12|2019-04-12_2019-05-11|2019-05-10_2019-06-08|2019-06-12_2019-07-11|2019-09-12_2019-10-11|2019-10-09_2019-11-07|2020-03-13_2020-04-11|2020-04-10_2020-05-09|2020-05-14_2020-06-12|2020-10-15_2020-11-13|2021-01-16_2021-02-14|2021-02-18_2021-03-19|2021-07-15_2021-08-13|2021-09-11_2021-10-10|2022-07-15_2022-08-13|2022-10-13_2022-11-11|2022-11-16_2022-12-15|2022-12-10_2023-01-08|2023-06-15_2023-07-14|2024-05-15_2024-06-13|2024-06-14_2024-07-13|2025-02-14_2025-03-15|2025-03-14_2025-04-12|2025-05-16_2025-06-14
0.1,1,Core CPI m/m,Neutral,56,31,25,55.4,44.6,1.24,2018-01-12_2018-02-10|2018-03-15_2018-04-13|2018-04-11_2018-05-10|2018-05-10_2018-06-08|2018-06-14_2018-07-13|2018-07-12_2018-08-10|2018-08-10_2018-09-08|2018-09-13_2018-10-12|2018-10-11_2018-11-09|2018-11-10_2018-12-09|2019-01-16_2019-02-14|2019-02-15_2019-03-16|2019-03-14_2019-04-12|2019-04-12_2019-05-11|2019-05-10_2019-06-08|2019-06-12_2019-07-11|2019-08-10_2019-09-08|2019-09-12_2019-10-11|2019-10-09_2019-11-07|2019-11-15_2019-12-14|2020-02-20_2020-03-20|2020-05-14_2020-06-12|2020-07-11_2020-08-09|2020-11-14_2020-12-13|2021-02-18_2021-03-19|2021-04-10_2021-05-09|2021-12-15_2022-01-13|2022-01-14_2022-02-12|2022-02-16_2022-03-17|2022-05-13_2022-06-11|2022-10-13_2022-11-11|2022-11-16_2022-12-15|2022-12-10_2023-01-08|2023-01-19_2023-02-17|2023-02-17_2023-03-18|2023-03-16_2023-04-14|2023-06-15_2023-07-14|2023-07-14_2023-08-12|2023-09-15_2023-10-14|2023-10-12_2023-11-10|2023-11-16_2023-12-15|2023-12-14_2024-01-12|2024-05-15_2024-06-13|2024-06-14_2024-07-13|2024-08-14_2024-09-12|2024-11-15_2024-12-14|2025-02-14_2025-03-15|2025-07-17_2025-08-15|2025-09-11_2025-10-10|2026-01-31_2026-03-01|2018-02-16_2018-03-17|2018-12-12_2019-01-10|2020-01-16_2020-02-14|2024-09-13_2024-10-12|2025-01-15_2025-02-13|2026-01-15_2026-02-13
0.1,1,Core CPI m/m,Good,9,7,2,77.8,22.2,3.5,2020-03-13_2020-04-11|2020-04-10_2020-05-09|2020-10-15_2020-11-13|2021-01-16_2021-02-14|2021-07-15_2021-08-13|2021-09-11_2021-10-10|2022-07-15_2022-08-13|2025-03-14_2025-04-12|2025-05-16_2025-06-14
0.1,1,Core CPI m/m,Bad,10,8,2,80.0,20.0,4.0,2020-08-12_2020-09-10|2020-09-11_2020-10-10|2021-06-16_2021-07-15|2021-10-15_2021-11-13|2021-11-10_2021-12-09|2022-04-14_2022-05-13|2022-06-15_2022-07-14|2022-09-15_2022-10-14|2023-04-14_2023-05-13|2024-03-15_2024-04-13
0.2,1,Core CPI m/m,Neutral,73,45,28,61.6,38.4,1.61,2018-01-12_2018-02-10|2018-03-15_2018-04-13|2018-04-11_2018-05-10|2018-05-10_2018-06-08|2018-06-14_2018-07-13|2018-07-12_2018-08-10|2018-08-10_2018-09-08|2018-09-13_2018-10-12|2018-10-11_2018-11-09|2018-11-10_2018-12-09|2019-01-16_2019-02-14|2019-02-15_2019-03-16|2019-03-14_2019-04-12|2019-04-12_2019-05-11|2019-05-10_2019-06-08|2019-06-12_2019-07-11|2019-08-10_2019-09-08|2019-09-12_2019-10-11|2019-10-09_2019-11-07|2019-11-15_2019-12-14|2020-02-20_2020-03-20|2020-03-13_2020-04-11|2020-04-10_2020-05-09|2020-05-14_2020-06-12|2020-07-11_2020-08-09|2020-09-11_2020-10-10|2020-10-15_2020-11-13|2020-11-14_2020-12-13|2021-01-16_2021-02-14|2021-02-18_2021-03-19|2021-04-10_2021-05-09|2021-07-15_2021-08-13|2021-09-11_2021-10-10|2021-10-15_2021-11-13|2021-11-10_2021-12-09|2021-12-15_2022-01-13|2022-01-14_2022-02-12|2022-02-16_2022-03-17|2022-04-14_2022-05-13|2022-05-13_2022-06-11|2022-06-15_2022-07-14|2022-07-15_2022-08-13|2022-09-15_2022-10-14|2022-10-13_2022-11-11|2022-11-16_2022-12-15|2022-12-10_2023-01-08|2023-01-19_2023-02-17|2023-02-17_2023-03-18|2023-03-16_2023-04-14|2023-04-14_2023-05-13|2023-06-15_2023-07-14|2023-07-14_2023-08-12|2023-09-15_2023-10-14|2023-10-12_2023-11-10|2023-11-16_2023-12-15|2023-12-14_2024-01-12|2024-03-15_2024-04-13|2024-05-15_2024-06-13|2024-06-14_2024-07-13|2024-08-14_2024-09-12|2024-11-15_2024-12-14|2025-02-14_2025-03-15|2025-03-14_2025-04-12|2025-05-16_2025-06-14|2025-07-17_2025-08-15|2025-09-11_2025-10-10|2026-01-31_2026-03-01|2018-02-16_2018-03-17|2018-12-12_2019-01-10|2020-01-16_2020-02-14|2024-09-13_2024-10-12|2025-01-15_2025-02-13|2026-01-15_2026-02-13
0.2,1,Core CPI m/m,Bad,2,1,1,50.0,50.0,1.0,2020-08-12_2020-09-10|2021-06-16_2021-07-15
0.3,1,Core CPI m/m,Neutral,73,45,28,61.6,38.4,1.61,2018-01-12_2018-02-10|2018-03-15_2018-04-13|2018-04-11_2018-05-10|2018-05-10_2018-06-08|2018-06-14_2018-07-13|2018-07-12_2018-08-10|2018-08-10_2018-09-08|2018-09-13_2018-10-12|2018-10-11_2018-11-09|2018-11-10_2018-12-09|2019-01-16_2019-02-14|2019-02-15_2019-03-16|2019-03-14_2019-04-12|2019-04-12_2019-05-11|2019-05-10_2019-06-08|2019-06-12_2019-07-11|2019-08-10_2019-09-08|2019-09-12_2019-10-11|2019-10-09_2019-11-07|2019-11-15_2019-12-14|2020-02-20_2020-03-20|2020-03-13_2020-04-11|2020-04-10_2020-05-09|2020-05-14_2020-06-12|2020-07-11_2020-08-09|2020-09-11_2020-10-10|2020-10-15_2020-11-13|2020-11-14_2020-12-13|2021-01-16_2021-02-14|2021-02-18_2021-03-19|2021-04-10_2021-05-09|2021-07-15_2021-08-13|2021-09-11_2021-10-10|2021-10-15_2021-11-13|2021-11-10_2021-12-09|2021-12-15_2022-01-13|2022-01-14_2022-02-12|2022-02-16_2022-03-17|2022-04-14_2022-05-13|2022-05-13_2022-06-11|2022-06-15_2022-07-14|2022-07-15_2022-08-13|2022-09-15_2022-10-14|2022-10-13_2022-11-11|2022-11-16_2022-12-15|2022-12-10_2023-01-08|2023-01-19_2023-02-17|2023-02-17_2023-03-18|2023-03-16_2023-04-14|2023-04-14_2023-05-13|2023-06-15_2023-07-14|2023-07-14_2023-08-12|2023-09-15_2023-10-14|2023-10-12_2023-11-10|2023-11-16_2023-12-15|2023-12-14_2024-01-12|2024-03-15_2024-04-13|2024-05-15_2024-06-13|2024-06-14_2024-07-13|2024-08-14_2024-09-12|2024-11-15_2024-12-14|2025-02-14_2025-03-15|2025-03-14_2025-04-12|2025-05-16_2025-06-14|2025-07-17_2025-08-15|2025-09-11_2025-10-10|2026-01-31_2026-03-01|2018-02-16_2018-03-17|2018-12-12_2019-01-10|2020-01-16_2020-02-14|2024-09-13_2024-10-12|2025-01-15_2025-02-13|2026-01-15_2026-02-13
0.3,1,Core CPI m/m,Bad,2,1,1,50.0,50.0,1.0,2020-08-12_2020-09-10|2021-06-16_2021-07-15
0.0,1,PPI m/m,Bad,27,16,11,59.3,40.7,1.45,2018-03-15_2018-04-13|2018-06-14_2018-07-13|2018-10-11_2018-11-09|2019-03-14_2019-04-12|2020-03-13_2020-04-11|2020-05-14_2020-06-12|2020-08-12_2020-09-10|2020-10-15_2020-11-13|2021-02-18_2021-03-19|2021-03-13_2021-04-11|2021-06-16_2021-07-15|2021-07-15_2021-08-13|2021-08-13_2021-09-11|2022-06-15_2022-07-14|2022-09-15_2022-10-14|2022-11-16_2022-12-15|2023-01-19_2023-02-17|2023-07-14_2023-08-12|2023-09-15_2023-10-14|2024-06-14_2024-07-13|2024-08-14_2024-09-12|2024-11-15_2024-12-14|2025-07-17_2025-08-15|2026-01-31_2026-03-01|2018-02-16_2018-03-17|2025-01-15_2025-02-13|2026-01-15_2026-02-13
0.0,1,PPI m/m,Good,22,13,9,59.1,40.9,1.44,2018-04-11_2018-05-10|2018-07-12_2018-08-10|2019-01-16_2019-02-14|2019-02-15_2019-03-16|2019-09-12_2019-10-11|2019-11-15_2019-12-14|2020-02-20_2020-03-20|2020-06-12_2020-07-11|2021-12-15_2022-01-13|2022-02-16_2022-03-17|2022-07-15_2022-08-13|2023-02-17_2023-03-18|2023-03-16_2023-04-14|2023-04-14_2023-05-13|2023-06-15_2023-07-14|2023-12-14_2024-01-12|2024-03-15_2024-04-13|2024-05-15_2024-06-13|2025-02-14_2025-03-15|2025-03-14_2025-04-12|2025-05-16_2025-06-14|2024-09-13_2024-10-12
0.0,1,PPI m/m,Neutral,7,5,2,71.4,28.6,2.5,2018-09-13_2018-10-12|2019-04-12_2019-05-11|2019-07-13_2019-08-11|2020-11-14_2020-12-13|2021-10-15_2021-11-13|2022-04-14_2022-05-13|2023-11-16_2023-12-15
0.1,1,PPI m/m,Bad,16,9,7,56.2,43.8,1.29,2018-03-15_2018-04-13|2018-10-11_2018-11-09|2019-03-14_2019-04-12|2020-05-14_2020-06-12|2021-03-13_2021-04-11|2021-06-16_2021-07-15|2021-07-15_2021-08-13|2022-06-15_2022-07-14|2022-09-15_2022-10-14|2023-01-19_2023-02-17|2023-09-15_2023-10-14|2024-11-15_2024-12-14|2025-07-17_2025-08-15|2026-01-31_2026-03-01|2025-01-15_2025-02-13|2026-01-15_2026-02-13
0.1,1,PPI m/m,Neutral,25,17,8,68.0,32.0,2.12,2018-04-11_2018-05-10|2018-06-14_2018-07-13|2018-09-13_2018-10-12|2019-02-15_2019-03-16|2019-04-12_2019-05-11|2019-07-13_2019-08-11|2020-03-13_2020-04-11|2020-08-12_2020-09-10|2020-10-15_2020-11-13|2020-11-14_2020-12-13|2021-02-18_2021-03-19|2021-08-13_2021-09-11|2021-10-15_2021-11-13|2022-04-14_2022-05-13|2022-11-16_2022-12-15|2023-04-14_2023-05-13|2023-06-15_2023-07-14|2023-07-14_2023-08-12|2023-11-16_2023-12-15|2024-03-15_2024-04-13|2024-06-14_2024-07-13|2024-08-14_2024-09-12|2025-05-16_2025-06-14|2018-02-16_2018-03-17|2024-09-13_2024-10-12
0.1,1,PPI m/m,Good,15,8,7,53.3,46.7,1.14,2018-07-12_2018-08-10|2019-01-16_2019-02-14|2019-09-12_2019-10-11|2019-11-15_2019-12-14|2020-02-20_2020-03-20|2020-06-12_2020-07-11|2021-12-15_2022-01-13|2022-02-16_2022-03-17|2022-07-15_2022-08-13|2023-02-17_2023-03-18|2023-03-16_2023-04-14|2023-12-14_2024-01-12|2024-05-15_2024-06-13|2025-02-14_2025-03-15|2025-03-14_2025-04-12
0.2,1,PPI m/m,Neutral,37,23,14,62.2,37.8,1.64,2018-03-15_2018-04-13|2018-04-11_2018-05-10|2018-06-14_2018-07-13|2018-07-12_2018-08-10|2018-09-13_2018-10-12|2019-01-16_2019-02-14|2019-02-15_2019-03-16|2019-04-12_2019-05-11|2019-07-13_2019-08-11|2019-11-15_2019-12-14|2020-03-13_2020-04-11|2020-08-12_2020-09-10|2020-10-15_2020-11-13|2020-11-14_2020-12-13|2021-02-18_2021-03-19|2021-08-13_2021-09-11|2021-10-15_2021-11-13|2021-12-15_2022-01-13|2022-02-16_2022-03-17|2022-04-14_2022-05-13|2022-09-15_2022-10-14|2022-11-16_2022-12-15|2023-04-14_2023-05-13|2023-06-15_2023-07-14|2023-07-14_2023-08-12|2023-09-15_2023-10-14|2023-11-16_2023-12-15|2023-12-14_2024-01-12|2024-03-15_2024-04-13|2024-06-14_2024-07-13|2024-08-14_2024-09-12|2024-11-15_2024-12-14|2025-05-16_2025-06-14|2026-01-31_2026-03-01|2018-02-16_2018-03-17|2024-09-13_2024-10-12|2025-01-15_2025-02-13
0.2,1,PPI m/m,Bad,10,6,4,60.0,40.0,1.5,2018-10-11_2018-11-09|2019-03-14_2019-04-12|2020-05-14_2020-06-12|2021-03-13_2021-04-11|2021-06-16_2021-07-15|2021-07-15_2021-08-13|2022-06-15_2022-07-14|2023-01-19_2023-02-17|2025-07-17_2025-08-15|2026-01-15_2026-02-13
0.2,1,PPI m/m,Good,9,5,4,55.6,44.4,1.25,2019-09-12_2019-10-11|2020-02-20_2020-03-20|2020-06-12_2020-07-11|2022-07-15_2022-08-13|2023-02-17_2023-03-18|2023-03-16_2023-04-14|2024-05-15_2024-06-13|2025-02-14_2025-03-15|2025-03-14_2025-04-12
0.3,1,PPI m/m,Neutral,41,25,16,61.0,39.0,1.56,2018-03-15_2018-04-13|2018-04-11_2018-05-10|2018-06-14_2018-07-13|2018-07-12_2018-08-10|2018-09-13_2018-10-12|2019-01-16_2019-02-14|2019-02-15_2019-03-16|2019-03-14_2019-04-12|2019-04-12_2019-05-11|2019-07-13_2019-08-11|2019-11-15_2019-12-14|2020-03-13_2020-04-11|2020-08-12_2020-09-10|2020-10-15_2020-11-13|2020-11-14_2020-12-13|2021-02-18_2021-03-19|2021-08-13_2021-09-11|2021-10-15_2021-11-13|2021-12-15_2022-01-13|2022-02-16_2022-03-17|2022-04-14_2022-05-13|2022-09-15_2022-10-14|2022-11-16_2022-12-15|2023-01-19_2023-02-17|2023-04-14_2023-05-13|2023-06-15_2023-07-14|2023-07-14_2023-08-12|2023-09-15_2023-10-14|2023-11-16_2023-12-15|2023-12-14_2024-01-12|2024-03-15_2024-04-13|2024-06-14_2024-07-13|2024-08-14_2024-09-12|2024-11-15_2024-12-14|2025-02-14_2025-03-15|2025-05-16_2025-06-14|2026-01-31_2026-03-01|2018-02-16_2018-03-17|2024-09-13_2024-10-12|2025-01-15_2025-02-13|2026-01-15_2026-02-13
0.3,1,PPI m/m,Bad,7,4,3,57.1,42.9,1.33,2018-10-11_2018-11-09|2020-05-14_2020-06-12|2021-03-13_2021-04-11|2021-06-16_2021-07-15|2021-07-15_2021-08-13|2022-06-15_2022-07-14|2025-07-17_2025-08-15
0.3,1,PPI m/m,Good,8,5,3,62.5,37.5,1.67,2019-09-12_2019-10-11|2020-02-20_2020-03-20|2020-06-12_2020-07-11|2022-07-15_2022-08-13|2023-02-17_2023-03-18|2023-03-16_2023-04-14|2024-05-15_2024-06-13|2025-03-14_2025-04-12
0.0,1,Core PPI m/m,Bad,20,10,10,50.0,50.0,1.0,2018-03-15_2018-04-13|2018-06-14_2018-07-13|2018-10-11_2018-11-09|2019-01-16_2019-02-14|2019-03-14_2019-04-12|2020-03-13_2020-04-11|2020-08-12_2020-09-10|2021-03-13_2021-04-11|2021-06-16_2021-07-15|2021-07-15_2021-08-13|2021-08-13_2021-09-11|2022-11-16_2022-12-15|2023-01-19_2023-02-17|2023-07-14_2023-08-12|2023-09-15_2023-10-14|2024-06-14_2024-07-13|2024-08-14_2024-09-12|2025-07-17_2025-08-15|2026-01-31_2026-03-01|2026-01-15_2026-02-13
0.0,1,Core PPI m/m,Neutral,12,8,4,66.7,33.3,2.0,2018-04-11_2018-05-10|2018-09-13_2018-10-12|2020-05-14_2020-06-12|2021-02-18_2021-03-19|2021-12-15_2022-01-13|2022-09-15_2022-10-14|2023-04-14_2023-05-13|2024-03-15_2024-04-13|2024-11-15_2024-12-14|2018-02-16_2018-03-17|2024-09-13_2024-10-12|2025-01-15_2025-02-13
0.0,1,Core PPI m/m,Good,24,16,8,66.7,33.3,2.0,2018-07-12_2018-08-10|2019-02-15_2019-03-16|2019-04-12_2019-05-11|2019-07-13_2019-08-11|2019-09-12_2019-10-11|2019-11-15_2019-12-14|2020-02-20_2020-03-20|2020-06-12_2020-07-11|2020-10-15_2020-11-13|2020-11-14_2020-12-13|2021-10-15_2021-11-13|2022-02-16_2022-03-17|2022-04-14_2022-05-13|2022-06-15_2022-07-14|2022-07-15_2022-08-13|2023-02-17_2023-03-18|2023-03-16_2023-04-14|2023-06-15_2023-07-14|2023-11-16_2023-12-15|2023-12-14_2024-01-12|2024-05-15_2024-06-13|2025-02-14_2025-03-15|2025-03-14_2025-04-12|2025-05-16_2025-06-14
0.1,1,Core PPI m/m,Neutral,28,19,9,67.9,32.1,2.11,2018-03-15_2018-04-13|2018-04-11_2018-05-10|2018-06-14_2018-07-13|2018-07-12_2018-08-10|2018-09-13_2018-10-12|2019-01-16_2019-02-14|2019-02-15_2019-03-16|2019-03-14_2019-04-12|2019-04-12_2019-05-11|2020-05-14_2020-06-12|2020-10-15_2020-11-13|2020-11-14_2020-12-13|2021-02-18_2021-03-19|2021-08-13_2021-09-11|2021-10-15_2021-11-13|2021-12-15_2022-01-13|2022-06-15_2022-07-14|2022-09-15_2022-10-14|2023-04-14_2023-05-13|2023-06-15_2023-07-14|2023-07-14_2023-08-12|2023-09-15_2023-10-14|2024-03-15_2024-04-13|2024-08-14_2024-09-12|2024-11-15_2024-12-14|2018-02-16_2018-03-17|2024-09-13_2024-10-12|2025-01-15_2025-02-13
0.1,1,Core PPI m/m,Bad,12,6,6,50.0,50.0,1.0,2018-10-11_2018-11-09|2020-03-13_2020-04-11|2020-08-12_2020-09-10|2021-03-13_2021-04-11|2021-06-16_2021-07-15|2021-07-15_2021-08-13|2022-11-16_2022-12-15|2023-01-19_2023-02-17|2024-06-14_2024-07-13|2025-07-17_2025-08-15|2026-01-31_2026-03-01|2026-01-15_2026-02-13
0.1,1,Core PPI m/m,Good,16,9,7,56.2,43.8,1.29,2019-07-13_2019-08-11|2019-09-12_2019-10-11|2019-11-15_2019-12-14|2020-02-20_2020-03-20|2020-06-12_2020-07-11|2022-02-16_2022-03-17|2022-04-14_2022-05-13|2022-07-15_2022-08-13|2023-02-17_2023-03-18|2023-03-16_2023-04-14|2023-11-16_2023-12-15|2023-12-14_2024-01-12|2024-05-15_2024-06-13|2025-02-14_2025-03-15|2025-03-14_2025-04-12|2025-05-16_2025-06-14
0.2,1,Core PPI m/m,Neutral,38,24,14,63.2,36.8,1.71,2018-03-15_2018-04-13|2018-04-11_2018-05-10|2018-06-14_2018-07-13|2018-07-12_2018-08-10|2018-09-13_2018-10-12|2019-01-16_2019-02-14|2019-02-15_2019-03-16|2019-03-14_2019-04-12|2019-04-12_2019-05-11|2020-03-13_2020-04-11|2020-05-14_2020-06-12|2020-08-12_2020-09-10|2020-10-15_2020-11-13|2020-11-14_2020-12-13|2021-02-18_2021-03-19|2021-08-13_2021-09-11|2021-10-15_2021-11-13|2021-12-15_2022-01-13|2022-04-14_2022-05-13|2022-06-15_2022-07-14|2022-07-15_2022-08-13|2022-09-15_2022-10-14|2022-11-16_2022-12-15|2023-01-19_2023-02-17|2023-04-14_2023-05-13|2023-06-15_2023-07-14|2023-07-14_2023-08-12|2023-09-15_2023-10-14|2023-11-16_2023-12-15|2023-12-14_2024-01-12|2024-03-15_2024-04-13|2024-06-14_2024-07-13|2024-08-14_2024-09-12|2024-11-15_2024-12-14|2025-05-16_2025-06-14|2018-02-16_2018-03-17|2024-09-13_2024-10-12|2025-01-15_2025-02-13
0.2,1,Core PPI m/m,Bad,7,5,2,71.4,28.6,2.5,2018-10-11_2018-11-09|2021-03-13_2021-04-11|2021-06-16_2021-07-15|2021-07-15_2021-08-13|2025-07-17_2025-08-15|2026-01-31_2026-03-01|2026-01-15_2026-02-13
0.2,1,Core PPI m/m,Good,11,5,6,45.5,54.5,0.83,2019-07-13_2019-08-11|2019-09-12_2019-10-11|2019-11-15_2019-12-14|2020-02-20_2020-03-20|2020-06-12_2020-07-11|2022-02-16_2022-03-17|2023-02-17_2023-03-18|2023-03-16_2023-04-14|2024-05-15_2024-06-13|2025-02-14_2025-03-15|2025-03-14_2025-04-12
0.3,1,Core PPI m/m,Neutral,40,25,15,62.5,37.5,1.67,2018-03-15_2018-04-13|2018-04-11_2018-05-10|2018-06-14_2018-07-13|2018-07-12_2018-08-10|2018-09-13_2018-10-12|2018-10-11_2018-11-09|2019-01-16_2019-02-14|2019-02-15_2019-03-16|2019-03-14_2019-04-12|2019-04-12_2019-05-11|2020-03-13_2020-04-11|2020-05-14_2020-06-12|2020-08-12_2020-09-10|2020-10-15_2020-11-13|2020-11-14_2020-12-13|2021-02-18_2021-03-19|2021-08-13_2021-09-11|2021-10-15_2021-11-13|2021-12-15_2022-01-13|2022-04-14_2022-05-13|2022-06-15_2022-07-14|2022-07-15_2022-08-13|2022-09-15_2022-10-14|2022-11-16_2022-12-15|2023-01-19_2023-02-17|2023-04-14_2023-05-13|2023-06-15_2023-07-14|2023-07-14_2023-08-12|2023-09-15_2023-10-14|2023-11-16_2023-12-15|2023-12-14_2024-01-12|2024-03-15_2024-04-13|2024-05-15_2024-06-13|2024-06-14_2024-07-13|2024-08-14_2024-09-12|2024-11-15_2024-12-14|2025-05-16_2025-06-14|2018-02-16_2018-03-17|2024-09-13_2024-10-12|2025-01-15_2025-02-13
0.3,1,Core PPI m/m,Good,10,5,5,50.0,50.0,1.0,2019-07-13_2019-08-11|2019-09-12_2019-10-11|2019-11-15_2019-12-14|2020-02-20_2020-03-20|2020-06-12_2020-07-11|2022-02-16_2022-03-17|2023-02-17_2023-03-18|2023-03-16_2023-04-14|2025-02-14_2025-03-15|2025-03-14_2025-04-12
0.3,1,Core PPI m/m,Bad,6,4,2,66.7,33.3,2.0,2021-03-13_2021-04-11|2021-06-16_2021-07-15|2021-07-15_2021-08-13|2025-07-17_2025-08-15|2026-01-31_2026-03-01|2026-01-15_2026-02-13
0.0,1,FOMC,Neutral,12,5,7,41.7,58.3,0.71,2023-03-16_2023-04-14|2023-04-14_2023-05-13|2023-07-14_2023-08-12|2023-09-15_2023-10-14|2023-10-12_2023-11-10|2023-11-16_2023-12-15|2023-12-14_2024-01-12|2024-05-15_2024-06-13|2024-07-13_2024-08-11|2024-10-12_2024-11-10|2024-12-13_2025-01-11|2025-01-15_2025-02-13
0.0,1,FOMC,Good,1,0,1,0.0,100.0,0.0,2024-09-13_2024-10-12
0.1,1,FOMC,Neutral,12,5,7,41.7,58.3,0.71,2023-03-16_2023-04-14|2023-04-14_2023-05-13|2023-07-14_2023-08-12|2023-09-15_2023-10-14|2023-10-12_2023-11-10|2023-11-16_2023-12-15|2023-12-14_2024-01-12|2024-05-15_2024-06-13|2024-07-13_2024-08-11|2024-10-12_2024-11-10|2024-12-13_2025-01-11|2025-01-15_2025-02-13
0.1,1,FOMC,Good,1,0,1,0.0,100.0,0.0,2024-09-13_2024-10-12
0.2,1,FOMC,Neutral,12,5,7,41.7,58.3,0.71,2023-03-16_2023-04-14|2023-04-14_2023-05-13|2023-07-14_2023-08-12|2023-09-15_2023-10-14|2023-10-12_2023-11-10|2023-11-16_2023-12-15|2023-12-14_2024-01-12|2024-05-15_2024-06-13|2024-07-13_2024-08-11|2024-10-12_2024-11-10|2024-12-13_2025-01-11|2025-01-15_2025-02-13
0.2,1,FOMC,Good,1,0,1,0.0,100.0,0.0,2024-09-13_2024-10-12
0.3,1,FOMC,Neutral,13,5,8,38.5,61.5,0.63,2023-03-16_2023-04-14|2023-04-14_2023-05-13|2023-07-14_2023-08-12|2023-09-15_2023-10-14|2023-10-12_2023-11-10|2023-11-16_2023-12-15|2023-12-14_2024-01-12|2024-05-15_2024-06-13|2024-07-13_2024-08-11|2024-10-12_2024-11-10|2024-12-13_2025-01-11|2024-09-13_2024-10-12|2025-01-15_2025-02-13
0.0,1,CPI y/y,Neutral,21,15,6,71.4,28.6,2.5,2018-01-12_2018-02-10|2018-03-15_2018-04-13|2018-04-11_2018-05-10|2018-05-10_2018-06-08|2018-06-14_2018-07-13|2018-07-12_2018-08-10|2018-08-10_2018-09-08|2018-11-10_2018-12-09|2020-07-11_2020-08-09|2020-11-14_2020-12-13|2021-01-16_2021-02-14|2021-02-18_2021-03-19|2021-09-11_2021-10-10|2021-12-15_2022-01-13|2022-02-16_2022-03-17|2023-02-17_2023-03-18|2023-11-16_2023-12-15|2024-11-15_2024-12-14|2025-09-11_2025-10-10|2018-02-16_2018-03-17|2018-12-12_2019-01-10
0.0,1,CPI y/y,Good,30,18,12,60.0,40.0,1.5,2018-09-13_2018-10-12|2018-10-11_2018-11-09|2019-02-15_2019-03-16|2019-04-12_2019-05-11|2019-05-10_2019-06-08|2019-06-12_2019-07-11|2019-09-12_2019-10-11|2019-10-09_2019-11-07|2020-03-13_2020-04-11|2020-04-10_2020-05-09|2020-05-14_2020-06-12|2020-10-15_2020-11-13|2022-07-15_2022-08-13|2022-10-13_2022-11-11|2022-11-16_2022-12-15|2022-12-10_2023-01-08|2023-03-16_2023-04-14|2023-04-14_2023-05-13|2023-06-15_2023-07-14|2023-07-14_2023-08-12|2024-05-15_2024-06-13|2024-06-14_2024-07-13|2024-08-14_2024-09-12|2025-02-14_2025-03-15|2025-03-14_2025-04-12|2025-05-16_2025-06-14|2025-07-17_2025-08-15|2025-11-26_2025-12-25|2026-01-31_2026-03-01|2026-01-15_2026-02-13
0.0,1,CPI y/y,Bad,25,13,12,52.0,48.0,1.08,2019-01-16_2019-02-14|2019-03-14_2019-04-12|2019-08-10_2019-09-08|2019-11-15_2019-12-14|2020-02-20_2020-03-20|2020-08-12_2020-09-10|2020-09-11_2020-10-10|2021-04-10_2021-05-09|2021-06-16_2021-07-15|2021-07-15_2021-08-13|2021-10-15_2021-11-13|2021-11-10_2021-12-09|2022-01-14_2022-02-12|2022-04-14_2022-05-13|2022-05-13_2022-06-11|2022-06-15_2022-07-14|2022-09-15_2022-10-14|2023-01-19_2023-02-17|2023-09-15_2023-10-14|2023-10-12_2023-11-10|2023-12-14_2024-01-12|2024-03-15_2024-04-13|2020-01-16_2020-02-14|2024-09-13_2024-10-12|2025-01-15_2025-02-13
0.1,1,CPI y/y,Neutral,34,23,11,67.6,32.4,2.09,2018-01-12_2018-02-10|2018-03-15_2018-04-13|2018-04-11_2018-05-10|2018-05-10_2018-06-08|2018-06-14_2018-07-13|2018-07-12_2018-08-10|2018-08-10_2018-09-08|2018-09-13_2018-10-12|2018-11-10_2018-12-09|2019-03-14_2019-04-12|2019-06-12_2019-07-11|2020-02-20_2020-03-20|2020-07-11_2020-08-09|2020-11-14_2020-12-13|2021-01-16_2021-02-14|2021-02-18_2021-03-19|2021-09-11_2021-10-10|2021-12-15_2022-01-13|2022-02-16_2022-03-17|2022-09-15_2022-10-14|2022-10-13_2022-11-11|2023-02-17_2023-03-18|2023-03-16_2023-04-14|2023-04-14_2023-05-13|2023-07-14_2023-08-12|2023-11-16_2023-12-15|2024-05-15_2024-06-13|2024-08-14_2024-09-12|2024-11-15_2024-12-14|2025-07-17_2025-08-15|2025-09-11_2025-10-10|2018-02-16_2018-03-17|2018-12-12_2019-01-10|2025-01-15_2025-02-13
0.1,1,CPI y/y,Good,21,12,9,57.1,42.9,1.33,2018-10-11_2018-11-09|2019-02-15_2019-03-16|2019-04-12_2019-05-11|2019-05-10_2019-06-08|2019-09-12_2019-10-11|2019-10-09_2019-11-07|2020-03-13_2020-04-11|2020-04-10_2020-05-09|2020-05-14_2020-06-12|2020-10-15_2020-11-13|2022-07-15_2022-08-13|2022-11-16_2022-12-15|2022-12-10_2023-01-08|2023-06-15_2023-07-14|2024-06-14_2024-07-13|2025-02-14_2025-03-15|2025-03-14_2025-04-12|2025-05-16_2025-06-14|2025-11-26_2025-12-25|2026-01-31_2026-03-01|2026-01-15_2026-02-13
0.1,1,CPI y/y,Bad,21,11,10,52.4,47.6,1.1,2019-01-16_2019-02-14|2019-08-10_2019-09-08|2019-11-15_2019-12-14|2020-08-12_2020-09-10|2020-09-11_2020-10-10|2021-04-10_2021-05-09|2021-06-16_2021-07-15|2021-07-15_2021-08-13|2021-10-15_2021-11-13|2021-11-10_2021-12-09|2022-01-14_2022-02-12|2022-04-14_2022-05-13|2022-05-13_2022-06-11|2022-06-15_2022-07-14|2023-01-19_2023-02-17|2023-09-15_2023-10-14|2023-10-12_2023-11-10|2023-12-14_2024-01-12|2024-03-15_2024-04-13|2020-01-16_2020-02-14|2024-09-13_2024-10-12
0.2,1,CPI y/y,Neutral,64,39,25,60.9,39.1,1.56,2018-01-12_2018-02-10|2018-03-15_2018-04-13|2018-04-11_2018-05-10|2018-05-10_2018-06-08|2018-06-14_2018-07-13|2018-07-12_2018-08-10|2018-08-10_2018-09-08|2018-09-13_2018-10-12|2018-10-11_2018-11-09|2018-11-10_2018-12-09|2019-01-16_2019-02-14|2019-02-15_2019-03-16|2019-03-14_2019-04-12|2019-04-12_2019-05-11|2019-05-10_2019-06-08|2019-06-12_2019-07-11|2019-08-10_2019-09-08|2019-09-12_2019-10-11|2019-10-09_2019-11-07|2019-11-15_2019-12-14|2020-02-20_2020-03-20|2020-03-13_2020-04-11|2020-04-10_2020-05-09|2020-05-14_2020-06-12|2020-07-11_2020-08-09|2020-09-11_2020-10-10|2020-10-15_2020-11-13|2020-11-14_2020-12-13|2021-01-16_2021-02-14|2021-02-18_2021-03-19|2021-04-10_2021-05-09|2021-07-15_2021-08-13|2021-09-11_2021-10-10|2021-12-15_2022-01-13|2022-02-16_2022-03-17|2022-07-15_2022-08-13|2022-09-15_2022-10-14|2022-10-13_2022-11-11|2023-02-17_2023-03-18|2023-03-16_2023-04-14|2023-04-14_2023-05-13|2023-06-15_2023-07-14|2023-07-14_2023-08-12|2023-09-15_2023-10-14|2023-10-12_2023-11-10|2023-11-16_2023-12-15|2023-12-14_2024-01-12|2024-03-15_2024-04-13|2024-05-15_2024-06-13|2024-06-14_2024-07-13|2024-08-14_2024-09-12|2024-11-15_2024-12-14|2025-02-14_2025-03-15|2025-03-14_2025-04-12|2025-05-16_2025-06-14|2025-07-17_2025-08-15|2025-09-11_2025-10-10|2026-01-31_2026-03-01|2018-02-16_2018-03-17|2018-12-12_2019-01-10|2020-01-16_2020-02-14|2024-09-13_2024-10-12|2025-01-15_2025-02-13|2026-01-15_2026-02-13
0.2,1,CPI y/y,Bad,9,6,3,66.7,33.3,2.0,2020-08-12_2020-09-10|2021-06-16_2021-07-15|2021-10-15_2021-11-13|2021-11-10_2021-12-09|2022-01-14_2022-02-12|2022-04-14_2022-05-13|2022-05-13_2022-06-11|2022-06-15_2022-07-14|2023-01-19_2023-02-17
0.2,1,CPI y/y,Good,3,1,2,33.3,66.7,0.5,2022-11-16_2022-12-15|2022-12-10_2023-01-08|2025-11-26_2025-12-25
0.3,1,CPI y/y,Neutral,72,44,28,61.1,38.9,1.57,2018-01-12_2018-02-10|2018-03-15_2018-04-13|2018-04-11_2018-05-10|2018-05-10_2018-06-08|2018-06-14_2018-07-13|2018-07-12_2018-08-10|2018-08-10_2018-09-08|2018-09-13_2018-10-12|2018-10-11_2018-11-09|2018-11-10_2018-12-09|2019-01-16_2019-02-14|2019-02-15_2019-03-16|2019-03-14_2019-04-12|2019-04-12_2019-05-11|2019-05-10_2019-06-08|2019-06-12_2019-07-11|2019-08-10_2019-09-08|2019-09-12_2019-10-11|2019-10-09_2019-11-07|2019-11-15_2019-12-14|2020-02-20_2020-03-20|2020-03-13_2020-04-11|2020-04-10_2020-05-09|2020-05-14_2020-06-12|2020-07-11_2020-08-09|2020-09-11_2020-10-10|2020-10-15_2020-11-13|2020-11-14_2020-12-13|2021-01-16_2021-02-14|2021-02-18_2021-03-19|2021-04-10_2021-05-09|2021-07-15_2021-08-13|2021-09-11_2021-10-10|2021-10-15_2021-11-13|2021-11-10_2021-12-09|2021-12-15_2022-01-13|2022-01-14_2022-02-12|2022-02-16_2022-03-17|2022-04-14_2022-05-13|2022-05-13_2022-06-11|2022-07-15_2022-08-13|2022-09-15_2022-10-14|2022-10-13_2022-11-11|2022-11-16_2022-12-15|2022-12-10_2023-01-08|2023-01-19_2023-02-17|2023-02-17_2023-03-18|2023-03-16_2023-04-14|2023-04-14_2023-05-13|2023-06-15_2023-07-14|2023-07-14_2023-08-12|2023-09-15_2023-10-14|2023-10-12_2023-11-10|2023-11-16_2023-12-15|2023-12-14_2024-01-12|2024-03-15_2024-04-13|2024-05-15_2024-06-13|2024-06-14_2024-07-13|2024-08-14_2024-09-12|2024-11-15_2024-12-14|2025-02-14_2025-03-15|2025-03-14_2025-04-12|2025-05-16_2025-06-14|2025-07-17_2025-08-15|2025-09-11_2025-10-10|2026-01-31_2026-03-01|2018-02-16_2018-03-17|2018-12-12_2019-01-10|2020-01-16_2020-02-14|2024-09-13_2024-10-12|2025-01-15_2025-02-13|2026-01-15_2026-02-13
0.3,1,CPI y/y,Bad,3,2,1,66.7,33.3,2.0,2020-08-12_2020-09-10|2021-06-16_2021-07-15|2022-06-15_2022-07-14
0.3,1,CPI y/y,Good,1,0,1,0.0,100.0,0.0,2025-11-26_2025-12-25
0.0,2,CPI m/m|Core CPI m/m,Neutral|Bad,5,5,0,100.0,0.0,inf,2018-01-12_2018-02-10|2019-08-10_2019-09-08|2023-02-17_2023-03-18|2023-04-14_2023-05-13|2024-08-14_2024-09-12
0.0,2,CPI m/m|Core CPI m/m,Good|Neutral,8,3,5,37.5,62.5,0.6,2018-03-15_2018-04-13|2018-06-14_2018-07-13|2018-07-12_2018-08-10|2019-01-16_2019-02-14|2023-03-16_2023-04-14|2026-01-31_2026-03-01|2020-01-16_2020-02-14|2026-01-15_2026-02-13
0.0,2,CPI m/m|Core CPI m/m,Good|Good,22,13,9,59.1,40.9,1.44,2018-04-11_2018-05-10|2018-05-10_2018-06-08|2018-09-13_2018-10-12|2018-10-11_2018-11-09|2019-04-12_2019-05-11|2019-05-10_2019-06-08|2019-09-12_2019-10-11|2019-10-09_2019-11-07|2020-03-13_2020-04-11|2020-04-10_2020-05-09|2020-05-14_2020-06-12|2020-10-15_2020-11-13|2021-09-11_2021-10-10|2022-07-15_2022-08-13|2022-11-16_2022-12-15|2022-12-10_2023-01-08|2023-06-15_2023-07-14|2024-05-15_2024-06-13|2024-06-14_2024-07-13|2025-02-14_2025-03-15|2025-03-14_2025-04-12|2025-05-16_2025-06-14
0.0,2,CPI m/m|Core CPI m/m,Neutral|Neutral,9,6,3,66.7,33.3,2.0,2018-08-10_2018-09-08|2018-11-10_2018-12-09|2022-02-16_2022-03-17|2023-01-19_2023-02-17|2023-07-14_2023-08-12|2024-11-15_2024-12-14|2025-07-17_2025-08-15|2018-02-16_2018-03-17|2018-12-12_2019-01-10
0.0,2,CPI m/m|Core CPI m/m,Neutral|Good,4,3,1,75.0,25.0,3.0,2019-02-15_2019-03-16|2021-01-16_2021-02-14|2021-02-18_2021-03-19|2021-07-15_2021-08-13
0.0,2,CPI m/m|Core CPI m/m,Bad|Good,3,2,1,66.7,33.3,2.0,2019-03-14_2019-04-12|2019-06-12_2019-07-11|2022-10-13_2022-11-11
0.0,2,CPI m/m|Core CPI m/m,Bad|Neutral,7,4,3,57.1,42.9,1.33,2019-11-15_2019-12-14|2020-02-20_2020-03-20|2023-09-15_2023-10-14|2023-10-12_2023-11-10|2023-11-16_2023-12-15|2023-12-14_2024-01-12|2025-09-11_2025-10-10
0.0,2,CPI m/m|Core CPI m/m,Bad|Bad,17,10,7,58.8,41.2,1.43,2020-07-11_2020-08-09|2020-08-12_2020-09-10|2020-09-11_2020-10-10|2020-11-14_2020-12-13|2021-04-10_2021-05-09|2021-06-16_2021-07-15|2021-10-15_2021-11-13|2021-11-10_2021-12-09|2021-12-15_2022-01-13|2022-01-14_2022-02-12|2022-04-14_2022-05-13|2022-05-13_2022-06-11|2022-06-15_2022-07-14|2022-09-15_2022-10-14|2024-03-15_2024-04-13|2024-09-13_2024-10-12|2025-01-15_2025-02-13
0.1,2,CPI m/m|Core CPI m/m,Neutral|Neutral,44,28,16,63.6,36.4,1.75,2018-01-12_2018-02-10|2018-03-15_2018-04-13|2018-04-11_2018-05-10|2018-05-10_2018-06-08|2018-06-14_2018-07-13|2018-07-12_2018-08-10|2018-08-10_2018-09-08|2018-09-13_2018-10-12|2018-10-11_2018-11-09|2018-11-10_2018-12-09|2019-01-16_2019-02-14|2019-02-15_2019-03-16|2019-06-12_2019-07-11|2019-08-10_2019-09-08|2019-09-12_2019-10-11|2019-10-09_2019-11-07|2019-11-15_2019-12-14|2020-02-20_2020-03-20|2020-05-14_2020-06-12|2020-07-11_2020-08-09|2020-11-14_2020-12-13|2021-02-18_2021-03-19|2021-04-10_2021-05-09|2021-12-15_2022-01-13|2022-02-16_2022-03-17|2022-10-13_2022-11-11|2023-01-19_2023-02-17|2023-02-17_2023-03-18|2023-03-16_2023-04-14|2023-06-15_2023-07-14|2023-07-14_2023-08-12|2023-11-16_2023-12-15|2023-12-14_2024-01-12|2024-08-14_2024-09-12|2024-11-15_2024-12-14|2025-02-14_2025-03-15|2025-07-17_2025-08-15|2026-01-31_2026-03-01|2018-02-16_2018-03-17|2018-12-12_2019-01-10|2020-01-16_2020-02-14|2024-09-13_2024-10-12|2025-01-15_2025-02-13|2026-01-15_2026-02-13
0.1,2,CPI m/m|Core CPI m/m,Bad|Neutral,6,1,5,16.7,83.3,0.2,2019-03-14_2019-04-12|2022-01-14_2022-02-12|2022-05-13_2022-06-11|2023-09-15_2023-10-14|2023-10-12_2023-11-10|2025-09-11_2025-10-10
0.1,2,CPI m/m|Core CPI m/m,Good|Neutral,6,2,4,33.3,66.7,0.5,2019-04-12_2019-05-11|2019-05-10_2019-06-08|2022-11-16_2022-12-15|2022-12-10_2023-01-08|2024-05-15_2024-06-13|2024-06-14_2024-07-13
0.1,2,CPI m/m|Core CPI m/m,Good|Good,5,4,1,80.0,20.0,4.0,2020-03-13_2020-04-11|2020-04-10_2020-05-09|2021-09-11_2021-10-10|2022-07-15_2022-08-13|2025-03-14_2025-04-12
0.1,2,CPI m/m|Core CPI m/m,Bad|Bad,8,6,2,75.0,25.0,3.0,2020-08-12_2020-09-10|2020-09-11_2020-10-10|2021-06-16_2021-07-15|2021-10-15_2021-11-13|2021-11-10_2021-12-09|2022-06-15_2022-07-14|2022-09-15_2022-10-14|2024-03-15_2024-04-13
0.1,2,CPI m/m|Core CPI m/m,Neutral|Good,4,3,1,75.0,25.0,3.0,2020-10-15_2020-11-13|2021-01-16_2021-02-14|2021-07-15_2021-08-13|2025-05-16_2025-06-14
0.1,2,CPI m/m|Core CPI m/m,Neutral|Bad,2,2,0,100.0,0.0,inf,2022-04-14_2022-05-13|2023-04-14_2023-05-13
0.2,2,CPI m/m|Core CPI m/m,Neutral|Neutral,70,43,27,61.4,38.6,1.59,2018-01-12_2018-02-10|2018-03-15_2018-04-13|2018-04-11_2018-05-10|2018-05-10_2018-06-08|2018-06-14_2018-07-13|2018-07-12_2018-08-10|2018-08-10_2018-09-08|2018-09-13_2018-10-12|2018-10-11_2018-11-09|2018-11-10_2018-12-09|2019-01-16_2019-02-14|2019-02-15_2019-03-16|2019-03-14_2019-04-12|2019-04-12_2019-05-11|2019-05-10_2019-06-08|2019-06-12_2019-07-11|2019-08-10_2019-09-08|2019-09-12_2019-10-11|2019-10-09_2019-11-07|2019-11-15_2019-12-14|2020-02-20_2020-03-20|2020-03-13_2020-04-11|2020-04-10_2020-05-09|2020-05-14_2020-06-12|2020-07-11_2020-08-09|2020-09-11_2020-10-10|2020-10-15_2020-11-13|2020-11-14_2020-12-13|2021-01-16_2021-02-14|2021-02-18_2021-03-19|2021-04-10_2021-05-09|2021-07-15_2021-08-13|2021-09-11_2021-10-10|2021-12-15_2022-01-13|2022-01-14_2022-02-12|2022-02-16_2022-03-17|2022-04-14_2022-05-13|2022-06-15_2022-07-14|2022-07-15_2022-08-13|2022-09-15_2022-10-14|2022-10-13_2022-11-11|2022-11-16_2022-12-15|2022-12-10_2023-01-08|2023-01-19_2023-02-17|2023-02-17_2023-03-18|2023-03-16_2023-04-14|2023-04-14_2023-05-13|2023-06-15_2023-07-14|2023-07-14_2023-08-12|2023-09-15_2023-10-14|2023-10-12_2023-11-10|2023-11-16_2023-12-15|2023-12-14_2024-01-12|2024-03-15_2024-04-13|2024-05-15_2024-06-13|2024-06-14_2024-07-13|2024-08-14_2024-09-12|2024-11-15_2024-12-14|2025-02-14_2025-03-15|2025-03-14_2025-04-12|2025-05-16_2025-06-14|2025-07-17_2025-08-15|2025-09-11_2025-10-10|2026-01-31_2026-03-01|2018-02-16_2018-03-17|2018-12-12_2019-01-10|2020-01-16_2020-02-14|2024-09-13_2024-10-12|2025-01-15_2025-02-13|2026-01-15_2026-02-13
0.2,2,CPI m/m|Core CPI m/m,Bad|Bad,2,1,1,50.0,50.0,1.0,2020-08-12_2020-09-10|2021-06-16_2021-07-15
0.2,2,CPI m/m|Core CPI m/m,Bad|Neutral,3,2,1,66.7,33.3,2.0,2021-10-15_2021-11-13|2021-11-10_2021-12-09|2022-05-13_2022-06-11
0.3,2,CPI m/m|Core CPI m/m,Neutral|Neutral,70,43,27,61.4,38.6,1.59,2018-01-12_2018-02-10|2018-03-15_2018-04-13|2018-04-11_2018-05-10|2018-05-10_2018-06-08|2018-06-14_2018-07-13|2018-07-12_2018-08-10|2018-08-10_2018-09-08|2018-09-13_2018-10-12|2018-10-11_2018-11-09|2018-11-10_2018-12-09|2019-01-16_2019-02-14|2019-02-15_2019-03-16|2019-03-14_2019-04-12|2019-04-12_2019-05-11|2019-05-10_2019-06-08|2019-06-12_2019-07-11|2019-08-10_2019-09-08|2019-09-12_2019-10-11|2019-10-09_2019-11-07|2019-11-15_2019-12-14|2020-02-20_2020-03-20|2020-03-13_2020-04-11|2020-04-10_2020-05-09|2020-05-14_2020-06-12|2020-07-11_2020-08-09|2020-09-11_2020-10-10|2020-10-15_2020-11-13|2020-11-14_2020-12-13|2021-01-16_2021-02-14|2021-02-18_2021-03-19|2021-04-10_2021-05-09|2021-07-15_2021-08-13|2021-09-11_2021-10-10|2021-12-15_2022-01-13|2022-01-14_2022-02-12|2022-02-16_2022-03-17|2022-04-14_2022-05-13|2022-06-15_2022-07-14|2022-07-15_2022-08-13|2022-09-15_2022-10-14|2022-10-13_2022-11-11|2022-11-16_2022-12-15|2022-12-10_2023-01-08|2023-01-19_2023-02-17|2023-02-17_2023-03-18|2023-03-16_2023-04-14|2023-04-14_2023-05-13|2023-06-15_2023-07-14|2023-07-14_2023-08-12|2023-09-15_2023-10-14|2023-10-12_2023-11-10|2023-11-16_2023-12-15|2023-12-14_2024-01-12|2024-03-15_2024-04-13|2024-05-15_2024-06-13|2024-06-14_2024-07-13|2024-08-14_2024-09-12|2024-11-15_2024-12-14|2025-02-14_2025-03-15|2025-03-14_2025-04-12|2025-05-16_2025-06-14|2025-07-17_2025-08-15|2025-09-11_2025-10-10|2026-01-31_2026-03-01|2018-02-16_2018-03-17|2018-12-12_2019-01-10|2020-01-16_2020-02-14|2024-09-13_2024-10-12|2025-01-15_2025-02-13|2026-01-15_2026-02-13
0.3,2,CPI m/m|Core CPI m/m,Neutral|Bad,1,0,1,0.0,100.0,0.0,2020-08-12_2020-09-10
0.3,2,CPI m/m|Core CPI m/m,Bad|Bad,1,1,0,100.0,0.0,inf,2021-06-16_2021-07-15
0.3,2,CPI m/m|Core CPI m/m,Bad|Neutral,3,2,1,66.7,33.3,2.0,2021-10-15_2021-11-13|2021-11-10_2021-12-09|2022-05-13_2022-06-11
0.0,2,CPI m/m|PPI m/m,Good|Bad,10,5,5,50.0,50.0,1.0,2018-03-15_2018-04-13|2018-06-14_2018-07-13|2018-10-11_2018-11-09|2020-03-13_2020-04-11|2020-05-14_2020-06-12|2020-10-15_2020-11-13|2022-11-16_2022-12-15|2024-06-14_2024-07-13|2026-01-31_2026-03-01|2026-01-15_2026-02-13
0.0,2,CPI m/m|PPI m/m,Good|Good,11,5,6,45.5,54.5,0.83,2018-04-11_2018-05-10|2018-07-12_2018-08-10|2019-01-16_2019-02-14|2019-09-12_2019-10-11|2022-07-15_2022-08-13|2023-03-16_2023-04-14|2023-06-15_2023-07-14|2024-05-15_2024-06-13|2025-02-14_2025-03-15|2025-03-14_2025-04-12|2025-05-16_2025-06-14
0.0,2,CPI m/m|PPI m/m,Good|Neutral,2,2,0,100.0,0.0,inf,2018-09-13_2018-10-12|2019-04-12_2019-05-11
0.0,2,CPI m/m|PPI m/m,Neutral|Good,4,3,1,75.0,25.0,3.0,2019-02-15_2019-03-16|2022-02-16_2022-03-17|2023-02-17_2023-03-18|2023-04-14_2023-05-13
0.0,2,CPI m/m|PPI m/m,Bad|Bad,7,3,4,42.9,57.1,0.75,2019-03-14_2019-04-12|2020-08-12_2020-09-10|2021-06-16_2021-07-15|2022-06-15_2022-07-14|2022-09-15_2022-10-14|2023-09-15_2023-10-14|2025-01-15_2025-02-13
0.0,2,CPI m/m|PPI m/m,Bad|Good,6,4,2,66.7,33.3,2.0,2019-11-15_2019-12-14|2020-02-20_2020-03-20|2021-12-15_2022-01-13|2023-12-14_2024-01-12|2024-03-15_2024-04-13|2024-09-13_2024-10-12
0.0,2,CPI m/m|PPI m/m,Bad|Neutral,4,3,1,75.0,25.0,3.0,2020-11-14_2020-12-13|2021-10-15_2021-11-13|2022-04-14_2022-05-13|2023-11-16_2023-12-15
0.0,2,CPI m/m|PPI m/m,Neutral|Bad,8,6,2,75.0,25.0,3.0,2021-02-18_2021-03-19|2021-07-15_2021-08-13|2023-01-19_2023-02-17|2023-07-14_2023-08-12|2024-08-14_2024-09-12|2024-11-15_2024-12-14|2025-07-17_2025-08-15|2018-02-16_2018-03-17
0.1,2,CPI m/m|PPI m/m,Neutral|Bad,10,5,5,50.0,50.0,1.0,2018-03-15_2018-04-13|2018-10-11_2018-11-09|2020-05-14_2020-06-12|2021-07-15_2021-08-13|2023-01-19_2023-02-17|2024-11-15_2024-12-14|2025-07-17_2025-08-15|2026-01-31_2026-03-01|2025-01-15_2025-02-13|2026-01-15_2026-02-13
0.1,2,CPI m/m|PPI m/m,Neutral|Neutral,16,14,2,87.5,12.5,7.0,2018-04-11_2018-05-10|2018-06-14_2018-07-13|2018-09-13_2018-10-12|2019-02-15_2019-03-16|2020-10-15_2020-11-13|2020-11-14_2020-12-13|2021-02-18_2021-03-19|2022-04-14_2022-05-13|2023-04-14_2023-05-13|2023-06-15_2023-07-14|2023-07-14_2023-08-12|2023-11-16_2023-12-15|2024-08-14_2024-09-12|2025-05-16_2025-06-14|2018-02-16_2018-03-17|2024-09-13_2024-10-12
0.1,2,CPI m/m|PPI m/m,Neutral|Good,11,5,6,45.5,54.5,0.83,2018-07-12_2018-08-10|2019-01-16_2019-02-14|2019-09-12_2019-10-11|2019-11-15_2019-12-14|2020-02-20_2020-03-20|2021-12-15_2022-01-13|2022-02-16_2022-03-17|2023-02-17_2023-03-18|2023-03-16_2023-04-14|2023-12-14_2024-01-12|2025-02-14_2025-03-15
0.1,2,CPI m/m|PPI m/m,Bad|Bad,5,3,2,60.0,40.0,1.5,2019-03-14_2019-04-12|2021-06-16_2021-07-15|2022-06-15_2022-07-14|2022-09-15_2022-10-14|2023-09-15_2023-10-14
0.1,2,CPI m/m|PPI m/m,Good|Neutral,4,1,3,25.0,75.0,0.33,2019-04-12_2019-05-11|2020-03-13_2020-04-11|2022-11-16_2022-12-15|2024-06-14_2024-07-13
0.1,2,CPI m/m|PPI m/m,Bad|Neutral,3,1,2,33.3,66.7,0.5,2020-08-12_2020-09-10|2021-10-15_2021-11-13|2024-03-15_2024-04-13
0.1,2,CPI m/m|PPI m/m,Good|Good,3,2,1,66.7,33.3,2.0,2022-07-15_2022-08-13|2024-05-15_2024-06-13|2025-03-14_2025-04-12
0.2,2,CPI m/m|PPI m/m,Neutral|Neutral,33,21,12,63.6,36.4,1.75,2018-03-15_2018-04-13|2018-04-11_2018-05-10|2018-06-14_2018-07-13|2018-07-12_2018-08-10|2018-09-13_2018-10-12|2019-01-16_2019-02-14|2019-02-15_2019-03-16|2019-04-12_2019-05-11|2019-11-15_2019-12-14|2020-03-13_2020-04-11|2020-10-15_2020-11-13|2020-11-14_2020-12-13|2021-02-18_2021-03-19|2021-12-15_2022-01-13|2022-02-16_2022-03-17|2022-04-14_2022-05-13|2022-09-15_2022-10-14|2022-11-16_2022-12-15|2023-04-14_2023-05-13|2023-06-15_2023-07-14|2023-07-14_2023-08-12|2023-09-15_2023-10-14|2023-11-16_2023-12-15|2023-12-14_2024-01-12|2024-03-15_2024-04-13|2024-06-14_2024-07-13|2024-08-14_2024-09-12|2024-11-15_2024-12-14|2025-05-16_2025-06-14|2026-01-31_2026-03-01|2018-02-16_2018-03-17|2024-09-13_2024-10-12|2025-01-15_2025-02-13
0.2,2,CPI m/m|PPI m/m,Neutral|Bad,8,4,4,50.0,50.0,1.0,2018-10-11_2018-11-09|2019-03-14_2019-04-12|2020-05-14_2020-06-12|2021-07-15_2021-08-13|2022-06-15_2022-07-14|2023-01-19_2023-02-17|2025-07-17_2025-08-15|2026-01-15_2026-02-13
0.2,2,CPI m/m|PPI m/m,Neutral|Good,8,4,4,50.0,50.0,1.0,2019-09-12_2019-10-11|2020-02-20_2020-03-20|2022-07-15_2022-08-13|2023-02-17_2023-03-18|2023-03-16_2023-04-14|2024-05-15_2024-06-13|2025-02-14_2025-03-15|2025-03-14_2025-04-12
0.2,2,CPI m/m|PPI m/m,Bad|Neutral,2,1,1,50.0,50.0,1.0,2020-08-12_2020-09-10|2021-10-15_2021-11-13
0.2,2,CPI m/m|PPI m/m,Bad|Bad,1,1,0,100.0,0.0,inf,2021-06-16_2021-07-15
0.3,2,CPI m/m|PPI m/m,Neutral|Neutral,38,23,15,60.5,39.5,1.53,2018-03-15_2018-04-13|2018-04-11_2018-05-10|2018-06-14_2018-07-13|2018-07-12_2018-08-10|2018-09-13_2018-10-12|2019-01-16_2019-02-14|2019-02-15_2019-03-16|2019-03-14_2019-04-12|2019-04-12_2019-05-11|2019-11-15_2019-12-14|2020-03-13_2020-04-11|2020-08-12_2020-09-10|2020-10-15_2020-11-13|2020-11-14_2020-12-13|2021-02-18_2021-03-19|2021-12-15_2022-01-13|2022-02-16_2022-03-17|2022-04-14_2022-05-13|2022-09-15_2022-10-14|2022-11-16_2022-12-15|2023-01-19_2023-02-17|2023-04-14_2023-05-13|2023-06-15_2023-07-14|2023-07-14_2023-08-12|2023-09-15_2023-10-14|2023-11-16_2023-12-15|2023-12-14_2024-01-12|2024-03-15_2024-04-13|2024-06-14_2024-07-13|2024-08-14_2024-09-12|2024-11-15_2024-12-14|2025-02-14_2025-03-15|2025-05-16_2025-06-14|2026-01-31_2026-03-01|2018-02-16_2018-03-17|2024-09-13_2024-10-12|2025-01-15_2025-02-13|2026-01-15_2026-02-13
0.3,2,CPI m/m|PPI m/m,Neutral|Bad,5,2,3,40.0,60.0,0.67,2018-10-11_2018-11-09|2020-05-14_2020-06-12|2021-07-15_2021-08-13|2022-06-15_2022-07-14|2025-07-17_2025-08-15
0.3,2,CPI m/m|PPI m/m,Neutral|Good,7,4,3,57.1,42.9,1.33,2019-09-12_2019-10-11|2020-02-20_2020-03-20|2022-07-15_2022-08-13|2023-02-17_2023-03-18|2023-03-16_2023-04-14|2024-05-15_2024-06-13|2025-03-14_2025-04-12
0.3,2,CPI m/m|PPI m/m,Bad|Bad,1,1,0,100.0,0.0,inf,2021-06-16_2021-07-15
0.3,2,CPI m/m|PPI m/m,Bad|Neutral,1,1,0,100.0,0.0,inf,2021-10-15_2021-11-13
0.0,2,CPI m/m|Core PPI m/m,Good|Bad,9,4,5,44.4,55.6,0.8,2018-03-15_2018-04-13|2018-06-14_2018-07-13|2018-10-11_2018-11-09|2019-01-16_2019-02-14|2020-03-13_2020-04-11|2022-11-16_2022-12-15|2024-06-14_2024-07-13|2026-01-31_2026-03-01|2026-01-15_2026-02-13
0.0,2,CPI m/m|Core PPI m/m,Good|Neutral,3,2,1,66.7,33.3,2.0,2018-04-11_2018-05-10|2018-09-13_2018-10-12|2020-05-14_2020-06-12
0.0,2,CPI m/m|Core PPI m/m,Good|Good,11,6,5,54.5,45.5,1.2,2018-07-12_2018-08-10|2019-04-12_2019-05-11|2019-09-12_2019-10-11|2020-10-15_2020-11-13|2022-07-15_2022-08-13|2023-03-16_2023-04-14|2023-06-15_2023-07-14|2024-05-15_2024-06-13|2025-02-14_2025-03-15|2025-03-14_2025-04-12|2025-05-16_2025-06-14
0.0,2,CPI m/m|Core PPI m/m,Neutral|Good,3,2,1,66.7,33.3,2.0,2019-02-15_2019-03-16|2022-02-16_2022-03-17|2023-02-17_2023-03-18
0.0,2,CPI m/m|Core PPI m/m,Bad|Bad,4,1,3,25.0,75.0,0.33,2019-03-14_2019-04-12|2020-08-12_2020-09-10|2021-06-16_2021-07-15|2023-09-15_2023-10-14
0.0,2,CPI m/m|Core PPI m/m,Bad|Good,8,7,1,87.5,12.5,7.0,2019-11-15_2019-12-14|2020-02-20_2020-03-20|2020-11-14_2020-12-13|2021-10-15_2021-11-13|2022-04-14_2022-05-13|2022-06-15_2022-07-14|2023-11-16_2023-12-15|2023-12-14_2024-01-12
0.0,2,CPI m/m|Core PPI m/m,Neutral|Neutral,4,4,0,100.0,0.0,inf,2021-02-18_2021-03-19|2023-04-14_2023-05-13|2024-11-15_2024-12-14|2018-02-16_2018-03-17
0.0,2,CPI m/m|Core PPI m/m,Neutral|Bad,5,3,2,60.0,40.0,1.5,2021-07-15_2021-08-13|2023-01-19_2023-02-17|2023-07-14_2023-08-12|2024-08-14_2024-09-12|2025-07-17_2025-08-15
0.0,2,CPI m/m|Core PPI m/m,Bad|Neutral,5,2,3,40.0,60.0,0.67,2021-12-15_2022-01-13|2022-09-15_2022-10-14|2024-03-15_2024-04-13|2024-09-13_2024-10-12|2025-01-15_2025-02-13
0.1,2,CPI m/m|Core PPI m/m,Neutral|Neutral,20,14,6,70.0,30.0,2.33,2018-03-15_2018-04-13|2018-04-11_2018-05-10|2018-06-14_2018-07-13|2018-07-12_2018-08-10|2018-09-13_2018-10-12|2019-01-16_2019-02-14|2019-02-15_2019-03-16|2020-05-14_2020-06-12|2020-10-15_2020-11-13|2020-11-14_2020-12-13|2021-02-18_2021-03-19|2021-12-15_2022-01-13|2023-04-14_2023-05-13|2023-06-15_2023-07-14|2023-07-14_2023-08-12|2024-08-14_2024-09-12|2024-11-15_2024-12-14|2018-02-16_2018-03-17|2024-09-13_2024-10-12|2025-01-15_2025-02-13
0.1,2,CPI m/m|Core PPI m/m,Neutral|Bad,6,4,2,66.7,33.3,2.0,2018-10-11_2018-11-09|2021-07-15_2021-08-13|2023-01-19_2023-02-17|2025-07-17_2025-08-15|2026-01-31_2026-03-01|2026-01-15_2026-02-13
0.1,2,CPI m/m|Core PPI m/m,Bad|Neutral,6,3,3,50.0,50.0,1.0,2019-03-14_2019-04-12|2021-10-15_2021-11-13|2022-06-15_2022-07-14|2022-09-15_2022-10-14|2023-09-15_2023-10-14|2024-03-15_2024-04-13
0.1,2,CPI m/m|Core PPI m/m,Good|Neutral,1,1,0,100.0,0.0,inf,2019-04-12_2019-05-11
0.1,2,CPI m/m|Core PPI m/m,Neutral|Good,11,6,5,54.5,45.5,1.2,2019-09-12_2019-10-11|2019-11-15_2019-12-14|2020-02-20_2020-03-20|2022-02-16_2022-03-17|2022-04-14_2022-05-13|2023-02-17_2023-03-18|2023-03-16_2023-04-14|2023-11-16_2023-12-15|2023-12-14_2024-01-12|2025-02-14_2025-03-15|2025-05-16_2025-06-14
0.1,2,CPI m/m|Core PPI m/m,Good|Bad,3,0,3,0.0,100.0,0.0,2020-03-13_2020-04-11|2022-11-16_2022-12-15|2024-06-14_2024-07-13
0.1,2,CPI m/m|Core PPI m/m,Bad|Bad,2,1,1,50.0,50.0,1.0,2020-08-12_2020-09-10|2021-06-16_2021-07-15
0.1,2,CPI m/m|Core PPI m/m,Good|Good,3,2,1,66.7,33.3,2.0,2022-07-15_2022-08-13|2024-05-15_2024-06-13|2025-03-14_2025-04-12
0.2,2,CPI m/m|Core PPI m/m,Neutral|Neutral,35,22,13,62.9,37.1,1.69,2018-03-15_2018-04-13|2018-04-11_2018-05-10|2018-06-14_2018-07-13|2018-07-12_2018-08-10|2018-09-13_2018-10-12|2019-01-16_2019-02-14|2019-02-15_2019-03-16|2019-03-14_2019-04-12|2019-04-12_2019-05-11|2020-03-13_2020-04-11|2020-05-14_2020-06-12|2020-10-15_2020-11-13|2020-11-14_2020-12-13|2021-02-18_2021-03-19|2021-12-15_2022-01-13|2022-04-14_2022-05-13|2022-06-15_2022-07-14|2022-07-15_2022-08-13|2022-09-15_2022-10-14|2022-11-16_2022-12-15|2023-01-19_2023-02-17|2023-04-14_2023-05-13|2023-06-15_2023-07-14|2023-07-14_2023-08-12|2023-09-15_2023-10-14|2023-11-16_2023-12-15|2023-12-14_2024-01-12|2024-03-15_2024-04-13|2024-06-14_2024-07-13|2024-08-14_2024-09-12|2024-11-15_2024-12-14|2025-05-16_2025-06-14|2018-02-16_2018-03-17|2024-09-13_2024-10-12|2025-01-15_2025-02-13
0.2,2,CPI m/m|Core PPI m/m,Neutral|Bad,5,3,2,60.0,40.0,1.5,2018-10-11_2018-11-09|2021-07-15_2021-08-13|2025-07-17_2025-08-15|2026-01-31_2026-03-01|2026-01-15_2026-02-13
0.2,2,CPI m/m|Core PPI m/m,Neutral|Good,9,4,5,44.4,55.6,0.8,2019-09-12_2019-10-11|2019-11-15_2019-12-14|2020-02-20_2020-03-20|2022-02-16_2022-03-17|2023-02-17_2023-03-18|2023-03-16_2023-04-14|2024-05-15_2024-06-13|2025-02-14_2025-03-15|2025-03-14_2025-04-12
0.2,2,CPI m/m|Core PPI m/m,Bad|Neutral,2,1,1,50.0,50.0,1.0,2020-08-12_2020-09-10|2021-10-15_2021-11-13
0.2,2,CPI m/m|Core PPI m/m,Bad|Bad,1,1,0,100.0,0.0,inf,2021-06-16_2021-07-15
0.3,2,CPI m/m|Core PPI m/m,Neutral|Neutral,38,23,15,60.5,39.5,1.53,2018-03-15_2018-04-13|2018-04-11_2018-05-10|2018-06-14_2018-07-13|2018-07-12_2018-08-10|2018-09-13_2018-10-12|2018-10-11_2018-11-09|2019-01-16_2019-02-14|2019-02-15_2019-03-16|2019-03-14_2019-04-12|2019-04-12_2019-05-11|2020-03-13_2020-04-11|2020-05-14_2020-06-12|2020-08-12_2020-09-10|2020-10-15_2020-11-13|2020-11-14_2020-12-13|2021-02-18_2021-03-19|2021-12-15_2022-01-13|2022-04-14_2022-05-13|2022-06-15_2022-07-14|2022-07-15_2022-08-13|2022-09-15_2022-10-14|2022-11-16_2022-12-15|2023-01-19_2023-02-17|2023-04-14_2023-05-13|2023-06-15_2023-07-14|2023-07-14_2023-08-12|2023-09-15_2023-10-14|2023-11-16_2023-12-15|2023-12-14_2024-01-12|2024-03-15_2024-04-13|2024-05-15_2024-06-13|2024-06-14_2024-07-13|2024-08-14_2024-09-12|2024-11-15_2024-12-14|2025-05-16_2025-06-14|2018-02-16_2018-03-17|2024-09-13_2024-10-12|2025-01-15_2025-02-13
0.3,2,CPI m/m|Core PPI m/m,Neutral|Good,8,4,4,50.0,50.0,1.0,2019-09-12_2019-10-11|2019-11-15_2019-12-14|2020-02-20_2020-03-20|2022-02-16_2022-03-17|2023-02-17_2023-03-18|2023-03-16_2023-04-14|2025-02-14_2025-03-15|2025-03-14_2025-04-12
0.3,2,CPI m/m|Core PPI m/m,Bad|Bad,1,1,0,100.0,0.0,inf,2021-06-16_2021-07-15
0.3,2,CPI m/m|Core PPI m/m,Neutral|Bad,4,2,2,50.0,50.0,1.0,2021-07-15_2021-08-13|2025-07-17_2025-08-15|2026-01-31_2026-03-01|2026-01-15_2026-02-13
0.3,2,CPI m/m|Core PPI m/m,Bad|Neutral,1,1,0,100.0,0.0,inf,2021-10-15_2021-11-13
0.0,2,CPI m/m|FOMC,Good|Neutral,2,0,2,0.0,100.0,0.0,2023-03-16_2023-04-14|2024-05-15_2024-06-13
0.0,2,CPI m/m|FOMC,Neutral|Neutral,2,2,0,100.0,0.0,inf,2023-04-14_2023-05-13|2023-07-14_2023-08-12
0.0,2,CPI m/m|FOMC,Bad|Neutral,5,2,3,40.0,60.0,0.67,2023-09-15_2023-10-14|2023-10-12_2023-11-10|2023-11-16_2023-12-15|2023-12-14_2024-01-12|2025-01-15_2025-02-13
0.0,2,CPI m/m|FOMC,Bad|Good,1,0,1,0.0,100.0,0.0,2024-09-13_2024-10-12
0.1,2,CPI m/m|FOMC,Neutral|Neutral,6,3,3,50.0,50.0,1.0,2023-03-16_2023-04-14|2023-04-14_2023-05-13|2023-07-14_2023-08-12|2023-11-16_2023-12-15|2023-12-14_2024-01-12|2025-01-15_2025-02-13
0.1,2,CPI m/m|FOMC,Bad|Neutral,2,1,1,50.0,50.0,1.0,2023-09-15_2023-10-14|2023-10-12_2023-11-10
0.1,2,CPI m/m|FOMC,Good|Neutral,1,0,1,0.0,100.0,0.0,2024-05-15_2024-06-13
0.1,2,CPI m/m|FOMC,Neutral|Good,1,0,1,0.0,100.0,0.0,2024-09-13_2024-10-12
0.2,2,CPI m/m|FOMC,Neutral|Neutral,9,4,5,44.4,55.6,0.8,2023-03-16_2023-04-14|2023-04-14_2023-05-13|2023-07-14_2023-08-12|2023-09-15_2023-10-14|2023-10-12_2023-11-10|2023-11-16_2023-12-15|2023-12-14_2024-01-12|2024-05-15_2024-06-13|2025-01-15_2025-02-13
0.2,2,CPI m/m|FOMC,Neutral|Good,1,0,1,0.0,100.0,0.0,2024-09-13_2024-10-12
0.3,2,CPI m/m|FOMC,Neutral|Neutral,10,4,6,40.0,60.0,0.67,2023-03-16_2023-04-14|2023-04-14_2023-05-13|2023-07-14_2023-08-12|2023-09-15_2023-10-14|2023-10-12_2023-11-10|2023-11-16_2023-12-15|2023-12-14_2024-01-12|2024-05-15_2024-06-13|2024-09-13_2024-10-12|2025-01-15_2025-02-13
0.0,2,CPI m/m|CPI y/y,Neutral|Neutral,10,8,2,80.0,20.0,4.0,2018-01-12_2018-02-10|2018-08-10_2018-09-08|2018-11-10_2018-12-09|2021-01-16_2021-02-14|2021-02-18_2021-03-19|2022-02-16_2022-03-17|2023-02-17_2023-03-18|2024-11-15_2024-12-14|2018-02-16_2018-03-17|2018-12-12_2019-01-10
0.0,2,CPI m/m|CPI y/y,Good|Neutral,6,4,2,66.7,33.3,2.0,2018-03-15_2018-04-13|2018-04-11_2018-05-10|2018-05-10_2018-06-08|2018-06-14_2018-07-13|2018-07-12_2018-08-10|2021-09-11_2021-10-10
0.0,2,CPI m/m|CPI y/y,Good|Good,22,12,10,54.5,45.5,1.2,2018-09-13_2018-10-12|2018-10-11_2018-11-09|2019-04-12_2019-05-11|2019-05-10_2019-06-08|2019-09-12_2019-10-11|2019-10-09_2019-11-07|2020-03-13_2020-04-11|2020-04-10_2020-05-09|2020-05-14_2020-06-12|2020-10-15_2020-11-13|2022-07-15_2022-08-13|2022-11-16_2022-12-15|2022-12-10_2023-01-08|2023-03-16_2023-04-14|2023-06-15_2023-07-14|2024-05-15_2024-06-13|2024-06-14_2024-07-13|2025-02-14_2025-03-15|2025-03-14_2025-04-12|2025-05-16_2025-06-14|2026-01-31_2026-03-01|2026-01-15_2026-02-13
0.0,2,CPI m/m|CPI y/y,Good|Bad,2,0,2,0.0,100.0,0.0,2019-01-16_2019-02-14|2020-01-16_2020-02-14
0.0,2,CPI m/m|CPI y/y,Neutral|Good,5,4,1,80.0,20.0,4.0,2019-02-15_2019-03-16|2023-04-14_2023-05-13|2023-07-14_2023-08-12|2024-08-14_2024-09-12|2025-07-17_2025-08-15
0.0,2,CPI m/m|CPI y/y,Bad|Bad,20,11,9,55.0,45.0,1.22,2019-03-14_2019-04-12|2019-11-15_2019-12-14|2020-02-20_2020-03-20|2020-08-12_2020-09-10|2020-09-11_2020-10-10|2021-04-10_2021-05-09|2021-06-16_2021-07-15|2021-10-15_2021-11-13|2021-11-10_2021-12-09|2022-01-14_2022-02-12|2022-04-14_2022-05-13|2022-05-13_2022-06-11|2022-06-15_2022-07-14|2022-09-15_2022-10-14|2023-09-15_2023-10-14|2023-10-12_2023-11-10|2023-12-14_2024-01-12|2024-03-15_2024-04-13|2024-09-13_2024-10-12|2025-01-15_2025-02-13
0.0,2,CPI m/m|CPI y/y,Bad|Good,2,2,0,100.0,0.0,inf,2019-06-12_2019-07-11|2022-10-13_2022-11-11
0.0,2,CPI m/m|CPI y/y,Neutral|Bad,3,2,1,66.7,33.3,2.0,2019-08-10_2019-09-08|2021-07-15_2021-08-13|2023-01-19_2023-02-17
0.0,2,CPI m/m|CPI y/y,Bad|Neutral,5,3,2,60.0,40.0,1.5,2020-07-11_2020-08-09|2020-11-14_2020-12-13|2021-12-15_2022-01-13|2023-11-16_2023-12-15|2025-09-11_2025-10-10
0.1,2,CPI m/m|CPI y/y,Neutral|Neutral,29,21,8,72.4,27.6,2.62,2018-01-12_2018-02-10|2018-03-15_2018-04-13|2018-04-11_2018-05-10|2018-05-10_2018-06-08|2018-06-14_2018-07-13|2018-07-12_2018-08-10|2018-08-10_2018-09-08|2018-09-13_2018-10-12|2018-11-10_2018-12-09|2019-06-12_2019-07-11|2020-02-20_2020-03-20|2020-07-11_2020-08-09|2020-11-14_2020-12-13|2021-01-16_2021-02-14|2021-02-18_2021-03-19|2021-12-15_2022-01-13|2022-02-16_2022-03-17|2022-10-13_2022-11-11|2023-02-17_2023-03-18|2023-03-16_2023-04-14|2023-04-14_2023-05-13|2023-07-14_2023-08-12|2023-11-16_2023-12-15|2024-08-14_2024-09-12|2024-11-15_2024-12-14|2025-07-17_2025-08-15|2018-02-16_2018-03-17|2018-12-12_2019-01-10|2025-01-15_2025-02-13
0.1,2,CPI m/m|CPI y/y,Neutral|Good,11,7,4,63.6,36.4,1.75,2018-10-11_2018-11-09|2019-02-15_2019-03-16|2019-09-12_2019-10-11|2019-10-09_2019-11-07|2020-05-14_2020-06-12|2020-10-15_2020-11-13|2023-06-15_2023-07-14|2025-02-14_2025-03-15|2025-05-16_2025-06-14|2026-01-31_2026-03-01|2026-01-15_2026-02-13
0.1,2,CPI m/m|CPI y/y,Neutral|Bad,10,5,5,50.0,50.0,1.0,2019-01-16_2019-02-14|2019-08-10_2019-09-08|2019-11-15_2019-12-14|2021-04-10_2021-05-09|2021-07-15_2021-08-13|2022-04-14_2022-05-13|2023-01-19_2023-02-17|2023-12-14_2024-01-12|2020-01-16_2020-02-14|2024-09-13_2024-10-12
0.1,2,CPI m/m|CPI y/y,Bad|Neutral,3,1,2,33.3,66.7,0.5,2019-03-14_2019-04-12|2022-09-15_2022-10-14|2025-09-11_2025-10-10
0.1,2,CPI m/m|CPI y/y,Good|Good,9,5,4,55.6,44.4,1.25,2019-04-12_2019-05-11|2019-05-10_2019-06-08|2020-03-13_2020-04-11|2020-04-10_2020-05-09|2022-07-15_2022-08-13|2022-11-16_2022-12-15|2022-12-10_2023-01-08|2024-06-14_2024-07-13|2025-03-14_2025-04-12
0.1,2,CPI m/m|CPI y/y,Bad|Bad,11,6,5,54.5,45.5,1.2,2020-08-12_2020-09-10|2020-09-11_2020-10-10|2021-06-16_2021-07-15|2021-10-15_2021-11-13|2021-11-10_2021-12-09|2022-01-14_2022-02-12|2022-05-13_2022-06-11|2022-06-15_2022-07-14|2023-09-15_2023-10-14|2023-10-12_2023-11-10|2024-03-15_2024-04-13
0.1,2,CPI m/m|CPI y/y,Good|Neutral,2,1,1,50.0,50.0,1.0,2021-09-11_2021-10-10|2024-05-15_2024-06-13
0.2,2,CPI m/m|CPI y/y,Neutral|Neutral,64,39,25,60.9,39.1,1.56,2018-01-12_2018-02-10|2018-03-15_2018-04-13|2018-04-11_2018-05-10|2018-05-10_2018-06-08|2018-06-14_2018-07-13|2018-07-12_2018-08-10|2018-08-10_2018-09-08|2018-09-13_2018-10-12|2018-10-11_2018-11-09|2018-11-10_2018-12-09|2019-01-16_2019-02-14|2019-02-15_2019-03-16|2019-03-14_2019-04-12|2019-04-12_2019-05-11|2019-05-10_2019-06-08|2019-06-12_2019-07-11|2019-08-10_2019-09-08|2019-09-12_2019-10-11|2019-10-09_2019-11-07|2019-11-15_2019-12-14|2020-02-20_2020-03-20|2020-03-13_2020-04-11|2020-04-10_2020-05-09|2020-05-14_2020-06-12|2020-07-11_2020-08-09|2020-09-11_2020-10-10|2020-10-15_2020-11-13|2020-11-14_2020-12-13|2021-01-16_2021-02-14|2021-02-18_2021-03-19|2021-04-10_2021-05-09|2021-07-15_2021-08-13|2021-09-11_2021-10-10|2021-12-15_2022-01-13|2022-02-16_2022-03-17|2022-07-15_2022-08-13|2022-09-15_2022-10-14|2022-10-13_2022-11-11|2023-02-17_2023-03-18|2023-03-16_2023-04-14|2023-04-14_2023-05-13|2023-06-15_2023-07-14|2023-07-14_2023-08-12|2023-09-15_2023-10-14|2023-10-12_2023-11-10|2023-11-16_2023-12-15|2023-12-14_2024-01-12|2024-03-15_2024-04-13|2024-05-15_2024-06-13|2024-06-14_2024-07-13|2024-08-14_2024-09-12|2024-11-15_2024-12-14|2025-02-14_2025-03-15|2025-03-14_2025-04-12|2025-05-16_2025-06-14|2025-07-17_2025-08-15|2025-09-11_2025-10-10|2026-01-31_2026-03-01|2018-02-16_2018-03-17|2018-12-12_2019-01-10|2020-01-16_2020-02-14|2024-09-13_2024-10-12|2025-01-15_2025-02-13|2026-01-15_2026-02-13
0.2,2,CPI m/m|CPI y/y,Bad|Bad,5,3,2,60.0,40.0,1.5,2020-08-12_2020-09-10|2021-06-16_2021-07-15|2021-10-15_2021-11-13|2021-11-10_2021-12-09|2022-05-13_2022-06-11
0.2,2,CPI m/m|CPI y/y,Neutral|Bad,4,3,1,75.0,25.0,3.0,2022-01-14_2022-02-12|2022-04-14_2022-05-13|2022-06-15_2022-07-14|2023-01-19_2023-02-17
0.2,2,CPI m/m|CPI y/y,Neutral|Good,2,1,1,50.0,50.0,1.0,2022-11-16_2022-12-15|2022-12-10_2023-01-08
0.3,2,CPI m/m|CPI y/y,Neutral|Neutral,69,42,27,60.9,39.1,1.56,2018-01-12_2018-02-10|2018-03-15_2018-04-13|2018-04-11_2018-05-10|2018-05-10_2018-06-08|2018-06-14_2018-07-13|2018-07-12_2018-08-10|2018-08-10_2018-09-08|2018-09-13_2018-10-12|2018-10-11_2018-11-09|2018-11-10_2018-12-09|2019-01-16_2019-02-14|2019-02-15_2019-03-16|2019-03-14_2019-04-12|2019-04-12_2019-05-11|2019-05-10_2019-06-08|2019-06-12_2019-07-11|2019-08-10_2019-09-08|2019-09-12_2019-10-11|2019-10-09_2019-11-07|2019-11-15_2019-12-14|2020-02-20_2020-03-20|2020-03-13_2020-04-11|2020-04-10_2020-05-09|2020-05-14_2020-06-12|2020-07-11_2020-08-09|2020-09-11_2020-10-10|2020-10-15_2020-11-13|2020-11-14_2020-12-13|2021-01-16_2021-02-14|2021-02-18_2021-03-19|2021-04-10_2021-05-09|2021-07-15_2021-08-13|2021-09-11_2021-10-10|2021-12-15_2022-01-13|2022-01-14_2022-02-12|2022-02-16_2022-03-17|2022-04-14_2022-05-13|2022-07-15_2022-08-13|2022-09-15_2022-10-14|2022-10-13_2022-11-11|2022-11-16_2022-12-15|2022-12-10_2023-01-08|2023-01-19_2023-02-17|2023-02-17_2023-03-18|2023-03-16_2023-04-14|2023-04-14_2023-05-13|2023-06-15_2023-07-14|2023-07-14_2023-08-12|2023-09-15_2023-10-14|2023-10-12_2023-11-10|2023-11-16_2023-12-15|2023-12-14_2024-01-12|2024-03-15_2024-04-13|2024-05-15_2024-06-13|2024-06-14_2024-07-13|2024-08-14_2024-09-12|2024-11-15_2024-12-14|2025-02-14_2025-03-15|2025-03-14_2025-04-12|2025-05-16_2025-06-14|2025-07-17_2025-08-15|2025-09-11_2025-10-10|2026-01-31_2026-03-01|2018-02-16_2018-03-17|2018-12-12_2019-01-10|2020-01-16_2020-02-14|2024-09-13_2024-10-12|2025-01-15_2025-02-13|2026-01-15_2026-02-13
0.3,2,CPI m/m|CPI y/y,Neutral|Bad,2,1,1,50.0,50.0,1.0,2020-08-12_2020-09-10|2022-06-15_2022-07-14
0.3,2,CPI m/m|CPI y/y,Bad|Bad,1,1,0,100.0,0.0,inf,2021-06-16_2021-07-15
0.3,2,CPI m/m|CPI y/y,Bad|Neutral,3,2,1,66.7,33.3,2.0,2021-10-15_2021-11-13|2021-11-10_2021-12-09|2022-05-13_2022-06-11
0.0,2,Core CPI m/m|PPI m/m,Neutral|Bad,10,7,3,70.0,30.0,2.33,2018-03-15_2018-04-13|2018-06-14_2018-07-13|2023-01-19_2023-02-17|2023-07-14_2023-08-12|2023-09-15_2023-10-14|2024-11-15_2024-12-14|2025-07-17_2025-08-15|2026-01-31_2026-03-01|2018-02-16_2018-03-17|2026-01-15_2026-02-13
0.0,2,Core CPI m/m|PPI m/m,Good|Good,9,6,3,66.7,33.3,2.0,2018-04-11_2018-05-10|2019-02-15_2019-03-16|2019-09-12_2019-10-11|2022-07-15_2022-08-13|2023-06-15_2023-07-14|2024-05-15_2024-06-13|2025-02-14_2025-03-15|2025-03-14_2025-04-12|2025-05-16_2025-06-14
0.0,2,Core CPI m/m|PPI m/m,Neutral|Good,7,3,4,42.9,57.1,0.75,2018-07-12_2018-08-10|2019-01-16_2019-02-14|2019-11-15_2019-12-14|2020-02-20_2020-03-20|2022-02-16_2022-03-17|2023-03-16_2023-04-14|2023-12-14_2024-01-12
0.0,2,Core CPI m/m|PPI m/m,Good|Neutral,2,2,0,100.0,0.0,inf,2018-09-13_2018-10-12|2019-04-12_2019-05-11
0.0,2,Core CPI m/m|PPI m/m,Good|Bad,9,3,6,33.3,66.7,0.5,2018-10-11_2018-11-09|2019-03-14_2019-04-12|2020-03-13_2020-04-11|2020-05-14_2020-06-12|2020-10-15_2020-11-13|2021-02-18_2021-03-19|2021-07-15_2021-08-13|2022-11-16_2022-12-15|2024-06-14_2024-07-13
0.0,2,Core CPI m/m|PPI m/m,Bad|Bad,6,4,2,66.7,33.3,2.0,2020-08-12_2020-09-10|2021-06-16_2021-07-15|2022-06-15_2022-07-14|2022-09-15_2022-10-14|2024-08-14_2024-09-12|2025-01-15_2025-02-13
0.0,2,Core CPI m/m|PPI m/m,Bad|Neutral,3,3,0,100.0,0.0,inf,2020-11-14_2020-12-13|2021-10-15_2021-11-13|2022-04-14_2022-05-13
0.0,2,Core CPI m/m|PPI m/m,Bad|Good,5,3,2,60.0,40.0,1.5,2021-12-15_2022-01-13|2023-02-17_2023-03-18|2023-04-14_2023-05-13|2024-03-15_2024-04-13|2024-09-13_2024-10-12
0.0,2,Core CPI m/m|PPI m/m,Neutral|Neutral,1,0,1,0.0,100.0,0.0,2023-11-16_2023-12-15
0.1,2,Core CPI m/m|PPI m/m,Neutral|Bad,11,5,6,45.5,54.5,0.83,2018-03-15_2018-04-13|2018-10-11_2018-11-09|2019-03-14_2019-04-12|2020-05-14_2020-06-12|2023-01-19_2023-02-17|2023-09-15_2023-10-14|2024-11-15_2024-12-14|2025-07-17_2025-08-15|2026-01-31_2026-03-01|2025-01-15_2025-02-13|2026-01-15_2026-02-13
0.1,2,Core CPI m/m|PPI m/m,Neutral|Neutral,15,11,4,73.3,26.7,2.75,2018-04-11_2018-05-10|2018-06-14_2018-07-13|2018-09-13_2018-10-12|2019-02-15_2019-03-16|2019-04-12_2019-05-11|2020-11-14_2020-12-13|2021-02-18_2021-03-19|2022-11-16_2022-12-15|2023-06-15_2023-07-14|2023-07-14_2023-08-12|2023-11-16_2023-12-15|2024-06-14_2024-07-13|2024-08-14_2024-09-12|2018-02-16_2018-03-17|2024-09-13_2024-10-12
0.1,2,Core CPI m/m|PPI m/m,Neutral|Good,12,5,7,41.7,58.3,0.71,2018-07-12_2018-08-10|2019-01-16_2019-02-14|2019-09-12_2019-10-11|2019-11-15_2019-12-14|2020-02-20_2020-03-20|2021-12-15_2022-01-13|2022-02-16_2022-03-17|2023-02-17_2023-03-18|2023-03-16_2023-04-14|2023-12-14_2024-01-12|2024-05-15_2024-06-13|2025-02-14_2025-03-15
0.1,2,Core CPI m/m|PPI m/m,Good|Neutral,3,2,1,66.7,33.3,2.0,2020-03-13_2020-04-11|2020-10-15_2020-11-13|2025-05-16_2025-06-14
0.1,2,Core CPI m/m|PPI m/m,Bad|Neutral,5,3,2,60.0,40.0,1.5,2020-08-12_2020-09-10|2021-10-15_2021-11-13|2022-04-14_2022-05-13|2023-04-14_2023-05-13|2024-03-15_2024-04-13
0.1,2,Core CPI m/m|PPI m/m,Bad|Bad,3,3,0,100.0,0.0,inf,2021-06-16_2021-07-15|2022-06-15_2022-07-14|2022-09-15_2022-10-14
0.1,2,Core CPI m/m|PPI m/m,Good|Bad,1,0,1,0.0,100.0,0.0,2021-07-15_2021-08-13
0.1,2,Core CPI m/m|PPI m/m,Good|Good,2,2,0,100.0,0.0,inf,2022-07-15_2022-08-13|2025-03-14_2025-04-12
0.2,2,Core CPI m/m|PPI m/m,Neutral|Neutral,34,22,12,64.7,35.3,1.83,2018-03-15_2018-04-13|2018-04-11_2018-05-10|2018-06-14_2018-07-13|2018-07-12_2018-08-10|2018-09-13_2018-10-12|2019-01-16_2019-02-14|2019-02-15_2019-03-16|2019-04-12_2019-05-11|2019-11-15_2019-12-14|2020-03-13_2020-04-11|2020-10-15_2020-11-13|2020-11-14_2020-12-13|2021-02-18_2021-03-19|2021-10-15_2021-11-13|2021-12-15_2022-01-13|2022-02-16_2022-03-17|2022-04-14_2022-05-13|2022-09-15_2022-10-14|2022-11-16_2022-12-15|2023-04-14_2023-05-13|2023-06-15_2023-07-14|2023-07-14_2023-08-12|2023-09-15_2023-10-14|2023-11-16_2023-12-15|2023-12-14_2024-01-12|2024-03-15_2024-04-13|2024-06-14_2024-07-13|2024-08-14_2024-09-12|2024-11-15_2024-12-14|2025-05-16_2025-06-14|2026-01-31_2026-03-01|2018-02-16_2018-03-17|2024-09-13_2024-10-12|2025-01-15_2025-02-13
0.2,2,Core CPI m/m|PPI m/m,Neutral|Bad,8,4,4,50.0,50.0,1.0,2018-10-11_2018-11-09|2019-03-14_2019-04-12|2020-05-14_2020-06-12|2021-07-15_2021-08-13|2022-06-15_2022-07-14|2023-01-19_2023-02-17|2025-07-17_2025-08-15|2026-01-15_2026-02-13
0.2,2,Core CPI m/m|PPI m/m,Neutral|Good,8,4,4,50.0,50.0,1.0,2019-09-12_2019-10-11|2020-02-20_2020-03-20|2022-07-15_2022-08-13|2023-02-17_2023-03-18|2023-03-16_2023-04-14|2024-05-15_2024-06-13|2025-02-14_2025-03-15|2025-03-14_2025-04-12
0.2,2,Core CPI m/m|PPI m/m,Bad|Neutral,1,0,1,0.0,100.0,0.0,2020-08-12_2020-09-10
0.2,2,Core CPI m/m|PPI m/m,Bad|Bad,1,1,0,100.0,0.0,inf,2021-06-16_2021-07-15
0.3,2,Core CPI m/m|PPI m/m,Neutral|Neutral,38,24,14,63.2,36.8,1.71,2018-03-15_2018-04-13|2018-04-11_2018-05-10|2018-06-14_2018-07-13|2018-07-12_2018-08-10|2018-09-13_2018-10-12|2019-01-16_2019-02-14|2019-02-15_2019-03-16|2019-03-14_2019-04-12|2019-04-12_2019-05-11|2019-11-15_2019-12-14|2020-03-13_2020-04-11|2020-10-15_2020-11-13|2020-11-14_2020-12-13|2021-02-18_2021-03-19|2021-10-15_2021-11-13|2021-12-15_2022-01-13|2022-02-16_2022-03-17|2022-04-14_2022-05-13|2022-09-15_2022-10-14|2022-11-16_2022-12-15|2023-01-19_2023-02-17|2023-04-14_2023-05-13|2023-06-15_2023-07-14|2023-07-14_2023-08-12|2023-09-15_2023-10-14|2023-11-16_2023-12-15|2023-12-14_2024-01-12|2024-03-15_2024-04-13|2024-06-14_2024-07-13|2024-08-14_2024-09-12|2024-11-15_2024-12-14|2025-02-14_2025-03-15|2025-05-16_2025-06-14|2026-01-31_2026-03-01|2018-02-16_2018-03-17|2024-09-13_2024-10-12|2025-01-15_2025-02-13|2026-01-15_2026-02-13
0.3,2,Core CPI m/m|PPI m/m,Neutral|Bad,5,2,3,40.0,60.0,0.67,2018-10-11_2018-11-09|2020-05-14_2020-06-12|2021-07-15_2021-08-13|2022-06-15_2022-07-14|2025-07-17_2025-08-15
0.3,2,Core CPI m/m|PPI m/m,Neutral|Good,7,4,3,57.1,42.9,1.33,2019-09-12_2019-10-11|2020-02-20_2020-03-20|2022-07-15_2022-08-13|2023-02-17_2023-03-18|2023-03-16_2023-04-14|2024-05-15_2024-06-13|2025-03-14_2025-04-12
0.3,2,Core CPI m/m|PPI m/m,Bad|Neutral,1,0,1,0.0,100.0,0.0,2020-08-12_2020-09-10
0.3,2,Core CPI m/m|PPI m/m,Bad|Bad,1,1,0,100.0,0.0,inf,2021-06-16_2021-07-15
0.0,2,Core CPI m/m|Core PPI m/m,Neutral|Bad,9,5,4,55.6,44.4,1.25,2018-03-15_2018-04-13|2018-06-14_2018-07-13|2019-01-16_2019-02-14|2023-01-19_2023-02-17|2023-07-14_2023-08-12|2023-09-15_2023-10-14|2025-07-17_2025-08-15|2026-01-31_2026-03-01|2026-01-15_2026-02-13
0.0,2,Core CPI m/m|Core PPI m/m,Good|Neutral,4,3,1,75.0,25.0,3.0,2018-04-11_2018-05-10|2018-09-13_2018-10-12|2020-05-14_2020-06-12|2021-02-18_2021-03-19
0.0,2,Core CPI m/m|Core PPI m/m,Neutral|Good,7,3,4,42.9,57.1,0.75,2018-07-12_2018-08-10|2019-11-15_2019-12-14|2020-02-20_2020-03-20|2022-02-16_2022-03-17|2023-03-16_2023-04-14|2023-11-16_2023-12-15|2023-12-14_2024-01-12
0.0,2,Core CPI m/m|Core PPI m/m,Good|Bad,6,1,5,16.7,83.3,0.2,2018-10-11_2018-11-09|2019-03-14_2019-04-12|2020-03-13_2020-04-11|2021-07-15_2021-08-13|2022-11-16_2022-12-15|2024-06-14_2024-07-13
0.0,2,Core CPI m/m|Core PPI m/m,Good|Good,10,7,3,70.0,30.0,2.33,2019-02-15_2019-03-16|2019-04-12_2019-05-11|2019-09-12_2019-10-11|2020-10-15_2020-11-13|2022-07-15_2022-08-13|2023-06-15_2023-07-14|2024-05-15_2024-06-13|2025-02-14_2025-03-15|2025-03-14_2025-04-12|2025-05-16_2025-06-14
0.0,2,Core CPI m/m|Core PPI m/m,Bad|Bad,3,2,1,66.7,33.3,2.0,2020-08-12_2020-09-10|2021-06-16_2021-07-15|2024-08-14_2024-09-12
0.0,2,Core CPI m/m|Core PPI m/m,Bad|Good,5,5,0,100.0,0.0,inf,2020-11-14_2020-12-13|2021-10-15_2021-11-13|2022-04-14_2022-05-13|2022-06-15_2022-07-14|2023-02-17_2023-03-18
0.0,2,Core CPI m/m|Core PPI m/m,Bad|Neutral,6,3,3,50.0,50.0,1.0,2021-12-15_2022-01-13|2022-09-15_2022-10-14|2023-04-14_2023-05-13|2024-03-15_2024-04-13|2024-09-13_2024-10-12|2025-01-15_2025-02-13
0.0,2,Core CPI m/m|Core PPI m/m,Neutral|Neutral,2,2,0,100.0,0.0,inf,2024-11-15_2024-12-14|2018-02-16_2018-03-17
0.1,2,Core CPI m/m|Core PPI m/m,Neutral|Neutral,21,13,8,61.9,38.1,1.62,2018-03-15_2018-04-13|2018-04-11_2018-05-10|2018-06-14_2018-07-13|2018-07-12_2018-08-10|2018-09-13_2018-10-12|2019-01-16_2019-02-14|2019-02-15_2019-03-16|2019-03-14_2019-04-12|2019-04-12_2019-05-11|2020-05-14_2020-06-12|2020-11-14_2020-12-13|2021-02-18_2021-03-19|2021-12-15_2022-01-13|2023-06-15_2023-07-14|2023-07-14_2023-08-12|2023-09-15_2023-10-14|2024-08-14_2024-09-12|2024-11-15_2024-12-14|2018-02-16_2018-03-17|2024-09-13_2024-10-12|2025-01-15_2025-02-13
0.1,2,Core CPI m/m|Core PPI m/m,Neutral|Bad,7,4,3,57.1,42.9,1.33,2018-10-11_2018-11-09|2022-11-16_2022-12-15|2023-01-19_2023-02-17|2024-06-14_2024-07-13|2025-07-17_2025-08-15|2026-01-31_2026-03-01|2026-01-15_2026-02-13
0.1,2,Core CPI m/m|Core PPI m/m,Neutral|Good,10,4,6,40.0,60.0,0.67,2019-09-12_2019-10-11|2019-11-15_2019-12-14|2020-02-20_2020-03-20|2022-02-16_2022-03-17|2023-02-17_2023-03-18|2023-03-16_2023-04-14|2023-11-16_2023-12-15|2023-12-14_2024-01-12|2024-05-15_2024-06-13|2025-02-14_2025-03-15
0.1,2,Core CPI m/m|Core PPI m/m,Good|Bad,2,0,2,0.0,100.0,0.0,2020-03-13_2020-04-11|2021-07-15_2021-08-13
0.1,2,Core CPI m/m|Core PPI m/m,Bad|Bad,2,1,1,50.0,50.0,1.0,2020-08-12_2020-09-10|2021-06-16_2021-07-15
0.1,2,Core CPI m/m|Core PPI m/m,Good|Neutral,1,1,0,100.0,0.0,inf,2020-10-15_2020-11-13
0.1,2,Core CPI m/m|Core PPI m/m,Bad|Neutral,5,4,1,80.0,20.0,4.0,2021-10-15_2021-11-13|2022-06-15_2022-07-14|2022-09-15_2022-10-14|2023-04-14_2023-05-13|2024-03-15_2024-04-13
0.1,2,Core CPI m/m|Core PPI m/m,Bad|Good,1,1,0,100.0,0.0,inf,2022-04-14_2022-05-13
0.1,2,Core CPI m/m|Core PPI m/m,Good|Good,3,3,0,100.0,0.0,inf,2022-07-15_2022-08-13|2025-03-14_2025-04-12|2025-05-16_2025-06-14
0.2,2,Core CPI m/m|Core PPI m/m,Neutral|Neutral,36,23,13,63.9,36.1,1.77,2018-03-15_2018-04-13|2018-04-11_2018-05-10|2018-06-14_2018-07-13|2018-07-12_2018-08-10|2018-09-13_2018-10-12|2019-01-16_2019-02-14|2019-02-15_2019-03-16|2019-03-14_2019-04-12|2019-04-12_2019-05-11|2020-03-13_2020-04-11|2020-05-14_2020-06-12|2020-10-15_2020-11-13|2020-11-14_2020-12-13|2021-02-18_2021-03-19|2021-10-15_2021-11-13|2021-12-15_2022-01-13|2022-04-14_2022-05-13|2022-06-15_2022-07-14|2022-07-15_2022-08-13|2022-09-15_2022-10-14|2022-11-16_2022-12-15|2023-01-19_2023-02-17|2023-04-14_2023-05-13|2023-06-15_2023-07-14|2023-07-14_2023-08-12|2023-09-15_2023-10-14|2023-11-16_2023-12-15|2023-12-14_2024-01-12|2024-03-15_2024-04-13|2024-06-14_2024-07-13|2024-08-14_2024-09-12|2024-11-15_2024-12-14|2025-05-16_2025-06-14|2018-02-16_2018-03-17|2024-09-13_2024-10-12|2025-01-15_2025-02-13
0.2,2,Core CPI m/m|Core PPI m/m,Neutral|Bad,5,3,2,60.0,40.0,1.5,2018-10-11_2018-11-09|2021-07-15_2021-08-13|2025-07-17_2025-08-15|2026-01-31_2026-03-01|2026-01-15_2026-02-13
0.2,2,Core CPI m/m|Core PPI m/m,Neutral|Good,9,4,5,44.4,55.6,0.8,2019-09-12_2019-10-11|2019-11-15_2019-12-14|2020-02-20_2020-03-20|2022-02-16_2022-03-17|2023-02-17_2023-03-18|2023-03-16_2023-04-14|2024-05-15_2024-06-13|2025-02-14_2025-03-15|2025-03-14_2025-04-12
0.2,2,Core CPI m/m|Core PPI m/m,Bad|Neutral,1,0,1,0.0,100.0,0.0,2020-08-12_2020-09-10
0.2,2,Core CPI m/m|Core PPI m/m,Bad|Bad,1,1,0,100.0,0.0,inf,2021-06-16_2021-07-15
0.3,2,Core CPI m/m|Core PPI m/m,Neutral|Neutral,38,24,14,63.2,36.8,1.71,2018-03-15_2018-04-13|2018-04-11_2018-05-10|2018-06-14_2018-07-13|2018-07-12_2018-08-10|2018-09-13_2018-10-12|2018-10-11_2018-11-09|2019-01-16_2019-02-14|2019-02-15_2019-03-16|2019-03-14_2019-04-12|2019-04-12_2019-05-11|2020-03-13_2020-04-11|2020-05-14_2020-06-12|2020-10-15_2020-11-13|2020-11-14_2020-12-13|2021-02-18_2021-03-19|2021-10-15_2021-11-13|2021-12-15_2022-01-13|2022-04-14_2022-05-13|2022-06-15_2022-07-14|2022-07-15_2022-08-13|2022-09-15_2022-10-14|2022-11-16_2022-12-15|2023-01-19_2023-02-17|2023-04-14_2023-05-13|2023-06-15_2023-07-14|2023-07-14_2023-08-12|2023-09-15_2023-10-14|2023-11-16_2023-12-15|2023-12-14_2024-01-12|2024-03-15_2024-04-13|2024-05-15_2024-06-13|2024-06-14_2024-07-13|2024-08-14_2024-09-12|2024-11-15_2024-12-14|2025-05-16_2025-06-14|2018-02-16_2018-03-17|2024-09-13_2024-10-12|2025-01-15_2025-02-13
0.3,2,Core CPI m/m|Core PPI m/m,Neutral|Good,8,4,4,50.0,50.0,1.0,2019-09-12_2019-10-11|2019-11-15_2019-12-14|2020-02-20_2020-03-20|2022-02-16_2022-03-17|2023-02-17_2023-03-18|2023-03-16_2023-04-14|2025-02-14_2025-03-15|2025-03-14_2025-04-12
0.3,2,Core CPI m/m|Core PPI m/m,Bad|Neutral,1,0,1,0.0,100.0,0.0,2020-08-12_2020-09-10
0.3,2,Core CPI m/m|Core PPI m/m,Bad|Bad,1,1,0,100.0,0.0,inf,2021-06-16_2021-07-15
0.3,2,Core CPI m/m|Core PPI m/m,Neutral|Bad,4,2,2,50.0,50.0,1.0,2021-07-15_2021-08-13|2025-07-17_2025-08-15|2026-01-31_2026-03-01|2026-01-15_2026-02-13
0.0,2,Core CPI m/m|FOMC,Neutral|Neutral,6,3,3,50.0,50.0,1.0,2023-03-16_2023-04-14|2023-07-14_2023-08-12|2023-09-15_2023-10-14|2023-10-12_2023-11-10|2023-11-16_2023-12-15|2023-12-14_2024-01-12
0.0,2,Core CPI m/m|FOMC,Bad|Neutral,2,1,1,50.0,50.0,1.0,2023-04-14_2023-05-13|2025-01-15_2025-02-13
0.0,2,Core CPI m/m|FOMC,Good|Neutral,1,0,1,0.0,100.0,0.0,2024-05-15_2024-06-13
0.0,2,Core CPI m/m|FOMC,Bad|Good,1,0,1,0.0,100.0,0.0,2024-09-13_2024-10-12
0.1,2,Core CPI m/m|FOMC,Neutral|Neutral,8,3,5,37.5,62.5,0.6,2023-03-16_2023-04-14|2023-07-14_2023-08-12|2023-09-15_2023-10-14|2023-10-12_2023-11-10|2023-11-16_2023-12-15|2023-12-14_2024-01-12|2024-05-15_2024-06-13|2025-01-15_2025-02-13
0.1,2,Core CPI m/m|FOMC,Bad|Neutral,1,1,0,100.0,0.0,inf,2023-04-14_2023-05-13
0.1,2,Core CPI m/m|FOMC,Neutral|Good,1,0,1,0.0,100.0,0.0,2024-09-13_2024-10-12
0.2,2,Core CPI m/m|FOMC,Neutral|Neutral,9,4,5,44.4,55.6,0.8,2023-03-16_2023-04-14|2023-04-14_2023-05-13|2023-07-14_2023-08-12|2023-09-15_2023-10-14|2023-10-12_2023-11-10|2023-11-16_2023-12-15|2023-12-14_2024-01-12|2024-05-15_2024-06-13|2025-01-15_2025-02-13
0.2,2,Core CPI m/m|FOMC,Neutral|Good,1,0,1,0.0,100.0,0.0,2024-09-13_2024-10-12
0.3,2,Core CPI m/m|FOMC,Neutral|Neutral,10,4,6,40.0,60.0,0.67,2023-03-16_2023-04-14|2023-04-14_2023-05-13|2023-07-14_2023-08-12|2023-09-15_2023-10-14|2023-10-12_2023-11-10|2023-11-16_2023-12-15|2023-12-14_2024-01-12|2024-05-15_2024-06-13|2024-09-13_2024-10-12|2025-01-15_2025-02-13
0.0,2,Core CPI m/m|CPI y/y,Bad|Neutral,5,5,0,100.0,0.0,inf,2018-01-12_2018-02-10|2020-07-11_2020-08-09|2020-11-14_2020-12-13|2021-12-15_2022-01-13|2023-02-17_2023-03-18
0.0,2,Core CPI m/m|CPI y/y,Neutral|Neutral,11,5,6,45.5,54.5,0.83,2018-03-15_2018-04-13|2018-06-14_2018-07-13|2018-07-12_2018-08-10|2018-08-10_2018-09-08|2018-11-10_2018-12-09|2022-02-16_2022-03-17|2023-11-16_2023-12-15|2024-11-15_2024-12-14|2025-09-11_2025-10-10|2018-02-16_2018-03-17|2018-12-12_2019-01-10
0.0,2,Core CPI m/m|CPI y/y,Good|Neutral,5,5,0,100.0,0.0,inf,2018-04-11_2018-05-10|2018-05-10_2018-06-08|2021-01-16_2021-02-14|2021-02-18_2021-03-19|2021-09-11_2021-10-10
0.0,2,Core CPI m/m|CPI y/y,Good|Good,22,13,9,59.1,40.9,1.44,2018-09-13_2018-10-12|2018-10-11_2018-11-09|2019-02-15_2019-03-16|2019-04-12_2019-05-11|2019-05-10_2019-06-08|2019-06-12_2019-07-11|2019-09-12_2019-10-11|2019-10-09_2019-11-07|2020-03-13_2020-04-11|2020-04-10_2020-05-09|2020-05-14_2020-06-12|2020-10-15_2020-11-13|2022-07-15_2022-08-13|2022-10-13_2022-11-11|2022-11-16_2022-12-15|2022-12-10_2023-01-08|2023-06-15_2023-07-14|2024-05-15_2024-06-13|2024-06-14_2024-07-13|2025-02-14_2025-03-15|2025-03-14_2025-04-12|2025-05-16_2025-06-14
0.0,2,Core CPI m/m|CPI y/y,Neutral|Bad,8,5,3,62.5,37.5,1.67,2019-01-16_2019-02-14|2019-11-15_2019-12-14|2020-02-20_2020-03-20|2023-01-19_2023-02-17|2023-09-15_2023-10-14|2023-10-12_2023-11-10|2023-12-14_2024-01-12|2020-01-16_2020-02-14
0.0,2,Core CPI m/m|CPI y/y,Good|Bad,2,0,2,0.0,100.0,0.0,2019-03-14_2019-04-12|2021-07-15_2021-08-13
0.0,2,Core CPI m/m|CPI y/y,Bad|Bad,15,8,7,53.3,46.7,1.14,2019-08-10_2019-09-08|2020-08-12_2020-09-10|2020-09-11_2020-10-10|2021-04-10_2021-05-09|2021-06-16_2021-07-15|2021-10-15_2021-11-13|2021-11-10_2021-12-09|2022-01-14_2022-02-12|2022-04-14_2022-05-13|2022-05-13_2022-06-11|2022-06-15_2022-07-14|2022-09-15_2022-10-14|2024-03-15_2024-04-13|2024-09-13_2024-10-12|2025-01-15_2025-02-13
0.0,2,Core CPI m/m|CPI y/y,Neutral|Good,5,3,2,60.0,40.0,1.5,2023-03-16_2023-04-14|2023-07-14_2023-08-12|2025-07-17_2025-08-15|2026-01-31_2026-03-01|2026-01-15_2026-02-13
0.0,2,Core CPI m/m|CPI y/y,Bad|Good,2,2,0,100.0,0.0,inf,2023-04-14_2023-05-13|2024-08-14_2024-09-12
0.1,2,Core CPI m/m|CPI y/y,Neutral|Neutral,30,19,11,63.3,36.7,1.73,2018-01-12_2018-02-10|2018-03-15_2018-04-13|2018-04-11_2018-05-10|2018-05-10_2018-06-08|2018-06-14_2018-07-13|2018-07-12_2018-08-10|2018-08-10_2018-09-08|2018-09-13_2018-10-12|2018-11-10_2018-12-09|2019-03-14_2019-04-12|2019-06-12_2019-07-11|2020-02-20_2020-03-20|2020-07-11_2020-08-09|2020-11-14_2020-12-13|2021-02-18_2021-03-19|2021-12-15_2022-01-13|2022-02-16_2022-03-17|2022-10-13_2022-11-11|2023-02-17_2023-03-18|2023-03-16_2023-04-14|2023-07-14_2023-08-12|2023-11-16_2023-12-15|2024-05-15_2024-06-13|2024-08-14_2024-09-12|2024-11-15_2024-12-14|2025-07-17_2025-08-15|2025-09-11_2025-10-10|2018-02-16_2018-03-17|2018-12-12_2019-01-10|2025-01-15_2025-02-13
0.1,2,Core CPI m/m|CPI y/y,Neutral|Good,14,7,7,50.0,50.0,1.0,2018-10-11_2018-11-09|2019-02-15_2019-03-16|2019-04-12_2019-05-11|2019-05-10_2019-06-08|2019-09-12_2019-10-11|2019-10-09_2019-11-07|2020-05-14_2020-06-12|2022-11-16_2022-12-15|2022-12-10_2023-01-08|2023-06-15_2023-07-14|2024-06-14_2024-07-13|2025-02-14_2025-03-15|2026-01-31_2026-03-01|2026-01-15_2026-02-13
0.1,2,Core CPI m/m|CPI y/y,Neutral|Bad,12,5,7,41.7,58.3,0.71,2019-01-16_2019-02-14|2019-08-10_2019-09-08|2019-11-15_2019-12-14|2021-04-10_2021-05-09|2022-01-14_2022-02-12|2022-05-13_2022-06-11|2023-01-19_2023-02-17|2023-09-15_2023-10-14|2023-10-12_2023-11-10|2023-12-14_2024-01-12|2020-01-16_2020-02-14|2024-09-13_2024-10-12
0.1,2,Core CPI m/m|CPI y/y,Good|Good,6,5,1,83.3,16.7,5.0,2020-03-13_2020-04-11|2020-04-10_2020-05-09|2020-10-15_2020-11-13|2022-07-15_2022-08-13|2025-03-14_2025-04-12|2025-05-16_2025-06-14
0.1,2,Core CPI m/m|CPI y/y,Bad|Bad,8,6,2,75.0,25.0,3.0,2020-08-12_2020-09-10|2020-09-11_2020-10-10|2021-06-16_2021-07-15|2021-10-15_2021-11-13|2021-11-10_2021-12-09|2022-04-14_2022-05-13|2022-06-15_2022-07-14|2024-03-15_2024-04-13
0.1,2,Core CPI m/m|CPI y/y,Good|Neutral,2,2,0,100.0,0.0,inf,2021-01-16_2021-02-14|2021-09-11_2021-10-10
0.1,2,Core CPI m/m|CPI y/y,Good|Bad,1,0,1,0.0,100.0,0.0,2021-07-15_2021-08-13
0.1,2,Core CPI m/m|CPI y/y,Bad|Neutral,2,2,0,100.0,0.0,inf,2022-09-15_2022-10-14|2023-04-14_2023-05-13
0.2,2,Core CPI m/m|CPI y/y,Neutral|Neutral,64,39,25,60.9,39.1,1.56,2018-01-12_2018-02-10|2018-03-15_2018-04-13|2018-04-11_2018-05-10|2018-05-10_2018-06-08|2018-06-14_2018-07-13|2018-07-12_2018-08-10|2018-08-10_2018-09-08|2018-09-13_2018-10-12|2018-10-11_2018-11-09|2018-11-10_2018-12-09|2019-01-16_2019-02-14|2019-02-15_2019-03-16|2019-03-14_2019-04-12|2019-04-12_2019-05-11|2019-05-10_2019-06-08|2019-06-12_2019-07-11|2019-08-10_2019-09-08|2019-09-12_2019-10-11|2019-10-09_2019-11-07|2019-11-15_2019-12-14|2020-02-20_2020-03-20|2020-03-13_2020-04-11|2020-04-10_2020-05-09|2020-05-14_2020-06-12|2020-07-11_2020-08-09|2020-09-11_2020-10-10|2020-10-15_2020-11-13|2020-11-14_2020-12-13|2021-01-16_2021-02-14|2021-02-18_2021-03-19|2021-04-10_2021-05-09|2021-07-15_2021-08-13|2021-09-11_2021-10-10|2021-12-15_2022-01-13|2022-02-16_2022-03-17|2022-07-15_2022-08-13|2022-09-15_2022-10-14|2022-10-13_2022-11-11|2023-02-17_2023-03-18|2023-03-16_2023-04-14|2023-04-14_2023-05-13|2023-06-15_2023-07-14|2023-07-14_2023-08-12|2023-09-15_2023-10-14|2023-10-12_2023-11-10|2023-11-16_2023-12-15|2023-12-14_2024-01-12|2024-03-15_2024-04-13|2024-05-15_2024-06-13|2024-06-14_2024-07-13|2024-08-14_2024-09-12|2024-11-15_2024-12-14|2025-02-14_2025-03-15|2025-03-14_2025-04-12|2025-05-16_2025-06-14|2025-07-17_2025-08-15|2025-09-11_2025-10-10|2026-01-31_2026-03-01|2018-02-16_2018-03-17|2018-12-12_2019-01-10|2020-01-16_2020-02-14|2024-09-13_2024-10-12|2025-01-15_2025-02-13|2026-01-15_2026-02-13
0.2,2,Core CPI m/m|CPI y/y,Bad|Bad,2,1,1,50.0,50.0,1.0,2020-08-12_2020-09-10|2021-06-16_2021-07-15
0.2,2,Core CPI m/m|CPI y/y,Neutral|Bad,7,5,2,71.4,28.6,2.5,2021-10-15_2021-11-13|2021-11-10_2021-12-09|2022-01-14_2022-02-12|2022-04-14_2022-05-13|2022-05-13_2022-06-11|2022-06-15_2022-07-14|2023-01-19_2023-02-17
0.2,2,Core CPI m/m|CPI y/y,Neutral|Good,2,1,1,50.0,50.0,1.0,2022-11-16_2022-12-15|2022-12-10_2023-01-08
0.3,2,Core CPI m/m|CPI y/y,Neutral|Neutral,72,44,28,61.1,38.9,1.57,2018-01-12_2018-02-10|2018-03-15_2018-04-13|2018-04-11_2018-05-10|2018-05-10_2018-06-08|2018-06-14_2018-07-13|2018-07-12_2018-08-10|2018-08-10_2018-09-08|2018-09-13_2018-10-12|2018-10-11_2018-11-09|2018-11-10_2018-12-09|2019-01-16_2019-02-14|2019-02-15_2019-03-16|2019-03-14_2019-04-12|2019-04-12_2019-05-11|2019-05-10_2019-06-08|2019-06-12_2019-07-11|2019-08-10_2019-09-08|2019-09-12_2019-10-11|2019-10-09_2019-11-07|2019-11-15_2019-12-14|2020-02-20_2020-03-20|2020-03-13_2020-04-11|2020-04-10_2020-05-09|2020-05-14_2020-06-12|2020-07-11_2020-08-09|2020-09-11_2020-10-10|2020-10-15_2020-11-13|2020-11-14_2020-12-13|2021-01-16_2021-02-14|2021-02-18_2021-03-19|2021-04-10_2021-05-09|2021-07-15_2021-08-13|2021-09-11_2021-10-10|2021-10-15_2021-11-13|2021-11-10_2021-12-09|2021-12-15_2022-01-13|2022-01-14_2022-02-12|2022-02-16_2022-03-17|2022-04-14_2022-05-13|2022-05-13_2022-06-11|2022-07-15_2022-08-13|2022-09-15_2022-10-14|2022-10-13_2022-11-11|2022-11-16_2022-12-15|2022-12-10_2023-01-08|2023-01-19_2023-02-17|2023-02-17_2023-03-18|2023-03-16_2023-04-14|2023-04-14_2023-05-13|2023-06-15_2023-07-14|2023-07-14_2023-08-12|2023-09-15_2023-10-14|2023-10-12_2023-11-10|2023-11-16_2023-12-15|2023-12-14_2024-01-12|2024-03-15_2024-04-13|2024-05-15_2024-06-13|2024-06-14_2024-07-13|2024-08-14_2024-09-12|2024-11-15_2024-12-14|2025-02-14_2025-03-15|2025-03-14_2025-04-12|2025-05-16_2025-06-14|2025-07-17_2025-08-15|2025-09-11_2025-10-10|2026-01-31_2026-03-01|2018-02-16_2018-03-17|2018-12-12_2019-01-10|2020-01-16_2020-02-14|2024-09-13_2024-10-12|2025-01-15_2025-02-13|2026-01-15_2026-02-13
0.3,2,Core CPI m/m|CPI y/y,Bad|Bad,2,1,1,50.0,50.0,1.0,2020-08-12_2020-09-10|2021-06-16_2021-07-15
0.3,2,Core CPI m/m|CPI y/y,Neutral|Bad,1,1,0,100.0,0.0,inf,2022-06-15_2022-07-14
0.0,2,PPI m/m|Core PPI m/m,Bad|Bad,19,10,9,52.6,47.4,1.11,2018-03-15_2018-04-13|2018-06-14_2018-07-13|2018-10-11_2018-11-09|2019-03-14_2019-04-12|2020-03-13_2020-04-11|2020-08-12_2020-09-10|2021-03-13_2021-04-11|2021-06-16_2021-07-15|2021-07-15_2021-08-13|2021-08-13_2021-09-11|2022-11-16_2022-12-15|2023-01-19_2023-02-17|2023-07-14_2023-08-12|2023-09-15_2023-10-14|2024-06-14_2024-07-13|2024-08-14_2024-09-12|2025-07-17_2025-08-15|2026-01-31_2026-03-01|2026-01-15_2026-02-13
0.0,2,PPI m/m|Core PPI m/m,Good|Neutral,5,3,2,60.0,40.0,1.5,2018-04-11_2018-05-10|2021-12-15_2022-01-13|2023-04-14_2023-05-13|2024-03-15_2024-04-13|2024-09-13_2024-10-12
0.0,2,PPI m/m|Core PPI m/m,Good|Good,16,10,6,62.5,37.5,1.67,2018-07-12_2018-08-10|2019-02-15_2019-03-16|2019-09-12_2019-10-11|2019-11-15_2019-12-14|2020-02-20_2020-03-20|2020-06-12_2020-07-11|2022-02-16_2022-03-17|2022-07-15_2022-08-13|2023-02-17_2023-03-18|2023-03-16_2023-04-14|2023-06-15_2023-07-14|2023-12-14_2024-01-12|2024-05-15_2024-06-13|2025-02-14_2025-03-15|2025-03-14_2025-04-12|2025-05-16_2025-06-14
0.0,2,PPI m/m|Core PPI m/m,Neutral|Neutral,1,1,0,100.0,0.0,inf,2018-09-13_2018-10-12
0.0,2,PPI m/m|Core PPI m/m,Good|Bad,1,0,1,0.0,100.0,0.0,2019-01-16_2019-02-14
0.0,2,PPI m/m|Core PPI m/m,Neutral|Good,6,4,2,66.7,33.3,2.0,2019-04-12_2019-05-11|2019-07-13_2019-08-11|2020-11-14_2020-12-13|2021-10-15_2021-11-13|2022-04-14_2022-05-13|2023-11-16_2023-12-15
0.0,2,PPI m/m|Core PPI m/m,Bad|Neutral,6,4,2,66.7,33.3,2.0,2020-05-14_2020-06-12|2021-02-18_2021-03-19|2022-09-15_2022-10-14|2024-11-15_2024-12-14|2018-02-16_2018-03-17|2025-01-15_2025-02-13
0.0,2,PPI m/m|Core PPI m/m,Bad|Good,2,2,0,100.0,0.0,inf,2020-10-15_2020-11-13|2022-06-15_2022-07-14
0.1,2,PPI m/m|Core PPI m/m,Bad|Neutral,8,3,5,37.5,62.5,0.6,2018-03-15_2018-04-13|2019-03-14_2019-04-12|2020-05-14_2020-06-12|2022-06-15_2022-07-14|2022-09-15_2022-10-14|2023-09-15_2023-10-14|2024-11-15_2024-12-14|2025-01-15_2025-02-13
0.1,2,PPI m/m|Core PPI m/m,Neutral|Neutral,17,15,2,88.2,11.8,7.5,2018-04-11_2018-05-10|2018-06-14_2018-07-13|2018-09-13_2018-10-12|2019-02-15_2019-03-16|2019-04-12_2019-05-11|2020-10-15_2020-11-13|2020-11-14_2020-12-13|2021-02-18_2021-03-19|2021-08-13_2021-09-11|2021-10-15_2021-11-13|2023-04-14_2023-05-13|2023-06-15_2023-07-14|2023-07-14_2023-08-12|2024-03-15_2024-04-13|2024-08-14_2024-09-12|2018-02-16_2018-03-17|2024-09-13_2024-10-12
0.1,2,PPI m/m|Core PPI m/m,Good|Neutral,3,1,2,33.3,66.7,0.5,2018-07-12_2018-08-10|2019-01-16_2019-02-14|2021-12-15_2022-01-13
0.1,2,PPI m/m|Core PPI m/m,Bad|Bad,8,6,2,75.0,25.0,3.0,2018-10-11_2018-11-09|2021-03-13_2021-04-11|2021-06-16_2021-07-15|2021-07-15_2021-08-13|2023-01-19_2023-02-17|2025-07-17_2025-08-15|2026-01-31_2026-03-01|2026-01-15_2026-02-13
0.1,2,PPI m/m|Core PPI m/m,Neutral|Good,4,2,2,50.0,50.0,1.0,2019-07-13_2019-08-11|2022-04-14_2022-05-13|2023-11-16_2023-12-15|2025-05-16_2025-06-14
0.1,2,PPI m/m|Core PPI m/m,Good|Good,12,7,5,58.3,41.7,1.4,2019-09-12_2019-10-11|2019-11-15_2019-12-14|2020-02-20_2020-03-20|2020-06-12_2020-07-11|2022-02-16_2022-03-17|2022-07-15_2022-08-13|2023-02-17_2023-03-18|2023-03-16_2023-04-14|2023-12-14_2024-01-12|2024-05-15_2024-06-13|2025-02-14_2025-03-15|2025-03-14_2025-04-12
0.1,2,PPI m/m|Core PPI m/m,Neutral|Bad,4,0,4,0.0,100.0,0.0,2020-03-13_2020-04-11|2020-08-12_2020-09-10|2022-11-16_2022-12-15|2024-06-14_2024-07-13
0.2,2,PPI m/m|Core PPI m/m,Neutral|Neutral,33,21,12,63.6,36.4,1.75,2018-03-15_2018-04-13|2018-04-11_2018-05-10|2018-06-14_2018-07-13|2018-07-12_2018-08-10|2018-09-13_2018-10-12|2019-01-16_2019-02-14|2019-02-15_2019-03-16|2019-04-12_2019-05-11|2020-03-13_2020-04-11|2020-08-12_2020-09-10|2020-10-15_2020-11-13|2020-11-14_2020-12-13|2021-02-18_2021-03-19|2021-08-13_2021-09-11|2021-10-15_2021-11-13|2021-12-15_2022-01-13|2022-04-14_2022-05-13|2022-09-15_2022-10-14|2022-11-16_2022-12-15|2023-04-14_2023-05-13|2023-06-15_2023-07-14|2023-07-14_2023-08-12|2023-09-15_2023-10-14|2023-11-16_2023-12-15|2023-12-14_2024-01-12|2024-03-15_2024-04-13|2024-06-14_2024-07-13|2024-08-14_2024-09-12|2024-11-15_2024-12-14|2025-05-16_2025-06-14|2018-02-16_2018-03-17|2024-09-13_2024-10-12|2025-01-15_2025-02-13
0.2,2,PPI m/m|Core PPI m/m,Bad|Bad,6,4,2,66.7,33.3,2.0,2018-10-11_2018-11-09|2021-03-13_2021-04-11|2021-06-16_2021-07-15|2021-07-15_2021-08-13|2025-07-17_2025-08-15|2026-01-15_2026-02-13
0.2,2,PPI m/m|Core PPI m/m,Bad|Neutral,4,2,2,50.0,50.0,1.0,2019-03-14_2019-04-12|2020-05-14_2020-06-12|2022-06-15_2022-07-14|2023-01-19_2023-02-17
0.2,2,PPI m/m|Core PPI m/m,Neutral|Good,3,1,2,33.3,66.7,0.5,2019-07-13_2019-08-11|2019-11-15_2019-12-14|2022-02-16_2022-03-17
0.2,2,PPI m/m|Core PPI m/m,Good|Good,8,4,4,50.0,50.0,1.0,2019-09-12_2019-10-11|2020-02-20_2020-03-20|2020-06-12_2020-07-11|2023-02-17_2023-03-18|2023-03-16_2023-04-14|2024-05-15_2024-06-13|2025-02-14_2025-03-15|2025-03-14_2025-04-12
0.2,2,PPI m/m|Core PPI m/m,Good|Neutral,1,1,0,100.0,0.0,inf,2022-07-15_2022-08-13
0.2,2,PPI m/m|Core PPI m/m,Neutral|Bad,1,1,0,100.0,0.0,inf,2026-01-31_2026-03-01
0.3,2,PPI m/m|Core PPI m/m,Neutral|Neutral,35,22,13,62.9,37.1,1.69,2018-03-15_2018-04-13|2018-04-11_2018-05-10|2018-06-14_2018-07-13|2018-07-12_2018-08-10|2018-09-13_2018-10-12|2019-01-16_2019-02-14|2019-02-15_2019-03-16|2019-03-14_2019-04-12|2019-04-12_2019-05-11|2020-03-13_2020-04-11|2020-08-12_2020-09-10|2020-10-15_2020-11-13|2020-11-14_2020-12-13|2021-02-18_2021-03-19|2021-08-13_2021-09-11|2021-10-15_2021-11-13|2021-12-15_2022-01-13|2022-04-14_2022-05-13|2022-09-15_2022-10-14|2022-11-16_2022-12-15|2023-01-19_2023-02-17|2023-04-14_2023-05-13|2023-06-15_2023-07-14|2023-07-14_2023-08-12|2023-09-15_2023-10-14|2023-11-16_2023-12-15|2023-12-14_2024-01-12|2024-03-15_2024-04-13|2024-06-14_2024-07-13|2024-08-14_2024-09-12|2024-11-15_2024-12-14|2025-05-16_2025-06-14|2018-02-16_2018-03-17|2024-09-13_2024-10-12|2025-01-15_2025-02-13
0.3,2,PPI m/m|Core PPI m/m,Bad|Neutral,3,2,1,66.7,33.3,2.0,2018-10-11_2018-11-09|2020-05-14_2020-06-12|2022-06-15_2022-07-14
0.3,2,PPI m/m|Core PPI m/m,Neutral|Good,4,1,3,25.0,75.0,0.33,2019-07-13_2019-08-11|2019-11-15_2019-12-14|2022-02-16_2022-03-17|2025-02-14_2025-03-15
0.3,2,PPI m/m|Core PPI m/m,Good|Good,6,4,2,66.7,33.3,2.0,2019-09-12_2019-10-11|2020-02-20_2020-03-20|2020-06-12_2020-07-11|2023-02-17_2023-03-18|2023-03-16_2023-04-14|2025-03-14_2025-04-12
0.3,2,PPI m/m|Core PPI m/m,Bad|Bad,4,2,2,50.0,50.0,1.0,2021-03-13_2021-04-11|2021-06-16_2021-07-15|2021-07-15_2021-08-13|2025-07-17_2025-08-15
0.3,2,PPI m/m|Core PPI m/m,Good|Neutral,2,1,1,50.0,50.0,1.0,2022-07-15_2022-08-13|2024-05-15_2024-06-13
0.3,2,PPI m/m|Core PPI m/m,Neutral|Bad,2,2,0,100.0,0.0,inf,2026-01-31_2026-03-01|2026-01-15_2026-02-13
0.0,2,PPI m/m|FOMC,Good|Neutral,4,2,2,50.0,50.0,1.0,2023-03-16_2023-04-14|2023-04-14_2023-05-13|2023-12-14_2024-01-12|2024-05-15_2024-06-13
0.0,2,PPI m/m|FOMC,Bad|Neutral,3,1,2,33.3,66.7,0.5,2023-07-14_2023-08-12|2023-09-15_2023-10-14|2025-01-15_2025-02-13
0.0,2,PPI m/m|FOMC,Neutral|Neutral,1,0,1,0.0,100.0,0.0,2023-11-16_2023-12-15
0.0,2,PPI m/m|FOMC,Good|Good,1,0,1,0.0,100.0,0.0,2024-09-13_2024-10-12
0.1,2,PPI m/m|FOMC,Good|Neutral,3,1,2,33.3,66.7,0.5,2023-03-16_2023-04-14|2023-12-14_2024-01-12|2024-05-15_2024-06-13
0.1,2,PPI m/m|FOMC,Neutral|Neutral,3,2,1,66.7,33.3,2.0,2023-04-14_2023-05-13|2023-07-14_2023-08-12|2023-11-16_2023-12-15
0.1,2,PPI m/m|FOMC,Bad|Neutral,2,0,2,0.0,100.0,0.0,2023-09-15_2023-10-14|2025-01-15_2025-02-13
0.1,2,PPI m/m|FOMC,Neutral|Good,1,0,1,0.0,100.0,0.0,2024-09-13_2024-10-12
0.2,2,PPI m/m|FOMC,Good|Neutral,2,0,2,0.0,100.0,0.0,2023-03-16_2023-04-14|2024-05-15_2024-06-13
0.2,2,PPI m/m|FOMC,Neutral|Neutral,6,3,3,50.0,50.0,1.0,2023-04-14_2023-05-13|2023-07-14_2023-08-12|2023-09-15_2023-10-14|2023-11-16_2023-12-15|2023-12-14_2024-01-12|2025-01-15_2025-02-13
0.2,2,PPI m/m|FOMC,Neutral|Good,1,0,1,0.0,100.0,0.0,2024-09-13_2024-10-12
0.3,2,PPI m/m|FOMC,Good|Neutral,2,0,2,0.0,100.0,0.0,2023-03-16_2023-04-14|2024-05-15_2024-06-13
0.3,2,PPI m/m|FOMC,Neutral|Neutral,7,3,4,42.9,57.1,0.75,2023-04-14_2023-05-13|2023-07-14_2023-08-12|2023-09-15_2023-10-14|2023-11-16_2023-12-15|2023-12-14_2024-01-12|2024-09-13_2024-10-12|2025-01-15_2025-02-13
0.0,2,PPI m/m|CPI y/y,Bad|Neutral,5,4,1,80.0,20.0,4.0,2018-03-15_2018-04-13|2018-06-14_2018-07-13|2021-02-18_2021-03-19|2024-11-15_2024-12-14|2018-02-16_2018-03-17
0.0,2,PPI m/m|CPI y/y,Good|Neutral,5,3,2,60.0,40.0,1.5,2018-04-11_2018-05-10|2018-07-12_2018-08-10|2021-12-15_2022-01-13|2022-02-16_2022-03-17|2023-02-17_2023-03-18
0.0,2,PPI m/m|CPI y/y,Neutral|Good,2,2,0,100.0,0.0,inf,2018-09-13_2018-10-12|2019-04-12_2019-05-11
0.0,2,PPI m/m|CPI y/y,Bad|Good,11,6,5,54.5,45.5,1.2,2018-10-11_2018-11-09|2020-03-13_2020-04-11|2020-05-14_2020-06-12|2020-10-15_2020-11-13|2022-11-16_2022-12-15|2023-07-14_2023-08-12|2024-06-14_2024-07-13|2024-08-14_2024-09-12|2025-07-17_2025-08-15|2026-01-31_2026-03-01|2026-01-15_2026-02-13
0.0,2,PPI m/m|CPI y/y,Good|Bad,6,3,3,50.0,50.0,1.0,2019-01-16_2019-02-14|2019-11-15_2019-12-14|2020-02-20_2020-03-20|2023-12-14_2024-01-12|2024-03-15_2024-04-13|2024-09-13_2024-10-12
0.0,2,PPI m/m|CPI y/y,Good|Good,10,6,4,60.0,40.0,1.5,2019-02-15_2019-03-16|2019-09-12_2019-10-11|2022-07-15_2022-08-13|2023-03-16_2023-04-14|2023-04-14_2023-05-13|2023-06-15_2023-07-14|2024-05-15_2024-06-13|2025-02-14_2025-03-15|2025-03-14_2025-04-12|2025-05-16_2025-06-14
0.0,2,PPI m/m|CPI y/y,Bad|Bad,9,4,5,44.4,55.6,0.8,2019-03-14_2019-04-12|2020-08-12_2020-09-10|2021-06-16_2021-07-15|2021-07-15_2021-08-13|2022-06-15_2022-07-14|2022-09-15_2022-10-14|2023-01-19_2023-02-17|2023-09-15_2023-10-14|2025-01-15_2025-02-13
0.0,2,PPI m/m|CPI y/y,Neutral|Neutral,2,1,1,50.0,50.0,1.0,2020-11-14_2020-12-13|2023-11-16_2023-12-15
0.0,2,PPI m/m|CPI y/y,Neutral|Bad,2,2,0,100.0,0.0,inf,2021-10-15_2021-11-13|2022-04-14_2022-05-13
0.1,2,PPI m/m|CPI y/y,Bad|Neutral,6,2,4,33.3,66.7,0.5,2018-03-15_2018-04-13|2019-03-14_2019-04-12|2022-09-15_2022-10-14|2024-11-15_2024-12-14|2025-07-17_2025-08-15|2025-01-15_2025-02-13
0.1,2,PPI m/m|CPI y/y,Neutral|Neutral,10,9,1,90.0,10.0,9.0,2018-04-11_2018-05-10|2018-06-14_2018-07-13|2018-09-13_2018-10-12|2020-11-14_2020-12-13|2021-02-18_2021-03-19|2023-04-14_2023-05-13|2023-07-14_2023-08-12|2023-11-16_2023-12-15|2024-08-14_2024-09-12|2018-02-16_2018-03-17
0.1,2,PPI m/m|CPI y/y,Good|Neutral,7,3,4,42.9,57.1,0.75,2018-07-12_2018-08-10|2020-02-20_2020-03-20|2021-12-15_2022-01-13|2022-02-16_2022-03-17|2023-02-17_2023-03-18|2023-03-16_2023-04-14|2024-05-15_2024-06-13
0.1,2,PPI m/m|CPI y/y,Bad|Good,4,3,1,75.0,25.0,3.0,2018-10-11_2018-11-09|2020-05-14_2020-06-12|2026-01-31_2026-03-01|2026-01-15_2026-02-13
0.1,2,PPI m/m|CPI y/y,Good|Bad,3,2,1,66.7,33.3,2.0,2019-01-16_2019-02-14|2019-11-15_2019-12-14|2023-12-14_2024-01-12
0.1,2,PPI m/m|CPI y/y,Neutral|Good,8,5,3,62.5,37.5,1.67,2019-02-15_2019-03-16|2019-04-12_2019-05-11|2020-03-13_2020-04-11|2020-10-15_2020-11-13|2022-11-16_2022-12-15|2023-06-15_2023-07-14|2024-06-14_2024-07-13|2025-05-16_2025-06-14
0.1,2,PPI m/m|CPI y/y,Good|Good,4,2,2,50.0,50.0,1.0,2019-09-12_2019-10-11|2022-07-15_2022-08-13|2025-02-14_2025-03-15|2025-03-14_2025-04-12
0.1,2,PPI m/m|CPI y/y,Neutral|Bad,5,2,3,40.0,60.0,0.67,2020-08-12_2020-09-10|2021-10-15_2021-11-13|2022-04-14_2022-05-13|2024-03-15_2024-04-13|2024-09-13_2024-10-12
0.1,2,PPI m/m|CPI y/y,Bad|Bad,5,3,2,60.0,40.0,1.5,2021-06-16_2021-07-15|2021-07-15_2021-08-13|2022-06-15_2022-07-14|2023-01-19_2023-02-17|2023-09-15_2023-10-14
0.2,2,PPI m/m|CPI y/y,Neutral|Neutral,31,20,11,64.5,35.5,1.82,2018-03-15_2018-04-13|2018-04-11_2018-05-10|2018-06-14_2018-07-13|2018-07-12_2018-08-10|2018-09-13_2018-10-12|2019-01-16_2019-02-14|2019-02-15_2019-03-16|2019-04-12_2019-05-11|2019-11-15_2019-12-14|2020-03-13_2020-04-11|2020-10-15_2020-11-13|2020-11-14_2020-12-13|2021-02-18_2021-03-19|2021-12-15_2022-01-13|2022-02-16_2022-03-17|2022-09-15_2022-10-14|2023-04-14_2023-05-13|2023-06-15_2023-07-14|2023-07-14_2023-08-12|2023-09-15_2023-10-14|2023-11-16_2023-12-15|2023-12-14_2024-01-12|2024-03-15_2024-04-13|2024-06-14_2024-07-13|2024-08-14_2024-09-12|2024-11-15_2024-12-14|2025-05-16_2025-06-14|2026-01-31_2026-03-01|2018-02-16_2018-03-17|2024-09-13_2024-10-12|2025-01-15_2025-02-13
0.2,2,PPI m/m|CPI y/y,Bad|Neutral,6,2,4,33.3,66.7,0.5,2018-10-11_2018-11-09|2019-03-14_2019-04-12|2020-05-14_2020-06-12|2021-07-15_2021-08-13|2025-07-17_2025-08-15|2026-01-15_2026-02-13
0.2,2,PPI m/m|CPI y/y,Good|Neutral,8,4,4,50.0,50.0,1.0,2019-09-12_2019-10-11|2020-02-20_2020-03-20|2022-07-15_2022-08-13|2023-02-17_2023-03-18|2023-03-16_2023-04-14|2024-05-15_2024-06-13|2025-02-14_2025-03-15|2025-03-14_2025-04-12
0.2,2,PPI m/m|CPI y/y,Neutral|Bad,3,2,1,66.7,33.3,2.0,2020-08-12_2020-09-10|2021-10-15_2021-11-13|2022-04-14_2022-05-13
0.2,2,PPI m/m|CPI y/y,Bad|Bad,3,3,0,100.0,0.0,inf,2021-06-16_2021-07-15|2022-06-15_2022-07-14|2023-01-19_2023-02-17
0.2,2,PPI m/m|CPI y/y,Neutral|Good,1,0,1,0.0,100.0,0.0,2022-11-16_2022-12-15
0.3,2,PPI m/m|CPI y/y,Neutral|Neutral,38,24,14,63.2,36.8,1.71,2018-03-15_2018-04-13|2018-04-11_2018-05-10|2018-06-14_2018-07-13|2018-07-12_2018-08-10|2018-09-13_2018-10-12|2019-01-16_2019-02-14|2019-02-15_2019-03-16|2019-03-14_2019-04-12|2019-04-12_2019-05-11|2019-11-15_2019-12-14|2020-03-13_2020-04-11|2020-10-15_2020-11-13|2020-11-14_2020-12-13|2021-02-18_2021-03-19|2021-10-15_2021-11-13|2021-12-15_2022-01-13|2022-02-16_2022-03-17|2022-04-14_2022-05-13|2022-09-15_2022-10-14|2022-11-16_2022-12-15|2023-01-19_2023-02-17|2023-04-14_2023-05-13|2023-06-15_2023-07-14|2023-07-14_2023-08-12|2023-09-15_2023-10-14|2023-11-16_2023-12-15|2023-12-14_2024-01-12|2024-03-15_2024-04-13|2024-06-14_2024-07-13|2024-08-14_2024-09-12|2024-11-15_2024-12-14|2025-02-14_2025-03-15|2025-05-16_2025-06-14|2026-01-31_2026-03-01|2018-02-16_2018-03-17|2024-09-13_2024-10-12|2025-01-15_2025-02-13|2026-01-15_2026-02-13
0.3,2,PPI m/m|CPI y/y,Bad|Neutral,4,1,3,25.0,75.0,0.33,2018-10-11_2018-11-09|2020-05-14_2020-06-12|2021-07-15_2021-08-13|2025-07-17_2025-08-15
0.3,2,PPI m/m|CPI y/y,Good|Neutral,7,4,3,57.1,42.9,1.33,2019-09-12_2019-10-11|2020-02-20_2020-03-20|2022-07-15_2022-08-13|2023-02-17_2023-03-18|2023-03-16_2023-04-14|2024-05-15_2024-06-13|2025-03-14_2025-04-12
0.3,2,PPI m/m|CPI y/y,Neutral|Bad,1,0,1,0.0,100.0,0.0,2020-08-12_2020-09-10
0.3,2,PPI m/m|CPI y/y,Bad|Bad,2,2,0,100.0,0.0,inf,2021-06-16_2021-07-15|2022-06-15_2022-07-14
0.0,2,Core PPI m/m|FOMC,Good|Neutral,4,1,3,25.0,75.0,0.33,2023-03-16_2023-04-14|2023-11-16_2023-12-15|2023-12-14_2024-01-12|2024-05-15_2024-06-13
0.0,2,Core PPI m/m|FOMC,Neutral|Neutral,2,1,1,50.0,50.0,1.0,2023-04-14_2023-05-13|2025-01-15_2025-02-13
0.0,2,Core PPI m/m|FOMC,Bad|Neutral,2,1,1,50.0,50.0,1.0,2023-07-14_2023-08-12|2023-09-15_2023-10-14
0.0,2,Core PPI m/m|FOMC,Neutral|Good,1,0,1,0.0,100.0,0.0,2024-09-13_2024-10-12
0.1,2,Core PPI m/m|FOMC,Good|Neutral,4,1,3,25.0,75.0,0.33,2023-03-16_2023-04-14|2023-11-16_2023-12-15|2023-12-14_2024-01-12|2024-05-15_2024-06-13
0.1,2,Core PPI m/m|FOMC,Neutral|Neutral,4,2,2,50.0,50.0,1.0,2023-04-14_2023-05-13|2023-07-14_2023-08-12|2023-09-15_2023-10-14|2025-01-15_2025-02-13
0.1,2,Core PPI m/m|FOMC,Neutral|Good,1,0,1,0.0,100.0,0.0,2024-09-13_2024-10-12
0.2,2,Core PPI m/m|FOMC,Good|Neutral,2,0,2,0.0,100.0,0.0,2023-03-16_2023-04-14|2024-05-15_2024-06-13
0.2,2,Core PPI m/m|FOMC,Neutral|Neutral,6,3,3,50.0,50.0,1.0,2023-04-14_2023-05-13|2023-07-14_2023-08-12|2023-09-15_2023-10-14|2023-11-16_2023-12-15|2023-12-14_2024-01-12|2025-01-15_2025-02-13
0.2,2,Core PPI m/m|FOMC,Neutral|Good,1,0,1,0.0,100.0,0.0,2024-09-13_2024-10-12
0.3,2,Core PPI m/m|FOMC,Good|Neutral,1,0,1,0.0,100.0,0.0,2023-03-16_2023-04-14
0.3,2,Core PPI m/m|FOMC,Neutral|Neutral,8,3,5,37.5,62.5,0.6,2023-04-14_2023-05-13|2023-07-14_2023-08-12|2023-09-15_2023-10-14|2023-11-16_2023-12-15|2023-12-14_2024-01-12|2024-05-15_2024-06-13|2024-09-13_2024-10-12|2025-01-15_2025-02-13
0.0,2,Core PPI m/m|CPI y/y,Bad|Neutral,2,1,1,50.0,50.0,1.0,2018-03-15_2018-04-13|2018-06-14_2018-07-13
0.0,2,Core PPI m/m|CPI y/y,Neutral|Neutral,5,5,0,100.0,0.0,inf,2018-04-11_2018-05-10|2021-02-18_2021-03-19|2021-12-15_2022-01-13|2024-11-15_2024-12-14|2018-02-16_2018-03-17
0.0,2,Core PPI m/m|CPI y/y,Good|Neutral,5,2,3,40.0,60.0,0.67,2018-07-12_2018-08-10|2020-11-14_2020-12-13|2022-02-16_2022-03-17|2023-02-17_2023-03-18|2023-11-16_2023-12-15
0.0,2,Core PPI m/m|CPI y/y,Neutral|Good,3,2,1,66.7,33.3,2.0,2018-09-13_2018-10-12|2020-05-14_2020-06-12|2023-04-14_2023-05-13
0.0,2,Core PPI m/m|CPI y/y,Bad|Good,9,5,4,55.6,44.4,1.25,2018-10-11_2018-11-09|2020-03-13_2020-04-11|2022-11-16_2022-12-15|2023-07-14_2023-08-12|2024-06-14_2024-07-13|2024-08-14_2024-09-12|2025-07-17_2025-08-15|2026-01-31_2026-03-01|2026-01-15_2026-02-13
0.0,2,Core PPI m/m|CPI y/y,Bad|Bad,7,2,5,28.6,71.4,0.4,2019-01-16_2019-02-14|2019-03-14_2019-04-12|2020-08-12_2020-09-10|2021-06-16_2021-07-15|2021-07-15_2021-08-13|2023-01-19_2023-02-17|2023-09-15_2023-10-14
0.0,2,Core PPI m/m|CPI y/y,Good|Good,11,7,4,63.6,36.4,1.75,2019-02-15_2019-03-16|2019-04-12_2019-05-11|2019-09-12_2019-10-11|2020-10-15_2020-11-13|2022-07-15_2022-08-13|2023-03-16_2023-04-14|2023-06-15_2023-07-14|2024-05-15_2024-06-13|2025-02-14_2025-03-15|2025-03-14_2025-04-12|2025-05-16_2025-06-14
0.0,2,Core PPI m/m|CPI y/y,Good|Bad,6,6,0,100.0,0.0,inf,2019-11-15_2019-12-14|2020-02-20_2020-03-20|2021-10-15_2021-11-13|2022-04-14_2022-05-13|2022-06-15_2022-07-14|2023-12-14_2024-01-12
0.0,2,Core PPI m/m|CPI y/y,Neutral|Bad,4,1,3,25.0,75.0,0.33,2022-09-15_2022-10-14|2024-03-15_2024-04-13|2024-09-13_2024-10-12|2025-01-15_2025-02-13
0.1,2,Core PPI m/m|CPI y/y,Neutral|Neutral,16,12,4,75.0,25.0,3.0,2018-03-15_2018-04-13|2018-04-11_2018-05-10|2018-06-14_2018-07-13|2018-07-12_2018-08-10|2018-09-13_2018-10-12|2019-03-14_2019-04-12|2020-11-14_2020-12-13|2021-02-18_2021-03-19|2021-12-15_2022-01-13|2022-09-15_2022-10-14|2023-04-14_2023-05-13|2023-07-14_2023-08-12|2024-08-14_2024-09-12|2024-11-15_2024-12-14|2018-02-16_2018-03-17|2025-01-15_2025-02-13
0.1,2,Core PPI m/m|CPI y/y,Bad|Good,6,3,3,50.0,50.0,1.0,2018-10-11_2018-11-09|2020-03-13_2020-04-11|2022-11-16_2022-12-15|2024-06-14_2024-07-13|2026-01-31_2026-03-01|2026-01-15_2026-02-13
0.1,2,Core PPI m/m|CPI y/y,Neutral|Bad,6,2,4,33.3,66.7,0.5,2019-01-16_2019-02-14|2021-10-15_2021-11-13|2022-06-15_2022-07-14|2023-09-15_2023-10-14|2024-03-15_2024-04-13|2024-09-13_2024-10-12
0.1,2,Core PPI m/m|CPI y/y,Neutral|Good,5,4,1,80.0,20.0,4.0,2019-02-15_2019-03-16|2019-04-12_2019-05-11|2020-05-14_2020-06-12|2020-10-15_2020-11-13|2023-06-15_2023-07-14
0.1,2,Core PPI m/m|CPI y/y,Good|Good,5,3,2,60.0,40.0,1.5,2019-09-12_2019-10-11|2022-07-15_2022-08-13|2025-02-14_2025-03-15|2025-03-14_2025-04-12|2025-05-16_2025-06-14
0.1,2,Core PPI m/m|CPI y/y,Good|Bad,3,3,0,100.0,0.0,inf,2019-11-15_2019-12-14|2022-04-14_2022-05-13|2023-12-14_2024-01-12
0.1,2,Core PPI m/m|CPI y/y,Good|Neutral,6,2,4,33.3,66.7,0.5,2020-02-20_2020-03-20|2022-02-16_2022-03-17|2023-02-17_2023-03-18|2023-03-16_2023-04-14|2023-11-16_2023-12-15|2024-05-15_2024-06-13
0.1,2,Core PPI m/m|CPI y/y,Bad|Bad,4,2,2,50.0,50.0,1.0,2020-08-12_2020-09-10|2021-06-16_2021-07-15|2021-07-15_2021-08-13|2023-01-19_2023-02-17
0.1,2,Core PPI m/m|CPI y/y,Bad|Neutral,1,0,1,0.0,100.0,0.0,2025-07-17_2025-08-15
0.2,2,Core PPI m/m|CPI y/y,Neutral|Neutral,31,19,12,61.3,38.7,1.58,2018-03-15_2018-04-13|2018-04-11_2018-05-10|2018-06-14_2018-07-13|2018-07-12_2018-08-10|2018-09-13_2018-10-12|2019-01-16_2019-02-14|2019-02-15_2019-03-16|2019-03-14_2019-04-12|2019-04-12_2019-05-11|2020-03-13_2020-04-11|2020-05-14_2020-06-12|2020-10-15_2020-11-13|2020-11-14_2020-12-13|2021-02-18_2021-03-19|2021-12-15_2022-01-13|2022-07-15_2022-08-13|2022-09-15_2022-10-14|2023-04-14_2023-05-13|2023-06-15_2023-07-14|2023-07-14_2023-08-12|2023-09-15_2023-10-14|2023-11-16_2023-12-15|2023-12-14_2024-01-12|2024-03-15_2024-04-13|2024-06-14_2024-07-13|2024-08-14_2024-09-12|2024-11-15_2024-12-14|2025-05-16_2025-06-14|2018-02-16_2018-03-17|2024-09-13_2024-10-12|2025-01-15_2025-02-13
0.2,2,Core PPI m/m|CPI y/y,Bad|Neutral,5,3,2,60.0,40.0,1.5,2018-10-11_2018-11-09|2021-07-15_2021-08-13|2025-07-17_2025-08-15|2026-01-31_2026-03-01|2026-01-15_2026-02-13
0.2,2,Core PPI m/m|CPI y/y,Good|Neutral,9,4,5,44.4,55.6,0.8,2019-09-12_2019-10-11|2019-11-15_2019-12-14|2020-02-20_2020-03-20|2022-02-16_2022-03-17|2023-02-17_2023-03-18|2023-03-16_2023-04-14|2024-05-15_2024-06-13|2025-02-14_2025-03-15|2025-03-14_2025-04-12
0.2,2,Core PPI m/m|CPI y/y,Neutral|Bad,5,4,1,80.0,20.0,4.0,2020-08-12_2020-09-10|2021-10-15_2021-11-13|2022-04-14_2022-05-13|2022-06-15_2022-07-14|2023-01-19_2023-02-17
0.2,2,Core PPI m/m|CPI y/y,Bad|Bad,1,1,0,100.0,0.0,inf,2021-06-16_2021-07-15
0.2,2,Core PPI m/m|CPI y/y,Neutral|Good,1,0,1,0.0,100.0,0.0,2022-11-16_2022-12-15
0.3,2,Core PPI m/m|CPI y/y,Neutral|Neutral,37,23,14,62.2,37.8,1.64,2018-03-15_2018-04-13|2018-04-11_2018-05-10|2018-06-14_2018-07-13|2018-07-12_2018-08-10|2018-09-13_2018-10-12|2018-10-11_2018-11-09|2019-01-16_2019-02-14|2019-02-15_2019-03-16|2019-03-14_2019-04-12|2019-04-12_2019-05-11|2020-03-13_2020-04-11|2020-05-14_2020-06-12|2020-10-15_2020-11-13|2020-11-14_2020-12-13|2021-02-18_2021-03-19|2021-10-15_2021-11-13|2021-12-15_2022-01-13|2022-04-14_2022-05-13|2022-07-15_2022-08-13|2022-09-15_2022-10-14|2022-11-16_2022-12-15|2023-01-19_2023-02-17|2023-04-14_2023-05-13|2023-06-15_2023-07-14|2023-07-14_2023-08-12|2023-09-15_2023-10-14|2023-11-16_2023-12-15|2023-12-14_2024-01-12|2024-03-15_2024-04-13|2024-05-15_2024-06-13|2024-06-14_2024-07-13|2024-08-14_2024-09-12|2024-11-15_2024-12-14|2025-05-16_2025-06-14|2018-02-16_2018-03-17|2024-09-13_2024-10-12|2025-01-15_2025-02-13
0.3,2,Core PPI m/m|CPI y/y,Good|Neutral,8,4,4,50.0,50.0,1.0,2019-09-12_2019-10-11|2019-11-15_2019-12-14|2020-02-20_2020-03-20|2022-02-16_2022-03-17|2023-02-17_2023-03-18|2023-03-16_2023-04-14|2025-02-14_2025-03-15|2025-03-14_2025-04-12
0.3,2,Core PPI m/m|CPI y/y,Neutral|Bad,2,1,1,50.0,50.0,1.0,2020-08-12_2020-09-10|2022-06-15_2022-07-14
0.3,2,Core PPI m/m|CPI y/y,Bad|Bad,1,1,0,100.0,0.0,inf,2021-06-16_2021-07-15
0.3,2,Core PPI m/m|CPI y/y,Bad|Neutral,4,2,2,50.0,50.0,1.0,2021-07-15_2021-08-13|2025-07-17_2025-08-15|2026-01-31_2026-03-01|2026-01-15_2026-02-13
0.0,2,FOMC|CPI y/y,Neutral|Good,4,2,2,50.0,50.0,1.0,2023-03-16_2023-04-14|2023-04-14_2023-05-13|2023-07-14_2023-08-12|2024-05-15_2024-06-13
0.0,2,FOMC|CPI y/y,Neutral|Bad,4,2,2,50.0,50.0,1.0,2023-09-15_2023-10-14|2023-10-12_2023-11-10|2023-12-14_2024-01-12|2025-01-15_2025-02-13
0.0,2,FOMC|CPI y/y,Neutral|Neutral,1,0,1,0.0,100.0,0.0,2023-11-16_2023-12-15
0.0,2,FOMC|CPI y/y,Good|Bad,1,0,1,0.0,100.0,0.0,2024-09-13_2024-10-12
0.1,2,FOMC|CPI y/y,Neutral|Neutral,6,2,4,33.3,66.7,0.5,2023-03-16_2023-04-14|2023-04-14_2023-05-13|2023-07-14_2023-08-12|2023-11-16_2023-12-15|2024-05-15_2024-06-13|2025-01-15_2025-02-13
0.1,2,FOMC|CPI y/y,Neutral|Bad,3,2,1,66.7,33.3,2.0,2023-09-15_2023-10-14|2023-10-12_2023-11-10|2023-12-14_2024-01-12
0.1,2,FOMC|CPI y/y,Good|Bad,1,0,1,0.0,100.0,0.0,2024-09-13_2024-10-12
0.2,2,FOMC|CPI y/y,Neutral|Neutral,9,4,5,44.4,55.6,0.8,2023-03-16_2023-04-14|2023-04-14_2023-05-13|2023-07-14_2023-08-12|2023-09-15_2023-10-14|2023-10-12_2023-11-10|2023-11-16_2023-12-15|2023-12-14_2024-01-12|2024-05-15_2024-06-13|2025-01-15_2025-02-13
0.2,2,FOMC|CPI y/y,Good|Neutral,1,0,1,0.0,100.0,0.0,2024-09-13_2024-10-12
0.3,2,FOMC|CPI y/y,Neutral|Neutral,10,4,6,40.0,60.0,0.67,2023-03-16_2023-04-14|2023-04-14_2023-05-13|2023-07-14_2023-08-12|2023-09-15_2023-10-14|2023-10-12_2023-11-10|2023-11-16_2023-12-15|2023-12-14_2024-01-12|2024-05-15_2024-06-13|2024-09-13_2024-10-12|2025-01-15_2025-02-13
0.0,3,CPI m/m|Core CPI m/m|PPI m/m,Good|Neutral|Bad,4,3,1,75.0,25.0,3.0,2018-03-15_2018-04-13|2018-06-14_2018-07-13|2026-01-31_2026-03-01|2026-01-15_2026-02-13
0.0,3,CPI m/m|Core CPI m/m|PPI m/m,Good|Good|Good,8,5,3,62.5,37.5,1.67,2018-04-11_2018-05-10|2019-09-12_2019-10-11|2022-07-15_2022-08-13|2023-06-15_2023-07-14|2024-05-15_2024-06-13|2025-02-14_2025-03-15|2025-03-14_2025-04-12|2025-05-16_2025-06-14
0.0,3,CPI m/m|Core CPI m/m|PPI m/m,Good|Neutral|Good,3,0,3,0.0,100.0,0.0,2018-07-12_2018-08-10|2019-01-16_2019-02-14|2023-03-16_2023-04-14
0.0,3,CPI m/m|Core CPI m/m|PPI m/m,Good|Good|Neutral,2,2,0,100.0,0.0,inf,2018-09-13_2018-10-12|2019-04-12_2019-05-11
0.0,3,CPI m/m|Core CPI m/m|PPI m/m,Good|Good|Bad,6,2,4,33.3,66.7,0.5,2018-10-11_2018-11-09|2020-03-13_2020-04-11|2020-05-14_2020-06-12|2020-10-15_2020-11-13|2022-11-16_2022-12-15|2024-06-14_2024-07-13
0.0,3,CPI m/m|Core CPI m/m|PPI m/m,Neutral|Good|Good,1,1,0,100.0,0.0,inf,2019-02-15_2019-03-16
0.0,3,CPI m/m|Core CPI m/m|PPI m/m,Bad|Good|Bad,1,0,1,0.0,100.0,0.0,2019-03-14_2019-04-12
0.0,3,CPI m/m|Core CPI m/m|PPI m/m,Bad|Neutral|Good,3,3,0,100.0,0.0,inf,2019-11-15_2019-12-14|2020-02-20_2020-03-20|2023-12-14_2024-01-12
0.0,3,CPI m/m|Core CPI m/m|PPI m/m,Bad|Bad|Bad,5,3,2,60.0,40.0,1.5,2020-08-12_2020-09-10|2021-06-16_2021-07-15|2022-06-15_2022-07-14|2022-09-15_2022-10-14|2025-01-15_2025-02-13
0.0,3,CPI m/m|Core CPI m/m|PPI m/m,Bad|Bad|Neutral,3,3,0,100.0,0.0,inf,2020-11-14_2020-12-13|2021-10-15_2021-11-13|2022-04-14_2022-05-13
0.0,3,CPI m/m|Core CPI m/m|PPI m/m,Neutral|Good|Bad,2,1,1,50.0,50.0,1.0,2021-02-18_2021-03-19|2021-07-15_2021-08-13
0.0,3,CPI m/m|Core CPI m/m|PPI m/m,Bad|Bad|Good,3,1,2,33.3,66.7,0.5,2021-12-15_2022-01-13|2024-03-15_2024-04-13|2024-09-13_2024-10-12
0.0,3,CPI m/m|Core CPI m/m|PPI m/m,Neutral|Neutral|Good,1,0,1,0.0,100.0,0.0,2022-02-16_2022-03-17
0.0,3,CPI m/m|Core CPI m/m|PPI m/m,Neutral|Neutral|Bad,5,4,1,80.0,20.0,4.0,2023-01-19_2023-02-17|2023-07-14_2023-08-12|2024-11-15_2024-12-14|2025-07-17_2025-08-15|2018-02-16_2018-03-17
0.0,3,CPI m/m|Core CPI m/m|PPI m/m,Neutral|Bad|Good,2,2,0,100.0,0.0,inf,2023-02-17_2023-03-18|2023-04-14_2023-05-13
0.0,3,CPI m/m|Core CPI m/m|PPI m/m,Bad|Neutral|Bad,1,0,1,0.0,100.0,0.0,2023-09-15_2023-10-14
0.0,3,CPI m/m|Core CPI m/m|PPI m/m,Bad|Neutral|Neutral,1,0,1,0.0,100.0,0.0,2023-11-16_2023-12-15
0.0,3,CPI m/m|Core CPI m/m|PPI m/m,Neutral|Bad|Bad,1,1,0,100.0,0.0,inf,2024-08-14_2024-09-12
0.1,3,CPI m/m|Core CPI m/m|PPI m/m,Neutral|Neutral|Bad,9,5,4,55.6,44.4,1.25,2018-03-15_2018-04-13|2018-10-11_2018-11-09|2020-05-14_2020-06-12|2023-01-19_2023-02-17|2024-11-15_2024-12-14|2025-07-17_2025-08-15|2026-01-31_2026-03-01|2025-01-15_2025-02-13|2026-01-15_2026-02-13
0.1,3,CPI m/m|Core CPI m/m|PPI m/m,Neutral|Neutral|Neutral,12,10,2,83.3,16.7,5.0,2018-04-11_2018-05-10|2018-06-14_2018-07-13|2018-09-13_2018-10-12|2019-02-15_2019-03-16|2020-11-14_2020-12-13|2021-02-18_2021-03-19|2023-06-15_2023-07-14|2023-07-14_2023-08-12|2023-11-16_2023-12-15|2024-08-14_2024-09-12|2018-02-16_2018-03-17|2024-09-13_2024-10-12
0.1,3,CPI m/m|Core CPI m/m|PPI m/m,Neutral|Neutral|Good,11,5,6,45.5,54.5,0.83,2018-07-12_2018-08-10|2019-01-16_2019-02-14|2019-09-12_2019-10-11|2019-11-15_2019-12-14|2020-02-20_2020-03-20|2021-12-15_2022-01-13|2022-02-16_2022-03-17|2023-02-17_2023-03-18|2023-03-16_2023-04-14|2023-12-14_2024-01-12|2025-02-14_2025-03-15
0.1,3,CPI m/m|Core CPI m/m|PPI m/m,Bad|Neutral|Bad,2,0,2,0.0,100.0,0.0,2019-03-14_2019-04-12|2023-09-15_2023-10-14
0.1,3,CPI m/m|Core CPI m/m|PPI m/m,Good|Neutral|Neutral,3,1,2,33.3,66.7,0.5,2019-04-12_2019-05-11|2022-11-16_2022-12-15|2024-06-14_2024-07-13
0.1,3,CPI m/m|Core CPI m/m|PPI m/m,Good|Good|Neutral,1,0,1,0.0,100.0,0.0,2020-03-13_2020-04-11
0.1,3,CPI m/m|Core CPI m/m|PPI m/m,Bad|Bad|Neutral,3,1,2,33.3,66.7,0.5,2020-08-12_2020-09-10|2021-10-15_2021-11-13|2024-03-15_2024-04-13
0.1,3,CPI m/m|Core CPI m/m|PPI m/m,Neutral|Good|Neutral,2,2,0,100.0,0.0,inf,2020-10-15_2020-11-13|2025-05-16_2025-06-14
0.1,3,CPI m/m|Core CPI m/m|PPI m/m,Bad|Bad|Bad,3,3,0,100.0,0.0,inf,2021-06-16_2021-07-15|2022-06-15_2022-07-14|2022-09-15_2022-10-14
0.1,3,CPI m/m|Core CPI m/m|PPI m/m,Neutral|Good|Bad,1,0,1,0.0,100.0,0.0,2021-07-15_2021-08-13
0.1,3,CPI m/m|Core CPI m/m|PPI m/m,Neutral|Bad|Neutral,2,2,0,100.0,0.0,inf,2022-04-14_2022-05-13|2023-04-14_2023-05-13
0.1,3,CPI m/m|Core CPI m/m|PPI m/m,Good|Good|Good,2,2,0,100.0,0.0,inf,2022-07-15_2022-08-13|2025-03-14_2025-04-12
0.1,3,CPI m/m|Core CPI m/m|PPI m/m,Good|Neutral|Good,1,0,1,0.0,100.0,0.0,2024-05-15_2024-06-13
0.2,3,CPI m/m|Core CPI m/m|PPI m/m,Neutral|Neutral|Neutral,33,21,12,63.6,36.4,1.75,2018-03-15_2018-04-13|2018-04-11_2018-05-10|2018-06-14_2018-07-13|2018-07-12_2018-08-10|2018-09-13_2018-10-12|2019-01-16_2019-02-14|2019-02-15_2019-03-16|2019-04-12_2019-05-11|2019-11-15_2019-12-14|2020-03-13_2020-04-11|2020-10-15_2020-11-13|2020-11-14_2020-12-13|2021-02-18_2021-03-19|2021-12-15_2022-01-13|2022-02-16_2022-03-17|2022-04-14_2022-05-13|2022-09-15_2022-10-14|2022-11-16_2022-12-15|2023-04-14_2023-05-13|2023-06-15_2023-07-14|2023-07-14_2023-08-12|2023-09-15_2023-10-14|2023-11-16_2023-12-15|2023-12-14_2024-01-12|2024-03-15_2024-04-13|2024-06-14_2024-07-13|2024-08-14_2024-09-12|2024-11-15_2024-12-14|2025-05-16_2025-06-14|2026-01-31_2026-03-01|2018-02-16_2018-03-17|2024-09-13_2024-10-12|2025-01-15_2025-02-13
0.2,3,CPI m/m|Core CPI m/m|PPI m/m,Neutral|Neutral|Bad,8,4,4,50.0,50.0,1.0,2018-10-11_2018-11-09|2019-03-14_2019-04-12|2020-05-14_2020-06-12|2021-07-15_2021-08-13|2022-06-15_2022-07-14|2023-01-19_2023-02-17|2025-07-17_2025-08-15|2026-01-15_2026-02-13
0.2,3,CPI m/m|Core CPI m/m|PPI m/m,Neutral|Neutral|Good,8,4,4,50.0,50.0,1.0,2019-09-12_2019-10-11|2020-02-20_2020-03-20|2022-07-15_2022-08-13|2023-02-17_2023-03-18|2023-03-16_2023-04-14|2024-05-15_2024-06-13|2025-02-14_2025-03-15|2025-03-14_2025-04-12
0.2,3,CPI m/m|Core CPI m/m|PPI m/m,Bad|Bad|Neutral,1,0,1,0.0,100.0,0.0,2020-08-12_2020-09-10
0.2,3,CPI m/m|Core CPI m/m|PPI m/m,Bad|Bad|Bad,1,1,0,100.0,0.0,inf,2021-06-16_2021-07-15
0.2,3,CPI m/m|Core CPI m/m|PPI m/m,Bad|Neutral|Neutral,1,1,0,100.0,0.0,inf,2021-10-15_2021-11-13
0.3,3,CPI m/m|Core CPI m/m|PPI m/m,Neutral|Neutral|Neutral,37,23,14,62.2,37.8,1.64,2018-03-15_2018-04-13|2018-04-11_2018-05-10|2018-06-14_2018-07-13|2018-07-12_2018-08-10|2018-09-13_2018-10-12|2019-01-16_2019-02-14|2019-02-15_2019-03-16|2019-03-14_2019-04-12|2019-04-12_2019-05-11|2019-11-15_2019-12-14|2020-03-13_2020-04-11|2020-10-15_2020-11-13|2020-11-14_2020-12-13|2021-02-18_2021-03-19|2021-12-15_2022-01-13|2022-02-16_2022-03-17|2022-04-14_2022-05-13|2022-09-15_2022-10-14|2022-11-16_2022-12-15|2023-01-19_2023-02-17|2023-04-14_2023-05-13|2023-06-15_2023-07-14|2023-07-14_2023-08-12|2023-09-15_2023-10-14|2023-11-16_2023-12-15|2023-12-14_2024-01-12|2024-03-15_2024-04-13|2024-06-14_2024-07-13|2024-08-14_2024-09-12|2024-11-15_2024-12-14|2025-02-14_2025-03-15|2025-05-16_2025-06-14|2026-01-31_2026-03-01|2018-02-16_2018-03-17|2024-09-13_2024-10-12|2025-01-15_2025-02-13|2026-01-15_2026-02-13
0.3,3,CPI m/m|Core CPI m/m|PPI m/m,Neutral|Neutral|Bad,5,2,3,40.0,60.0,0.67,2018-10-11_2018-11-09|2020-05-14_2020-06-12|2021-07-15_2021-08-13|2022-06-15_2022-07-14|2025-07-17_2025-08-15
0.3,3,CPI m/m|Core CPI m/m|PPI m/m,Neutral|Neutral|Good,7,4,3,57.1,42.9,1.33,2019-09-12_2019-10-11|2020-02-20_2020-03-20|2022-07-15_2022-08-13|2023-02-17_2023-03-18|2023-03-16_2023-04-14|2024-05-15_2024-06-13|2025-03-14_2025-04-12
0.3,3,CPI m/m|Core CPI m/m|PPI m/m,Neutral|Bad|Neutral,1,0,1,0.0,100.0,0.0,2020-08-12_2020-09-10
0.3,3,CPI m/m|Core CPI m/m|PPI m/m,Bad|Bad|Bad,1,1,0,100.0,0.0,inf,2021-06-16_2021-07-15
0.3,3,CPI m/m|Core CPI m/m|PPI m/m,Bad|Neutral|Neutral,1,1,0,100.0,0.0,inf,2021-10-15_2021-11-13
0.0,3,CPI m/m|Core CPI m/m|Core PPI m/m,Good|Neutral|Bad,5,3,2,60.0,40.0,1.5,2018-03-15_2018-04-13|2018-06-14_2018-07-13|2019-01-16_2019-02-14|2026-01-31_2026-03-01|2026-01-15_2026-02-13
0.0,3,CPI m/m|Core CPI m/m|Core PPI m/m,Good|Good|Neutral,3,2,1,66.7,33.3,2.0,2018-04-11_2018-05-10|2018-09-13_2018-10-12|2020-05-14_2020-06-12
0.0,3,CPI m/m|Core CPI m/m|Core PPI m/m,Good|Neutral|Good,2,0,2,0.0,100.0,0.0,2018-07-12_2018-08-10|2023-03-16_2023-04-14
0.0,3,CPI m/m|Core CPI m/m|Core PPI m/m,Good|Good|Bad,4,1,3,25.0,75.0,0.33,2018-10-11_2018-11-09|2020-03-13_2020-04-11|2022-11-16_2022-12-15|2024-06-14_2024-07-13
0.0,3,CPI m/m|Core CPI m/m|Core PPI m/m,Neutral|Good|Good,1,1,0,100.0,0.0,inf,2019-02-15_2019-03-16
0.0,3,CPI m/m|Core CPI m/m|Core PPI m/m,Bad|Good|Bad,1,0,1,0.0,100.0,0.0,2019-03-14_2019-04-12
0.0,3,CPI m/m|Core CPI m/m|Core PPI m/m,Good|Good|Good,9,6,3,66.7,33.3,2.0,2019-04-12_2019-05-11|2019-09-12_2019-10-11|2020-10-15_2020-11-13|2022-07-15_2022-08-13|2023-06-15_2023-07-14|2024-05-15_2024-06-13|2025-02-14_2025-03-15|2025-03-14_2025-04-12|2025-05-16_2025-06-14
0.0,3,CPI m/m|Core CPI m/m|Core PPI m/m,Bad|Neutral|Good,4,3,1,75.0,25.0,3.0,2019-11-15_2019-12-14|2020-02-20_2020-03-20|2023-11-16_2023-12-15|2023-12-14_2024-01-12
0.0,3,CPI m/m|Core CPI m/m|Core PPI m/m,Bad|Bad|Bad,2,1,1,50.0,50.0,1.0,2020-08-12_2020-09-10|2021-06-16_2021-07-15
0.0,3,CPI m/m|Core CPI m/m|Core PPI m/m,Bad|Bad|Good,4,4,0,100.0,0.0,inf,2020-11-14_2020-12-13|2021-10-15_2021-11-13|2022-04-14_2022-05-13|2022-06-15_2022-07-14
0.0,3,CPI m/m|Core CPI m/m|Core PPI m/m,Neutral|Good|Neutral,1,1,0,100.0,0.0,inf,2021-02-18_2021-03-19
0.0,3,CPI m/m|Core CPI m/m|Core PPI m/m,Neutral|Good|Bad,1,0,1,0.0,100.0,0.0,2021-07-15_2021-08-13
0.0,3,CPI m/m|Core CPI m/m|Core PPI m/m,Bad|Bad|Neutral,5,2,3,40.0,60.0,0.67,2021-12-15_2022-01-13|2022-09-15_2022-10-14|2024-03-15_2024-04-13|2024-09-13_2024-10-12|2025-01-15_2025-02-13
0.0,3,CPI m/m|Core CPI m/m|Core PPI m/m,Neutral|Neutral|Good,1,0,1,0.0,100.0,0.0,2022-02-16_2022-03-17
0.0,3,CPI m/m|Core CPI m/m|Core PPI m/m,Neutral|Neutral|Bad,3,2,1,66.7,33.3,2.0,2023-01-19_2023-02-17|2023-07-14_2023-08-12|2025-07-17_2025-08-15
0.0,3,CPI m/m|Core CPI m/m|Core PPI m/m,Neutral|Bad|Good,1,1,0,100.0,0.0,inf,2023-02-17_2023-03-18
0.0,3,CPI m/m|Core CPI m/m|Core PPI m/m,Neutral|Bad|Neutral,1,1,0,100.0,0.0,inf,2023-04-14_2023-05-13
0.0,3,CPI m/m|Core CPI m/m|Core PPI m/m,Bad|Neutral|Bad,1,0,1,0.0,100.0,0.0,2023-09-15_2023-10-14
0.0,3,CPI m/m|Core CPI m/m|Core PPI m/m,Neutral|Bad|Bad,1,1,0,100.0,0.0,inf,2024-08-14_2024-09-12
0.0,3,CPI m/m|Core CPI m/m|Core PPI m/m,Neutral|Neutral|Neutral,2,2,0,100.0,0.0,inf,2024-11-15_2024-12-14|2018-02-16_2018-03-17
0.1,3,CPI m/m|Core CPI m/m|Core PPI m/m,Neutral|Neutral|Neutral,18,12,6,66.7,33.3,2.0,2018-03-15_2018-04-13|2018-04-11_2018-05-10|2018-06-14_2018-07-13|2018-07-12_2018-08-10|2018-09-13_2018-10-12|2019-01-16_2019-02-14|2019-02-15_2019-03-16|2020-05-14_2020-06-12|2020-11-14_2020-12-13|2021-02-18_2021-03-19|2021-12-15_2022-01-13|2023-06-15_2023-07-14|2023-07-14_2023-08-12|2024-08-14_2024-09-12|2024-11-15_2024-12-14|2018-02-16_2018-03-17|2024-09-13_2024-10-12|2025-01-15_2025-02-13
0.1,3,CPI m/m|Core CPI m/m|Core PPI m/m,Neutral|Neutral|Bad,5,4,1,80.0,20.0,4.0,2018-10-11_2018-11-09|2023-01-19_2023-02-17|2025-07-17_2025-08-15|2026-01-31_2026-03-01|2026-01-15_2026-02-13
0.1,3,CPI m/m|Core CPI m/m|Core PPI m/m,Bad|Neutral|Neutral,2,0,2,0.0,100.0,0.0,2019-03-14_2019-04-12|2023-09-15_2023-10-14
0.1,3,CPI m/m|Core CPI m/m|Core PPI m/m,Good|Neutral|Neutral,1,1,0,100.0,0.0,inf,2019-04-12_2019-05-11
0.1,3,CPI m/m|Core CPI m/m|Core PPI m/m,Neutral|Neutral|Good,9,4,5,44.4,55.6,0.8,2019-09-12_2019-10-11|2019-11-15_2019-12-14|2020-02-20_2020-03-20|2022-02-16_2022-03-17|2023-02-17_2023-03-18|2023-03-16_2023-04-14|2023-11-16_2023-12-15|2023-12-14_2024-01-12|2025-02-14_2025-03-15
0.1,3,CPI m/m|Core CPI m/m|Core PPI m/m,Good|Good|Bad,1,0,1,0.0,100.0,0.0,2020-03-13_2020-04-11
0.1,3,CPI m/m|Core CPI m/m|Core PPI m/m,Bad|Bad|Bad,2,1,1,50.0,50.0,1.0,2020-08-12_2020-09-10|2021-06-16_2021-07-15
0.1,3,CPI m/m|Core CPI m/m|Core PPI m/m,Neutral|Good|Neutral,1,1,0,100.0,0.0,inf,2020-10-15_2020-11-13
0.1,3,CPI m/m|Core CPI m/m|Core PPI m/m,Neutral|Good|Bad,1,0,1,0.0,100.0,0.0,2021-07-15_2021-08-13
0.1,3,CPI m/m|Core CPI m/m|Core PPI m/m,Bad|Bad|Neutral,4,3,1,75.0,25.0,3.0,2021-10-15_2021-11-13|2022-06-15_2022-07-14|2022-09-15_2022-10-14|2024-03-15_2024-04-13
0.1,3,CPI m/m|Core CPI m/m|Core PPI m/m,Neutral|Bad|Good,1,1,0,100.0,0.0,inf,2022-04-14_2022-05-13
0.1,3,CPI m/m|Core CPI m/m|Core PPI m/m,Good|Good|Good,2,2,0,100.0,0.0,inf,2022-07-15_2022-08-13|2025-03-14_2025-04-12
0.1,3,CPI m/m|Core CPI m/m|Core PPI m/m,Good|Neutral|Bad,2,0,2,0.0,100.0,0.0,2022-11-16_2022-12-15|2024-06-14_2024-07-13
0.1,3,CPI m/m|Core CPI m/m|Core PPI m/m,Neutral|Bad|Neutral,1,1,0,100.0,0.0,inf,2023-04-14_2023-05-13
0.1,3,CPI m/m|Core CPI m/m|Core PPI m/m,Good|Neutral|Good,1,0,1,0.0,100.0,0.0,2024-05-15_2024-06-13
0.1,3,CPI m/m|Core CPI m/m|Core PPI m/m,Neutral|Good|Good,1,1,0,100.0,0.0,inf,2025-05-16_2025-06-14
0.2,3,CPI m/m|Core CPI m/m|Core PPI m/m,Neutral|Neutral|Neutral,35,22,13,62.9,37.1,1.69,2018-03-15_2018-04-13|2018-04-11_2018-05-10|2018-06-14_2018-07-13|2018-07-12_2018-08-10|2018-09-13_2018-10-12|2019-01-16_2019-02-14|2019-02-15_2019-03-16|2019-03-14_2019-04-12|2019-04-12_2019-05-11|2020-03-13_2020-04-11|2020-05-14_2020-06-12|2020-10-15_2020-11-13|2020-11-14_2020-12-13|2021-02-18_2021-03-19|2021-12-15_2022-01-13|2022-04-14_2022-05-13|2022-06-15_2022-07-14|2022-07-15_2022-08-13|2022-09-15_2022-10-14|2022-11-16_2022-12-15|2023-01-19_2023-02-17|2023-04-14_2023-05-13|2023-06-15_2023-07-14|2023-07-14_2023-08-12|2023-09-15_2023-10-14|2023-11-16_2023-12-15|2023-12-14_2024-01-12|2024-03-15_2024-04-13|2024-06-14_2024-07-13|2024-08-14_2024-09-12|2024-11-15_2024-12-14|2025-05-16_2025-06-14|2018-02-16_2018-03-17|2024-09-13_2024-10-12|2025-01-15_2025-02-13
0.2,3,CPI m/m|Core CPI m/m|Core PPI m/m,Neutral|Neutral|Bad,5,3,2,60.0,40.0,1.5,2018-10-11_2018-11-09|2021-07-15_2021-08-13|2025-07-17_2025-08-15|2026-01-31_2026-03-01|2026-01-15_2026-02-13
0.2,3,CPI m/m|Core CPI m/m|Core PPI m/m,Neutral|Neutral|Good,9,4,5,44.4,55.6,0.8,2019-09-12_2019-10-11|2019-11-15_2019-12-14|2020-02-20_2020-03-20|2022-02-16_2022-03-17|2023-02-17_2023-03-18|2023-03-16_2023-04-14|2024-05-15_2024-06-13|2025-02-14_2025-03-15|2025-03-14_2025-04-12
0.2,3,CPI m/m|Core CPI m/m|Core PPI m/m,Bad|Bad|Neutral,1,0,1,0.0,100.0,0.0,2020-08-12_2020-09-10
0.2,3,CPI m/m|Core CPI m/m|Core PPI m/m,Bad|Bad|Bad,1,1,0,100.0,0.0,inf,2021-06-16_2021-07-15
0.2,3,CPI m/m|Core CPI m/m|Core PPI m/m,Bad|Neutral|Neutral,1,1,0,100.0,0.0,inf,2021-10-15_2021-11-13
0.3,3,CPI m/m|Core CPI m/m|Core PPI m/m,Neutral|Neutral|Neutral,37,23,14,62.2,37.8,1.64,2018-03-15_2018-04-13|2018-04-11_2018-05-10|2018-06-14_2018-07-13|2018-07-12_2018-08-10|2018-09-13_2018-10-12|2018-10-11_2018-11-09|2019-01-16_2019-02-14|2019-02-15_2019-03-16|2019-03-14_2019-04-12|2019-04-12_2019-05-11|2020-03-13_2020-04-11|2020-05-14_2020-06-12|2020-10-15_2020-11-13|2020-11-14_2020-12-13|2021-02-18_2021-03-19|2021-12-15_2022-01-13|2022-04-14_2022-05-13|2022-06-15_2022-07-14|2022-07-15_2022-08-13|2022-09-15_2022-10-14|2022-11-16_2022-12-15|2023-01-19_2023-02-17|2023-04-14_2023-05-13|2023-06-15_2023-07-14|2023-07-14_2023-08-12|2023-09-15_2023-10-14|2023-11-16_2023-12-15|2023-12-14_2024-01-12|2024-03-15_2024-04-13|2024-05-15_2024-06-13|2024-06-14_2024-07-13|2024-08-14_2024-09-12|2024-11-15_2024-12-14|2025-05-16_2025-06-14|2018-02-16_2018-03-17|2024-09-13_2024-10-12|2025-01-15_2025-02-13
0.3,3,CPI m/m|Core CPI m/m|Core PPI m/m,Neutral|Neutral|Good,8,4,4,50.0,50.0,1.0,2019-09-12_2019-10-11|2019-11-15_2019-12-14|2020-02-20_2020-03-20|2022-02-16_2022-03-17|2023-02-17_2023-03-18|2023-03-16_2023-04-14|2025-02-14_2025-03-15|2025-03-14_2025-04-12
0.3,3,CPI m/m|Core CPI m/m|Core PPI m/m,Neutral|Bad|Neutral,1,0,1,0.0,100.0,0.0,2020-08-12_2020-09-10
0.3,3,CPI m/m|Core CPI m/m|Core PPI m/m,Bad|Bad|Bad,1,1,0,100.0,0.0,inf,2021-06-16_2021-07-15
0.3,3,CPI m/m|Core CPI m/m|Core PPI m/m,Neutral|Neutral|Bad,4,2,2,50.0,50.0,1.0,2021-07-15_2021-08-13|2025-07-17_2025-08-15|2026-01-31_2026-03-01|2026-01-15_2026-02-13
0.3,3,CPI m/m|Core CPI m/m|Core PPI m/m,Bad|Neutral|Neutral,1,1,0,100.0,0.0,inf,2021-10-15_2021-11-13
0.0,3,CPI m/m|Core CPI m/m|FOMC,Good|Neutral|Neutral,1,0,1,0.0,100.0,0.0,2023-03-16_2023-04-14
0.0,3,CPI m/m|Core CPI m/m|FOMC,Neutral|Bad|Neutral,1,1,0,100.0,0.0,inf,2023-04-14_2023-05-13
0.0,3,CPI m/m|Core CPI m/m|FOMC,Neutral|Neutral|Neutral,1,1,0,100.0,0.0,inf,2023-07-14_2023-08-12
0.0,3,CPI m/m|Core CPI m/m|FOMC,Bad|Neutral|Neutral,4,2,2,50.0,50.0,1.0,2023-09-15_2023-10-14|2023-10-12_2023-11-10|2023-11-16_2023-12-15|2023-12-14_2024-01-12
0.0,3,CPI m/m|Core CPI m/m|FOMC,Good|Good|Neutral,1,0,1,0.0,100.0,0.0,2024-05-15_2024-06-13
0.0,3,CPI m/m|Core CPI m/m|FOMC,Bad|Bad|Good,1,0,1,0.0,100.0,0.0,2024-09-13_2024-10-12
0.0,3,CPI m/m|Core CPI m/m|FOMC,Bad|Bad|Neutral,1,0,1,0.0,100.0,0.0,2025-01-15_2025-02-13
0.1,3,CPI m/m|Core CPI m/m|FOMC,Neutral|Neutral|Neutral,5,2,3,40.0,60.0,0.67,2023-03-16_2023-04-14|2023-07-14_2023-08-12|2023-11-16_2023-12-15|2023-12-14_2024-01-12|2025-01-15_2025-02-13
0.1,3,CPI m/m|Core CPI m/m|FOMC,Neutral|Bad|Neutral,1,1,0,100.0,0.0,inf,2023-04-14_2023-05-13
0.1,3,CPI m/m|Core CPI m/m|FOMC,Bad|Neutral|Neutral,2,1,1,50.0,50.0,1.0,2023-09-15_2023-10-14|2023-10-12_2023-11-10
0.1,3,CPI m/m|Core CPI m/m|FOMC,Good|Neutral|Neutral,1,0,1,0.0,100.0,0.0,2024-05-15_2024-06-13
0.1,3,CPI m/m|Core CPI m/m|FOMC,Neutral|Neutral|Good,1,0,1,0.0,100.0,0.0,2024-09-13_2024-10-12
0.2,3,CPI m/m|Core CPI m/m|FOMC,Neutral|Neutral|Neutral,9,4,5,44.4,55.6,0.8,2023-03-16_2023-04-14|2023-04-14_2023-05-13|2023-07-14_2023-08-12|2023-09-15_2023-10-14|2023-10-12_2023-11-10|2023-11-16_2023-12-15|2023-12-14_2024-01-12|2024-05-15_2024-06-13|2025-01-15_2025-02-13
0.2,3,CPI m/m|Core CPI m/m|FOMC,Neutral|Neutral|Good,1,0,1,0.0,100.0,0.0,2024-09-13_2024-10-12
0.3,3,CPI m/m|Core CPI m/m|FOMC,Neutral|Neutral|Neutral,10,4,6,40.0,60.0,0.67,2023-03-16_2023-04-14|2023-04-14_2023-05-13|2023-07-14_2023-08-12|2023-09-15_2023-10-14|2023-10-12_2023-11-10|2023-11-16_2023-12-15|2023-12-14_2024-01-12|2024-05-15_2024-06-13|2024-09-13_2024-10-12|2025-01-15_2025-02-13
0.0,3,CPI m/m|Core CPI m/m|CPI y/y,Neutral|Bad|Neutral,2,2,0,100.0,0.0,inf,2018-01-12_2018-02-10|2023-02-17_2023-03-18
0.0,3,CPI m/m|Core CPI m/m|CPI y/y,Good|Neutral|Neutral,3,1,2,33.3,66.7,0.5,2018-03-15_2018-04-13|2018-06-14_2018-07-13|2018-07-12_2018-08-10
0.0,3,CPI m/m|Core CPI m/m|CPI y/y,Good|Good|Neutral,3,3,0,100.0,0.0,inf,2018-04-11_2018-05-10|2018-05-10_2018-06-08|2021-09-11_2021-10-10
0.0,3,CPI m/m|Core CPI m/m|CPI y/y,Neutral|Neutral|Neutral,6,4,2,66.7,33.3,2.0,2018-08-10_2018-09-08|2018-11-10_2018-12-09|2022-02-16_2022-03-17|2024-11-15_2024-12-14|2018-02-16_2018-03-17|2018-12-12_2019-01-10
0.0,3,CPI m/m|Core CPI m/m|CPI y/y,Good|Good|Good,19,10,9,52.6,47.4,1.11,2018-09-13_2018-10-12|2018-10-11_2018-11-09|2019-04-12_2019-05-11|2019-05-10_2019-06-08|2019-09-12_2019-10-11|2019-10-09_2019-11-07|2020-03-13_2020-04-11|2020-04-10_2020-05-09|2020-05-14_2020-06-12|2020-10-15_2020-11-13|2022-07-15_2022-08-13|2022-11-16_2022-12-15|2022-12-10_2023-01-08|2023-06-15_2023-07-14|2024-05-15_2024-06-13|2024-06-14_2024-07-13|2025-02-14_2025-03-15|2025-03-14_2025-04-12|2025-05-16_2025-06-14
0.0,3,CPI m/m|Core CPI m/m|CPI y/y,Good|Neutral|Bad,2,0,2,0.0,100.0,0.0,2019-01-16_2019-02-14|2020-01-16_2020-02-14
0.0,3,CPI m/m|Core CPI m/m|CPI y/y,Neutral|Good|Good,1,1,0,100.0,0.0,inf,2019-02-15_2019-03-16
0.0,3,CPI m/m|Core CPI m/m|CPI y/y,Bad|Good|Bad,1,0,1,0.0,100.0,0.0,2019-03-14_2019-04-12
0.0,3,CPI m/m|Core CPI m/m|CPI y/y,Bad|Good|Good,2,2,0,100.0,0.0,inf,2019-06-12_2019-07-11|2022-10-13_2022-11-11
0.0,3,CPI m/m|Core CPI m/m|CPI y/y,Neutral|Bad|Bad,1,1,0,100.0,0.0,inf,2019-08-10_2019-09-08
0.0,3,CPI m/m|Core CPI m/m|CPI y/y,Bad|Neutral|Bad,5,4,1,80.0,20.0,4.0,2019-11-15_2019-12-14|2020-02-20_2020-03-20|2023-09-15_2023-10-14|2023-10-12_2023-11-10|2023-12-14_2024-01-12
0.0,3,CPI m/m|Core CPI m/m|CPI y/y,Bad|Bad|Neutral,3,3,0,100.0,0.0,inf,2020-07-11_2020-08-09|2020-11-14_2020-12-13|2021-12-15_2022-01-13
0.0,3,CPI m/m|Core CPI m/m|CPI y/y,Bad|Bad|Bad,14,7,7,50.0,50.0,1.0,2020-08-12_2020-09-10|2020-09-11_2020-10-10|2021-04-10_2021-05-09|2021-06-16_2021-07-15|2021-10-15_2021-11-13|2021-11-10_2021-12-09|2022-01-14_2022-02-12|2022-04-14_2022-05-13|2022-05-13_2022-06-11|2022-06-15_2022-07-14|2022-09-15_2022-10-14|2024-03-15_2024-04-13|2024-09-13_2024-10-12|2025-01-15_2025-02-13
0.0,3,CPI m/m|Core CPI m/m|CPI y/y,Neutral|Good|Neutral,2,2,0,100.0,0.0,inf,2021-01-16_2021-02-14|2021-02-18_2021-03-19
0.0,3,CPI m/m|Core CPI m/m|CPI y/y,Neutral|Good|Bad,1,0,1,0.0,100.0,0.0,2021-07-15_2021-08-13
0.0,3,CPI m/m|Core CPI m/m|CPI y/y,Neutral|Neutral|Bad,1,1,0,100.0,0.0,inf,2023-01-19_2023-02-17
0.0,3,CPI m/m|Core CPI m/m|CPI y/y,Good|Neutral|Good,3,2,1,66.7,33.3,2.0,2023-03-16_2023-04-14|2026-01-31_2026-03-01|2026-01-15_2026-02-13
0.0,3,CPI m/m|Core CPI m/m|CPI y/y,Neutral|Bad|Good,2,2,0,100.0,0.0,inf,2023-04-14_2023-05-13|2024-08-14_2024-09-12
0.0,3,CPI m/m|Core CPI m/m|CPI y/y,Neutral|Neutral|Good,2,1,1,50.0,50.0,1.0,2023-07-14_2023-08-12|2025-07-17_2025-08-15
0.0,3,CPI m/m|Core CPI m/m|CPI y/y,Bad|Neutral|Neutral,2,0,2,0.0,100.0,0.0,2023-11-16_2023-12-15|2025-09-11_2025-10-10
0.1,3,CPI m/m|Core CPI m/m|CPI y/y,Neutral|Neutral|Neutral,27,19,8,70.4,29.6,2.38,2018-01-12_2018-02-10|2018-03-15_2018-04-13|2018-04-11_2018-05-10|2018-05-10_2018-06-08|2018-06-14_2018-07-13|2018-07-12_2018-08-10|2018-08-10_2018-09-08|2018-09-13_2018-10-12|2018-11-10_2018-12-09|2019-06-12_2019-07-11|2020-02-20_2020-03-20|2020-07-11_2020-08-09|2020-11-14_2020-12-13|2021-02-18_2021-03-19|2021-12-15_2022-01-13|2022-02-16_2022-03-17|2022-10-13_2022-11-11|2023-02-17_2023-03-18|2023-03-16_2023-04-14|2023-07-14_2023-08-12|2023-11-16_2023-12-15|2024-08-14_2024-09-12|2024-11-15_2024-12-14|2025-07-17_2025-08-15|2018-02-16_2018-03-17|2018-12-12_2019-01-10|2025-01-15_2025-02-13
0.1,3,CPI m/m|Core CPI m/m|CPI y/y,Neutral|Neutral|Good,9,5,4,55.6,44.4,1.25,2018-10-11_2018-11-09|2019-02-15_2019-03-16|2019-09-12_2019-10-11|2019-10-09_2019-11-07|2020-05-14_2020-06-12|2023-06-15_2023-07-14|2025-02-14_2025-03-15|2026-01-31_2026-03-01|2026-01-15_2026-02-13
0.1,3,CPI m/m|Core CPI m/m|CPI y/y,Neutral|Neutral|Bad,8,4,4,50.0,50.0,1.0,2019-01-16_2019-02-14|2019-08-10_2019-09-08|2019-11-15_2019-12-14|2021-04-10_2021-05-09|2023-01-19_2023-02-17|2023-12-14_2024-01-12|2020-01-16_2020-02-14|2024-09-13_2024-10-12
0.1,3,CPI m/m|Core CPI m/m|CPI y/y,Bad|Neutral|Neutral,2,0,2,0.0,100.0,0.0,2019-03-14_2019-04-12|2025-09-11_2025-10-10
0.1,3,CPI m/m|Core CPI m/m|CPI y/y,Good|Neutral|Good,5,2,3,40.0,60.0,0.67,2019-04-12_2019-05-11|2019-05-10_2019-06-08|2022-11-16_2022-12-15|2022-12-10_2023-01-08|2024-06-14_2024-07-13
0.1,3,CPI m/m|Core CPI m/m|CPI y/y,Good|Good|Good,4,3,1,75.0,25.0,3.0,2020-03-13_2020-04-11|2020-04-10_2020-05-09|2022-07-15_2022-08-13|2025-03-14_2025-04-12
0.1,3,CPI m/m|Core CPI m/m|CPI y/y,Bad|Bad|Bad,7,5,2,71.4,28.6,2.5,2020-08-12_2020-09-10|2020-09-11_2020-10-10|2021-06-16_2021-07-15|2021-10-15_2021-11-13|2021-11-10_2021-12-09|2022-06-15_2022-07-14|2024-03-15_2024-04-13
0.1,3,CPI m/m|Core CPI m/m|CPI y/y,Neutral|Good|Good,2,2,0,100.0,0.0,inf,2020-10-15_2020-11-13|2025-05-16_2025-06-14
0.1,3,CPI m/m|Core CPI m/m|CPI y/y,Neutral|Good|Neutral,1,1,0,100.0,0.0,inf,2021-01-16_2021-02-14
0.1,3,CPI m/m|Core CPI m/m|CPI y/y,Neutral|Good|Bad,1,0,1,0.0,100.0,0.0,2021-07-15_2021-08-13
0.1,3,CPI m/m|Core CPI m/m|CPI y/y,Good|Good|Neutral,1,1,0,100.0,0.0,inf,2021-09-11_2021-10-10
0.1,3,CPI m/m|Core CPI m/m|CPI y/y,Bad|Neutral|Bad,4,1,3,25.0,75.0,0.33,2022-01-14_2022-02-12|2022-05-13_2022-06-11|2023-09-15_2023-10-14|2023-10-12_2023-11-10
0.1,3,CPI m/m|Core CPI m/m|CPI y/y,Neutral|Bad|Bad,1,1,0,100.0,0.0,inf,2022-04-14_2022-05-13
0.1,3,CPI m/m|Core CPI m/m|CPI y/y,Bad|Bad|Neutral,1,1,0,100.0,0.0,inf,2022-09-15_2022-10-14
0.1,3,CPI m/m|Core CPI m/m|CPI y/y,Neutral|Bad|Neutral,1,1,0,100.0,0.0,inf,2023-04-14_2023-05-13
0.1,3,CPI m/m|Core CPI m/m|CPI y/y,Good|Neutral|Neutral,1,0,1,0.0,100.0,0.0,2024-05-15_2024-06-13
0.2,3,CPI m/m|Core CPI m/m|CPI y/y,Neutral|Neutral|Neutral,64,39,25,60.9,39.1,1.56,2018-01-12_2018-02-10|2018-03-15_2018-04-13|2018-04-11_2018-05-10|2018-05-10_2018-06-08|2018-06-14_2018-07-13|2018-07-12_2018-08-10|2018-08-10_2018-09-08|2018-09-13_2018-10-12|2018-10-11_2018-11-09|2018-11-10_2018-12-09|2019-01-16_2019-02-14|2019-02-15_2019-03-16|2019-03-14_2019-04-12|2019-04-12_2019-05-11|2019-05-10_2019-06-08|2019-06-12_2019-07-11|2019-08-10_2019-09-08|2019-09-12_2019-10-11|2019-10-09_2019-11-07|2019-11-15_2019-12-14|2020-02-20_2020-03-20|2020-03-13_2020-04-11|2020-04-10_2020-05-09|2020-05-14_2020-06-12|2020-07-11_2020-08-09|2020-09-11_2020-10-10|2020-10-15_2020-11-13|2020-11-14_2020-12-13|2021-01-16_2021-02-14|2021-02-18_2021-03-19|2021-04-10_2021-05-09|2021-07-15_2021-08-13|2021-09-11_2021-10-10|2021-12-15_2022-01-13|2022-02-16_2022-03-17|2022-07-15_2022-08-13|2022-09-15_2022-10-14|2022-10-13_2022-11-11|2023-02-17_2023-03-18|2023-03-16_2023-04-14|2023-04-14_2023-05-13|2023-06-15_2023-07-14|2023-07-14_2023-08-12|2023-09-15_2023-10-14|2023-10-12_2023-11-10|2023-11-16_2023-12-15|2023-12-14_2024-01-12|2024-03-15_2024-04-13|2024-05-15_2024-06-13|2024-06-14_2024-07-13|2024-08-14_2024-09-12|2024-11-15_2024-12-14|2025-02-14_2025-03-15|2025-03-14_2025-04-12|2025-05-16_2025-06-14|2025-07-17_2025-08-15|2025-09-11_2025-10-10|2026-01-31_2026-03-01|2018-02-16_2018-03-17|2018-12-12_2019-01-10|2020-01-16_2020-02-14|2024-09-13_2024-10-12|2025-01-15_2025-02-13|2026-01-15_2026-02-13
0.2,3,CPI m/m|Core CPI m/m|CPI y/y,Bad|Bad|Bad,2,1,1,50.0,50.0,1.0,2020-08-12_2020-09-10|2021-06-16_2021-07-15
0.2,3,CPI m/m|Core CPI m/m|CPI y/y,Bad|Neutral|Bad,3,2,1,66.7,33.3,2.0,2021-10-15_2021-11-13|2021-11-10_2021-12-09|2022-05-13_2022-06-11
0.2,3,CPI m/m|Core CPI m/m|CPI y/y,Neutral|Neutral|Bad,4,3,1,75.0,25.0,3.0,2022-01-14_2022-02-12|2022-04-14_2022-05-13|2022-06-15_2022-07-14|2023-01-19_2023-02-17
0.2,3,CPI m/m|Core CPI m/m|CPI y/y,Neutral|Neutral|Good,2,1,1,50.0,50.0,1.0,2022-11-16_2022-12-15|2022-12-10_2023-01-08
0.3,3,CPI m/m|Core CPI m/m|CPI y/y,Neutral|Neutral|Neutral,69,42,27,60.9,39.1,1.56,2018-01-12_2018-02-10|2018-03-15_2018-04-13|2018-04-11_2018-05-10|2018-05-10_2018-06-08|2018-06-14_2018-07-13|2018-07-12_2018-08-10|2018-08-10_2018-09-08|2018-09-13_2018-10-12|2018-10-11_2018-11-09|2018-11-10_2018-12-09|2019-01-16_2019-02-14|2019-02-15_2019-03-16|2019-03-14_2019-04-12|2019-04-12_2019-05-11|2019-05-10_2019-06-08|2019-06-12_2019-07-11|2019-08-10_2019-09-08|2019-09-12_2019-10-11|2019-10-09_2019-11-07|2019-11-15_2019-12-14|2020-02-20_2020-03-20|2020-03-13_2020-04-11|2020-04-10_2020-05-09|2020-05-14_2020-06-12|2020-07-11_2020-08-09|2020-09-11_2020-10-10|2020-10-15_2020-11-13|2020-11-14_2020-12-13|2021-01-16_2021-02-14|2021-02-18_2021-03-19|2021-04-10_2021-05-09|2021-07-15_2021-08-13|2021-09-11_2021-10-10|2021-12-15_2022-01-13|2022-01-14_2022-02-12|2022-02-16_2022-03-17|2022-04-14_2022-05-13|2022-07-15_2022-08-13|2022-09-15_2022-10-14|2022-10-13_2022-11-11|2022-11-16_2022-12-15|2022-12-10_2023-01-08|2023-01-19_2023-02-17|2023-02-17_2023-03-18|2023-03-16_2023-04-14|2023-04-14_2023-05-13|2023-06-15_2023-07-14|2023-07-14_2023-08-12|2023-09-15_2023-10-14|2023-10-12_2023-11-10|2023-11-16_2023-12-15|2023-12-14_2024-01-12|2024-03-15_2024-04-13|2024-05-15_2024-06-13|2024-06-14_2024-07-13|2024-08-14_2024-09-12|2024-11-15_2024-12-14|2025-02-14_2025-03-15|2025-03-14_2025-04-12|2025-05-16_2025-06-14|2025-07-17_2025-08-15|2025-09-11_2025-10-10|2026-01-31_2026-03-01|2018-02-16_2018-03-17|2018-12-12_2019-01-10|2020-01-16_2020-02-14|2024-09-13_2024-10-12|2025-01-15_2025-02-13|2026-01-15_2026-02-13
0.3,3,CPI m/m|Core CPI m/m|CPI y/y,Neutral|Bad|Bad,1,0,1,0.0,100.0,0.0,2020-08-12_2020-09-10
0.3,3,CPI m/m|Core CPI m/m|CPI y/y,Bad|Bad|Bad,1,1,0,100.0,0.0,inf,2021-06-16_2021-07-15
0.3,3,CPI m/m|Core CPI m/m|CPI y/y,Bad|Neutral|Neutral,3,2,1,66.7,33.3,2.0,2021-10-15_2021-11-13|2021-11-10_2021-12-09|2022-05-13_2022-06-11
0.3,3,CPI m/m|Core CPI m/m|CPI y/y,Neutral|Neutral|Bad,1,1,0,100.0,0.0,inf,2022-06-15_2022-07-14
0.0,3,CPI m/m|PPI m/m|Core PPI m/m,Good|Bad|Bad,8,4,4,50.0,50.0,1.0,2018-03-15_2018-04-13|2018-06-14_2018-07-13|2018-10-11_2018-11-09|2020-03-13_2020-04-11|2022-11-16_2022-12-15|2024-06-14_2024-07-13|2026-01-31_2026-03-01|2026-01-15_2026-02-13
0.0,3,CPI m/m|PPI m/m|Core PPI m/m,Good|Good|Neutral,1,1,0,100.0,0.0,inf,2018-04-11_2018-05-10
0.0,3,CPI m/m|PPI m/m|Core PPI m/m,Good|Good|Good,9,4,5,44.4,55.6,0.8,2018-07-12_2018-08-10|2019-09-12_2019-10-11|2022-07-15_2022-08-13|2023-03-16_2023-04-14|2023-06-15_2023-07-14|2024-05-15_2024-06-13|2025-02-14_2025-03-15|2025-03-14_2025-04-12|2025-05-16_2025-06-14
0.0,3,CPI m/m|PPI m/m|Core PPI m/m,Good|Neutral|Neutral,1,1,0,100.0,0.0,inf,2018-09-13_2018-10-12
0.0,3,CPI m/m|PPI m/m|Core PPI m/m,Good|Good|Bad,1,0,1,0.0,100.0,0.0,2019-01-16_2019-02-14
0.0,3,CPI m/m|PPI m/m|Core PPI m/m,Neutral|Good|Good,3,2,1,66.7,33.3,2.0,2019-02-15_2019-03-16|2022-02-16_2022-03-17|2023-02-17_2023-03-18
0.0,3,CPI m/m|PPI m/m|Core PPI m/m,Bad|Bad|Bad,4,1,3,25.0,75.0,0.33,2019-03-14_2019-04-12|2020-08-12_2020-09-10|2021-06-16_2021-07-15|2023-09-15_2023-10-14
0.0,3,CPI m/m|PPI m/m|Core PPI m/m,Good|Neutral|Good,1,1,0,100.0,0.0,inf,2019-04-12_2019-05-11
0.0,3,CPI m/m|PPI m/m|Core PPI m/m,Bad|Good|Good,3,3,0,100.0,0.0,inf,2019-11-15_2019-12-14|2020-02-20_2020-03-20|2023-12-14_2024-01-12
0.0,3,CPI m/m|PPI m/m|Core PPI m/m,Good|Bad|Neutral,1,0,1,0.0,100.0,0.0,2020-05-14_2020-06-12
0.0,3,CPI m/m|PPI m/m|Core PPI m/m,Good|Bad|Good,1,1,0,100.0,0.0,inf,2020-10-15_2020-11-13
0.0,3,CPI m/m|PPI m/m|Core PPI m/m,Bad|Neutral|Good,4,3,1,75.0,25.0,3.0,2020-11-14_2020-12-13|2021-10-15_2021-11-13|2022-04-14_2022-05-13|2023-11-16_2023-12-15
0.0,3,CPI m/m|PPI m/m|Core PPI m/m,Neutral|Bad|Neutral,3,3,0,100.0,0.0,inf,2021-02-18_2021-03-19|2024-11-15_2024-12-14|2018-02-16_2018-03-17
0.0,3,CPI m/m|PPI m/m|Core PPI m/m,Neutral|Bad|Bad,5,3,2,60.0,40.0,1.5,2021-07-15_2021-08-13|2023-01-19_2023-02-17|2023-07-14_2023-08-12|2024-08-14_2024-09-12|2025-07-17_2025-08-15
0.0,3,CPI m/m|PPI m/m|Core PPI m/m,Bad|Good|Neutral,3,1,2,33.3,66.7,0.5,2021-12-15_2022-01-13|2024-03-15_2024-04-13|2024-09-13_2024-10-12
0.0,3,CPI m/m|PPI m/m|Core PPI m/m,Bad|Bad|Good,1,1,0,100.0,0.0,inf,2022-06-15_2022-07-14
0.0,3,CPI m/m|PPI m/m|Core PPI m/m,Bad|Bad|Neutral,2,1,1,50.0,50.0,1.0,2022-09-15_2022-10-14|2025-01-15_2025-02-13
0.0,3,CPI m/m|PPI m/m|Core PPI m/m,Neutral|Good|Neutral,1,1,0,100.0,0.0,inf,2023-04-14_2023-05-13
0.1,3,CPI m/m|PPI m/m|Core PPI m/m,Neutral|Bad|Neutral,4,1,3,25.0,75.0,0.33,2018-03-15_2018-04-13|2020-05-14_2020-06-12|2024-11-15_2024-12-14|2025-01-15_2025-02-13
0.1,3,CPI m/m|PPI m/m|Core PPI m/m,Neutral|Neutral|Neutral,13,12,1,92.3,7.7,12.0,2018-04-11_2018-05-10|2018-06-14_2018-07-13|2018-09-13_2018-10-12|2019-02-15_2019-03-16|2020-10-15_2020-11-13|2020-11-14_2020-12-13|2021-02-18_2021-03-19|2023-04-14_2023-05-13|2023-06-15_2023-07-14|2023-07-14_2023-08-12|2024-08-14_2024-09-12|2018-02-16_2018-03-17|2024-09-13_2024-10-12
0.1,3,CPI m/m|PPI m/m|Core PPI m/m,Neutral|Good|Neutral,3,1,2,33.3,66.7,0.5,2018-07-12_2018-08-10|2019-01-16_2019-02-14|2021-12-15_2022-01-13
0.1,3,CPI m/m|PPI m/m|Core PPI m/m,Neutral|Bad|Bad,6,4,2,66.7,33.3,2.0,2018-10-11_2018-11-09|2021-07-15_2021-08-13|2023-01-19_2023-02-17|2025-07-17_2025-08-15|2026-01-31_2026-03-01|2026-01-15_2026-02-13
0.1,3,CPI m/m|PPI m/m|Core PPI m/m,Bad|Bad|Neutral,4,2,2,50.0,50.0,1.0,2019-03-14_2019-04-12|2022-06-15_2022-07-14|2022-09-15_2022-10-14|2023-09-15_2023-10-14
0.1,3,CPI m/m|PPI m/m|Core PPI m/m,Good|Neutral|Neutral,1,1,0,100.0,0.0,inf,2019-04-12_2019-05-11
0.1,3,CPI m/m|PPI m/m|Core PPI m/m,Neutral|Good|Good,8,4,4,50.0,50.0,1.0,2019-09-12_2019-10-11|2019-11-15_2019-12-14|2020-02-20_2020-03-20|2022-02-16_2022-03-17|2023-02-17_2023-03-18|2023-03-16_2023-04-14|2023-12-14_2024-01-12|2025-02-14_2025-03-15
0.1,3,CPI m/m|PPI m/m|Core PPI m/m,Good|Neutral|Bad,3,0,3,0.0,100.0,0.0,2020-03-13_2020-04-11|2022-11-16_2022-12-15|2024-06-14_2024-07-13
0.1,3,CPI m/m|PPI m/m|Core PPI m/m,Bad|Neutral|Bad,1,0,1,0.0,100.0,0.0,2020-08-12_2020-09-10
0.1,3,CPI m/m|PPI m/m|Core PPI m/m,Bad|Bad|Bad,1,1,0,100.0,0.0,inf,2021-06-16_2021-07-15
0.1,3,CPI m/m|PPI m/m|Core PPI m/m,Bad|Neutral|Neutral,2,1,1,50.0,50.0,1.0,2021-10-15_2021-11-13|2024-03-15_2024-04-13
0.1,3,CPI m/m|PPI m/m|Core PPI m/m,Neutral|Neutral|Good,3,2,1,66.7,33.3,2.0,2022-04-14_2022-05-13|2023-11-16_2023-12-15|2025-05-16_2025-06-14
0.1,3,CPI m/m|PPI m/m|Core PPI m/m,Good|Good|Good,3,2,1,66.7,33.3,2.0,2022-07-15_2022-08-13|2024-05-15_2024-06-13|2025-03-14_2025-04-12
0.2,3,CPI m/m|PPI m/m|Core PPI m/m,Neutral|Neutral|Neutral,30,19,11,63.3,36.7,1.73,2018-03-15_2018-04-13|2018-04-11_2018-05-10|2018-06-14_2018-07-13|2018-07-12_2018-08-10|2018-09-13_2018-10-12|2019-01-16_2019-02-14|2019-02-15_2019-03-16|2019-04-12_2019-05-11|2020-03-13_2020-04-11|2020-10-15_2020-11-13|2020-11-14_2020-12-13|2021-02-18_2021-03-19|2021-12-15_2022-01-13|2022-04-14_2022-05-13|2022-09-15_2022-10-14|2022-11-16_2022-12-15|2023-04-14_2023-05-13|2023-06-15_2023-07-14|2023-07-14_2023-08-12|2023-09-15_2023-10-14|2023-11-16_2023-12-15|2023-12-14_2024-01-12|2024-03-15_2024-04-13|2024-06-14_2024-07-13|2024-08-14_2024-09-12|2024-11-15_2024-12-14|2025-05-16_2025-06-14|2018-02-16_2018-03-17|2024-09-13_2024-10-12|2025-01-15_2025-02-13
0.2,3,CPI m/m|PPI m/m|Core PPI m/m,Neutral|Bad|Bad,4,2,2,50.0,50.0,1.0,2018-10-11_2018-11-09|2021-07-15_2021-08-13|2025-07-17_2025-08-15|2026-01-15_2026-02-13
0.2,3,CPI m/m|PPI m/m|Core PPI m/m,Neutral|Bad|Neutral,4,2,2,50.0,50.0,1.0,2019-03-14_2019-04-12|2020-05-14_2020-06-12|2022-06-15_2022-07-14|2023-01-19_2023-02-17
0.2,3,CPI m/m|PPI m/m|Core PPI m/m,Neutral|Good|Good,7,3,4,42.9,57.1,0.75,2019-09-12_2019-10-11|2020-02-20_2020-03-20|2023-02-17_2023-03-18|2023-03-16_2023-04-14|2024-05-15_2024-06-13|2025-02-14_2025-03-15|2025-03-14_2025-04-12
0.2,3,CPI m/m|PPI m/m|Core PPI m/m,Neutral|Neutral|Good,2,1,1,50.0,50.0,1.0,2019-11-15_2019-12-14|2022-02-16_2022-03-17
0.2,3,CPI m/m|PPI m/m|Core PPI m/m,Bad|Neutral|Neutral,2,1,1,50.0,50.0,1.0,2020-08-12_2020-09-10|2021-10-15_2021-11-13
0.2,3,CPI m/m|PPI m/m|Core PPI m/m,Bad|Bad|Bad,1,1,0,100.0,0.0,inf,2021-06-16_2021-07-15
0.2,3,CPI m/m|PPI m/m|Core PPI m/m,Neutral|Good|Neutral,1,1,0,100.0,0.0,inf,2022-07-15_2022-08-13
0.2,3,CPI m/m|PPI m/m|Core PPI m/m,Neutral|Neutral|Bad,1,1,0,100.0,0.0,inf,2026-01-31_2026-03-01
0.3,3,CPI m/m|PPI m/m|Core PPI m/m,Neutral|Neutral|Neutral,33,20,13,60.6,39.4,1.54,2018-03-15_2018-04-13|2018-04-11_2018-05-10|2018-06-14_2018-07-13|2018-07-12_2018-08-10|2018-09-13_2018-10-12|2019-01-16_2019-02-14|2019-02-15_2019-03-16|2019-03-14_2019-04-12|2019-04-12_2019-05-11|2020-03-13_2020-04-11|2020-08-12_2020-09-10|2020-10-15_2020-11-13|2020-11-14_2020-12-13|2021-02-18_2021-03-19|2021-12-15_2022-01-13|2022-04-14_2022-05-13|2022-09-15_2022-10-14|2022-11-16_2022-12-15|2023-01-19_2023-02-17|2023-04-14_2023-05-13|2023-06-15_2023-07-14|2023-07-14_2023-08-12|2023-09-15_2023-10-14|2023-11-16_2023-12-15|2023-12-14_2024-01-12|2024-03-15_2024-04-13|2024-06-14_2024-07-13|2024-08-14_2024-09-12|2024-11-15_2024-12-14|2025-05-16_2025-06-14|2018-02-16_2018-03-17|2024-09-13_2024-10-12|2025-01-15_2025-02-13
0.3,3,CPI m/m|PPI m/m|Core PPI m/m,Neutral|Bad|Neutral,3,2,1,66.7,33.3,2.0,2018-10-11_2018-11-09|2020-05-14_2020-06-12|2022-06-15_2022-07-14
0.3,3,CPI m/m|PPI m/m|Core PPI m/m,Neutral|Good|Good,5,3,2,60.0,40.0,1.5,2019-09-12_2019-10-11|2020-02-20_2020-03-20|2023-02-17_2023-03-18|2023-03-16_2023-04-14|2025-03-14_2025-04-12
0.3,3,CPI m/m|PPI m/m|Core PPI m/m,Neutral|Neutral|Good,3,1,2,33.3,66.7,0.5,2019-11-15_2019-12-14|2022-02-16_2022-03-17|2025-02-14_2025-03-15
0.3,3,CPI m/m|PPI m/m|Core PPI m/m,Bad|Bad|Bad,1,1,0,100.0,0.0,inf,2021-06-16_2021-07-15
0.3,3,CPI m/m|PPI m/m|Core PPI m/m,Neutral|Bad|Bad,2,0,2,0.0,100.0,0.0,2021-07-15_2021-08-13|2025-07-17_2025-08-15
0.3,3,CPI m/m|PPI m/m|Core PPI m/m,Bad|Neutral|Neutral,1,1,0,100.0,0.0,inf,2021-10-15_2021-11-13
0.3,3,CPI m/m|PPI m/m|Core PPI m/m,Neutral|Good|Neutral,2,1,1,50.0,50.0,1.0,2022-07-15_2022-08-13|2024-05-15_2024-06-13
0.3,3,CPI m/m|PPI m/m|Core PPI m/m,Neutral|Neutral|Bad,2,2,0,100.0,0.0,inf,2026-01-31_2026-03-01|2026-01-15_2026-02-13
0.0,3,CPI m/m|PPI m/m|FOMC,Good|Good|Neutral,2,0,2,0.0,100.0,0.0,2023-03-16_2023-04-14|2024-05-15_2024-06-13
0.0,3,CPI m/m|PPI m/m|FOMC,Neutral|Good|Neutral,1,1,0,100.0,0.0,inf,2023-04-14_2023-05-13
0.0,3,CPI m/m|PPI m/m|FOMC,Neutral|Bad|Neutral,1,1,0,100.0,0.0,inf,2023-07-14_2023-08-12
0.0,3,CPI m/m|PPI m/m|FOMC,Bad|Bad|Neutral,2,0,2,0.0,100.0,0.0,2023-09-15_2023-10-14|2025-01-15_2025-02-13
0.0,3,CPI m/m|PPI m/m|FOMC,Bad|Neutral|Neutral,1,0,1,0.0,100.0,0.0,2023-11-16_2023-12-15
0.0,3,CPI m/m|PPI m/m|FOMC,Bad|Good|Neutral,1,1,0,100.0,0.0,inf,2023-12-14_2024-01-12
0.0,3,CPI m/m|PPI m/m|FOMC,Bad|Good|Good,1,0,1,0.0,100.0,0.0,2024-09-13_2024-10-12
0.1,3,CPI m/m|PPI m/m|FOMC,Neutral|Good|Neutral,2,1,1,50.0,50.0,1.0,2023-03-16_2023-04-14|2023-12-14_2024-01-12
0.1,3,CPI m/m|PPI m/m|FOMC,Neutral|Neutral|Neutral,3,2,1,66.7,33.3,2.0,2023-04-14_2023-05-13|2023-07-14_2023-08-12|2023-11-16_2023-12-15
0.1,3,CPI m/m|PPI m/m|FOMC,Bad|Bad|Neutral,1,0,1,0.0,100.0,0.0,2023-09-15_2023-10-14
0.1,3,CPI m/m|PPI m/m|FOMC,Good|Good|Neutral,1,0,1,0.0,100.0,0.0,2024-05-15_2024-06-13
0.1,3,CPI m/m|PPI m/m|FOMC,Neutral|Neutral|Good,1,0,1,0.0,100.0,0.0,2024-09-13_2024-10-12
0.1,3,CPI m/m|PPI m/m|FOMC,Neutral|Bad|Neutral,1,0,1,0.0,100.0,0.0,2025-01-15_2025-02-13
0.2,3,CPI m/m|PPI m/m|FOMC,Neutral|Good|Neutral,2,0,2,0.0,100.0,0.0,2023-03-16_2023-04-14|2024-05-15_2024-06-13
0.2,3,CPI m/m|PPI m/m|FOMC,Neutral|Neutral|Neutral,6,3,3,50.0,50.0,1.0,2023-04-14_2023-05-13|2023-07-14_2023-08-12|2023-09-15_2023-10-14|2023-11-16_2023-12-15|2023-12-14_2024-01-12|2025-01-15_2025-02-13
0.2,3,CPI m/m|PPI m/m|FOMC,Neutral|Neutral|Good,1,0,1,0.0,100.0,0.0,2024-09-13_2024-10-12
0.3,3,CPI m/m|PPI m/m|FOMC,Neutral|Good|Neutral,2,0,2,0.0,100.0,0.0,2023-03-16_2023-04-14|2024-05-15_2024-06-13
0.3,3,CPI m/m|PPI m/m|FOMC,Neutral|Neutral|Neutral,7,3,4,42.9,57.1,0.75,2023-04-14_2023-05-13|2023-07-14_2023-08-12|2023-09-15_2023-10-14|2023-11-16_2023-12-15|2023-12-14_2024-01-12|2024-09-13_2024-10-12|2025-01-15_2025-02-13
0.0,3,CPI m/m|PPI m/m|CPI y/y,Good|Bad|Neutral,2,1,1,50.0,50.0,1.0,2018-03-15_2018-04-13|2018-06-14_2018-07-13
0.0,3,CPI m/m|PPI m/m|CPI y/y,Good|Good|Neutral,2,1,1,50.0,50.0,1.0,2018-04-11_2018-05-10|2018-07-12_2018-08-10
0.0,3,CPI m/m|PPI m/m|CPI y/y,Good|Neutral|Good,2,2,0,100.0,0.0,inf,2018-09-13_2018-10-12|2019-04-12_2019-05-11
0.0,3,CPI m/m|PPI m/m|CPI y/y,Good|Bad|Good,8,4,4,50.0,50.0,1.0,2018-10-11_2018-11-09|2020-03-13_2020-04-11|2020-05-14_2020-06-12|2020-10-15_2020-11-13|2022-11-16_2022-12-15|2024-06-14_2024-07-13|2026-01-31_2026-03-01|2026-01-15_2026-02-13
0.0,3,CPI m/m|PPI m/m|CPI y/y,Good|Good|Bad,1,0,1,0.0,100.0,0.0,2019-01-16_2019-02-14
0.0,3,CPI m/m|PPI m/m|CPI y/y,Neutral|Good|Good,2,2,0,100.0,0.0,inf,2019-02-15_2019-03-16|2023-04-14_2023-05-13
0.0,3,CPI m/m|PPI m/m|CPI y/y,Bad|Bad|Bad,7,3,4,42.9,57.1,0.75,2019-03-14_2019-04-12|2020-08-12_2020-09-10|2021-06-16_2021-07-15|2022-06-15_2022-07-14|2022-09-15_2022-10-14|2023-09-15_2023-10-14|2025-01-15_2025-02-13
0.0,3,CPI m/m|PPI m/m|CPI y/y,Good|Good|Good,8,4,4,50.0,50.0,1.0,2019-09-12_2019-10-11|2022-07-15_2022-08-13|2023-03-16_2023-04-14|2023-06-15_2023-07-14|2024-05-15_2024-06-13|2025-02-14_2025-03-15|2025-03-14_2025-04-12|2025-05-16_2025-06-14
0.0,3,CPI m/m|PPI m/m|CPI y/y,Bad|Good|Bad,5,3,2,60.0,40.0,1.5,2019-11-15_2019-12-14|2020-02-20_2020-03-20|2023-12-14_2024-01-12|2024-03-15_2024-04-13|2024-09-13_2024-10-12
0.0,3,CPI m/m|PPI m/m|CPI y/y,Bad|Neutral|Neutral,2,1,1,50.0,50.0,1.0,2020-11-14_2020-12-13|2023-11-16_2023-12-15
0.0,3,CPI m/m|PPI m/m|CPI y/y,Neutral|Bad|Neutral,3,3,0,100.0,0.0,inf,2021-02-18_2021-03-19|2024-11-15_2024-12-14|2018-02-16_2018-03-17
0.0,3,CPI m/m|PPI m/m|CPI y/y,Neutral|Bad|Bad,2,1,1,50.0,50.0,1.0,2021-07-15_2021-08-13|2023-01-19_2023-02-17
0.0,3,CPI m/m|PPI m/m|CPI y/y,Bad|Neutral|Bad,2,2,0,100.0,0.0,inf,2021-10-15_2021-11-13|2022-04-14_2022-05-13
0.0,3,CPI m/m|PPI m/m|CPI y/y,Bad|Good|Neutral,1,1,0,100.0,0.0,inf,2021-12-15_2022-01-13
0.0,3,CPI m/m|PPI m/m|CPI y/y,Neutral|Good|Neutral,2,1,1,50.0,50.0,1.0,2022-02-16_2022-03-17|2023-02-17_2023-03-18
0.0,3,CPI m/m|PPI m/m|CPI y/y,Neutral|Bad|Good,3,2,1,66.7,33.3,2.0,2023-07-14_2023-08-12|2024-08-14_2024-09-12|2025-07-17_2025-08-15
0.1,3,CPI m/m|PPI m/m|CPI y/y,Neutral|Bad|Neutral,4,1,3,25.0,75.0,0.33,2018-03-15_2018-04-13|2024-11-15_2024-12-14|2025-07-17_2025-08-15|2025-01-15_2025-02-13
0.1,3,CPI m/m|PPI m/m|CPI y/y,Neutral|Neutral|Neutral,10,9,1,90.0,10.0,9.0,2018-04-11_2018-05-10|2018-06-14_2018-07-13|2018-09-13_2018-10-12|2020-11-14_2020-12-13|2021-02-18_2021-03-19|2023-04-14_2023-05-13|2023-07-14_2023-08-12|2023-11-16_2023-12-15|2024-08-14_2024-09-12|2018-02-16_2018-03-17
0.1,3,CPI m/m|PPI m/m|CPI y/y,Neutral|Good|Neutral,6,3,3,50.0,50.0,1.0,2018-07-12_2018-08-10|2020-02-20_2020-03-20|2021-12-15_2022-01-13|2022-02-16_2022-03-17|2023-02-17_2023-03-18|2023-03-16_2023-04-14
0.1,3,CPI m/m|PPI m/m|CPI y/y,Neutral|Bad|Good,4,3,1,75.0,25.0,3.0,2018-10-11_2018-11-09|2020-05-14_2020-06-12|2026-01-31_2026-03-01|2026-01-15_2026-02-13
0.1,3,CPI m/m|PPI m/m|CPI y/y,Neutral|Good|Bad,3,2,1,66.7,33.3,2.0,2019-01-16_2019-02-14|2019-11-15_2019-12-14|2023-12-14_2024-01-12
0.1,3,CPI m/m|PPI m/m|CPI y/y,Neutral|Neutral|Good,4,4,0,100.0,0.0,inf,2019-02-15_2019-03-16|2020-10-15_2020-11-13|2023-06-15_2023-07-14|2025-05-16_2025-06-14
0.1,3,CPI m/m|PPI m/m|CPI y/y,Bad|Bad|Neutral,2,1,1,50.0,50.0,1.0,2019-03-14_2019-04-12|2022-09-15_2022-10-14
0.1,3,CPI m/m|PPI m/m|CPI y/y,Good|Neutral|Good,4,1,3,25.0,75.0,0.33,2019-04-12_2019-05-11|2020-03-13_2020-04-11|2022-11-16_2022-12-15|2024-06-14_2024-07-13
0.1,3,CPI m/m|PPI m/m|CPI y/y,Neutral|Good|Good,2,0,2,0.0,100.0,0.0,2019-09-12_2019-10-11|2025-02-14_2025-03-15
0.1,3,CPI m/m|PPI m/m|CPI y/y,Bad|Neutral|Bad,3,1,2,33.3,66.7,0.5,2020-08-12_2020-09-10|2021-10-15_2021-11-13|2024-03-15_2024-04-13
0.1,3,CPI m/m|PPI m/m|CPI y/y,Bad|Bad|Bad,3,2,1,66.7,33.3,2.0,2021-06-16_2021-07-15|2022-06-15_2022-07-14|2023-09-15_2023-10-14
0.1,3,CPI m/m|PPI m/m|CPI y/y,Neutral|Bad|Bad,2,1,1,50.0,50.0,1.0,2021-07-15_2021-08-13|2023-01-19_2023-02-17
0.1,3,CPI m/m|PPI m/m|CPI y/y,Neutral|Neutral|Bad,2,1,1,50.0,50.0,1.0,2022-04-14_2022-05-13|2024-09-13_2024-10-12
0.1,3,CPI m/m|PPI m/m|CPI y/y,Good|Good|Good,2,2,0,100.0,0.0,inf,2022-07-15_2022-08-13|2025-03-14_2025-04-12
0.1,3,CPI m/m|PPI m/m|CPI y/y,Good|Good|Neutral,1,0,1,0.0,100.0,0.0,2024-05-15_2024-06-13
0.2,3,CPI m/m|PPI m/m|CPI y/y,Neutral|Neutral|Neutral,31,20,11,64.5,35.5,1.82,2018-03-15_2018-04-13|2018-04-11_2018-05-10|2018-06-14_2018-07-13|2018-07-12_2018-08-10|2018-09-13_2018-10-12|2019-01-16_2019-02-14|2019-02-15_2019-03-16|2019-04-12_2019-05-11|2019-11-15_2019-12-14|2020-03-13_2020-04-11|2020-10-15_2020-11-13|2020-11-14_2020-12-13|2021-02-18_2021-03-19|2021-12-15_2022-01-13|2022-02-16_2022-03-17|2022-09-15_2022-10-14|2023-04-14_2023-05-13|2023-06-15_2023-07-14|2023-07-14_2023-08-12|2023-09-15_2023-10-14|2023-11-16_2023-12-15|2023-12-14_2024-01-12|2024-03-15_2024-04-13|2024-06-14_2024-07-13|2024-08-14_2024-09-12|2024-11-15_2024-12-14|2025-05-16_2025-06-14|2026-01-31_2026-03-01|2018-02-16_2018-03-17|2024-09-13_2024-10-12|2025-01-15_2025-02-13
0.2,3,CPI m/m|PPI m/m|CPI y/y,Neutral|Bad|Neutral,6,2,4,33.3,66.7,0.5,2018-10-11_2018-11-09|2019-03-14_2019-04-12|2020-05-14_2020-06-12|2021-07-15_2021-08-13|2025-07-17_2025-08-15|2026-01-15_2026-02-13
0.2,3,CPI m/m|PPI m/m|CPI y/y,Neutral|Good|Neutral,8,4,4,50.0,50.0,1.0,2019-09-12_2019-10-11|2020-02-20_2020-03-20|2022-07-15_2022-08-13|2023-02-17_2023-03-18|2023-03-16_2023-04-14|2024-05-15_2024-06-13|2025-02-14_2025-03-15|2025-03-14_2025-04-12
0.2,3,CPI m/m|PPI m/m|CPI y/y,Bad|Neutral|Bad,2,1,1,50.0,50.0,1.0,2020-08-12_2020-09-10|2021-10-15_2021-11-13
0.2,3,CPI m/m|PPI m/m|CPI y/y,Bad|Bad|Bad,1,1,0,100.0,0.0,inf,2021-06-16_2021-07-15
0.2,3,CPI m/m|PPI m/m|CPI y/y,Neutral|Neutral|Bad,1,1,0,100.0,0.0,inf,2022-04-14_2022-05-13
0.2,3,CPI m/m|PPI m/m|CPI y/y,Neutral|Bad|Bad,2,2,0,100.0,0.0,inf,2022-06-15_2022-07-14|2023-01-19_2023-02-17
0.2,3,CPI m/m|PPI m/m|CPI y/y,Neutral|Neutral|Good,1,0,1,0.0,100.0,0.0,2022-11-16_2022-12-15
0.3,3,CPI m/m|PPI m/m|CPI y/y,Neutral|Neutral|Neutral,37,23,14,62.2,37.8,1.64,2018-03-15_2018-04-13|2018-04-11_2018-05-10|2018-06-14_2018-07-13|2018-07-12_2018-08-10|2018-09-13_2018-10-12|2019-01-16_2019-02-14|2019-02-15_2019-03-16|2019-03-14_2019-04-12|2019-04-12_2019-05-11|2019-11-15_2019-12-14|2020-03-13_2020-04-11|2020-10-15_2020-11-13|2020-11-14_2020-12-13|2021-02-18_2021-03-19|2021-12-15_2022-01-13|2022-02-16_2022-03-17|2022-04-14_2022-05-13|2022-09-15_2022-10-14|2022-11-16_2022-12-15|2023-01-19_2023-02-17|2023-04-14_2023-05-13|2023-06-15_2023-07-14|2023-07-14_2023-08-12|2023-09-15_2023-10-14|2023-11-16_2023-12-15|2023-12-14_2024-01-12|2024-03-15_2024-04-13|2024-06-14_2024-07-13|2024-08-14_2024-09-12|2024-11-15_2024-12-14|2025-02-14_2025-03-15|2025-05-16_2025-06-14|2026-01-31_2026-03-01|2018-02-16_2018-03-17|2024-09-13_2024-10-12|2025-01-15_2025-02-13|2026-01-15_2026-02-13
0.3,3,CPI m/m|PPI m/m|CPI y/y,Neutral|Bad|Neutral,4,1,3,25.0,75.0,0.33,2018-10-11_2018-11-09|2020-05-14_2020-06-12|2021-07-15_2021-08-13|2025-07-17_2025-08-15
0.3,3,CPI m/m|PPI m/m|CPI y/y,Neutral|Good|Neutral,7,4,3,57.1,42.9,1.33,2019-09-12_2019-10-11|2020-02-20_2020-03-20|2022-07-15_2022-08-13|2023-02-17_2023-03-18|2023-03-16_2023-04-14|2024-05-15_2024-06-13|2025-03-14_2025-04-12
0.3,3,CPI m/m|PPI m/m|CPI y/y,Neutral|Neutral|Bad,1,0,1,0.0,100.0,0.0,2020-08-12_2020-09-10
0.3,3,CPI m/m|PPI m/m|CPI y/y,Bad|Bad|Bad,1,1,0,100.0,0.0,inf,2021-06-16_2021-07-15
0.3,3,CPI m/m|PPI m/m|CPI y/y,Bad|Neutral|Neutral,1,1,0,100.0,0.0,inf,2021-10-15_2021-11-13
0.3,3,CPI m/m|PPI m/m|CPI y/y,Neutral|Bad|Bad,1,1,0,100.0,0.0,inf,2022-06-15_2022-07-14
0.0,3,CPI m/m|Core PPI m/m|FOMC,Good|Good|Neutral,2,0,2,0.0,100.0,0.0,2023-03-16_2023-04-14|2024-05-15_2024-06-13
0.0,3,CPI m/m|Core PPI m/m|FOMC,Neutral|Neutral|Neutral,1,1,0,100.0,0.0,inf,2023-04-14_2023-05-13
0.0,3,CPI m/m|Core PPI m/m|FOMC,Neutral|Bad|Neutral,1,1,0,100.0,0.0,inf,2023-07-14_2023-08-12
0.0,3,CPI m/m|Core PPI m/m|FOMC,Bad|Bad|Neutral,1,0,1,0.0,100.0,0.0,2023-09-15_2023-10-14
0.0,3,CPI m/m|Core PPI m/m|FOMC,Bad|Good|Neutral,2,1,1,50.0,50.0,1.0,2023-11-16_2023-12-15|2023-12-14_2024-01-12
0.0,3,CPI m/m|Core PPI m/m|FOMC,Bad|Neutral|Good,1,0,1,0.0,100.0,0.0,2024-09-13_2024-10-12
0.0,3,CPI m/m|Core PPI m/m|FOMC,Bad|Neutral|Neutral,1,0,1,0.0,100.0,0.0,2025-01-15_2025-02-13
0.1,3,CPI m/m|Core PPI m/m|FOMC,Neutral|Good|Neutral,3,1,2,33.3,66.7,0.5,2023-03-16_2023-04-14|2023-11-16_2023-12-15|2023-12-14_2024-01-12
0.1,3,CPI m/m|Core PPI m/m|FOMC,Neutral|Neutral|Neutral,3,2,1,66.7,33.3,2.0,2023-04-14_2023-05-13|2023-07-14_2023-08-12|2025-01-15_2025-02-13
0.1,3,CPI m/m|Core PPI m/m|FOMC,Bad|Neutral|Neutral,1,0,1,0.0,100.0,0.0,2023-09-15_2023-10-14
0.1,3,CPI m/m|Core PPI m/m|FOMC,Good|Good|Neutral,1,0,1,0.0,100.0,0.0,2024-05-15_2024-06-13
0.1,3,CPI m/m|Core PPI m/m|FOMC,Neutral|Neutral|Good,1,0,1,0.0,100.0,0.0,2024-09-13_2024-10-12
0.2,3,CPI m/m|Core PPI m/m|FOMC,Neutral|Good|Neutral,2,0,2,0.0,100.0,0.0,2023-03-16_2023-04-14|2024-05-15_2024-06-13
0.2,3,CPI m/m|Core PPI m/m|FOMC,Neutral|Neutral|Neutral,6,3,3,50.0,50.0,1.0,2023-04-14_2023-05-13|2023-07-14_2023-08-12|2023-09-15_2023-10-14|2023-11-16_2023-12-15|2023-12-14_2024-01-12|2025-01-15_2025-02-13
0.2,3,CPI m/m|Core PPI m/m|FOMC,Neutral|Neutral|Good,1,0,1,0.0,100.0,0.0,2024-09-13_2024-10-12
0.3,3,CPI m/m|Core PPI m/m|FOMC,Neutral|Good|Neutral,1,0,1,0.0,100.0,0.0,2023-03-16_2023-04-14
0.3,3,CPI m/m|Core PPI m/m|FOMC,Neutral|Neutral|Neutral,8,3,5,37.5,62.5,0.6,2023-04-14_2023-05-13|2023-07-14_2023-08-12|2023-09-15_2023-10-14|2023-11-16_2023-12-15|2023-12-14_2024-01-12|2024-05-15_2024-06-13|2024-09-13_2024-10-12|2025-01-15_2025-02-13
0.0,3,CPI m/m|Core PPI m/m|CPI y/y,Good|Bad|Neutral,2,1,1,50.0,50.0,1.0,2018-03-15_2018-04-13|2018-06-14_2018-07-13
0.0,3,CPI m/m|Core PPI m/m|CPI y/y,Good|Neutral|Neutral,1,1,0,100.0,0.0,inf,2018-04-11_2018-05-10
0.0,3,CPI m/m|Core PPI m/m|CPI y/y,Good|Good|Neutral,1,0,1,0.0,100.0,0.0,2018-07-12_2018-08-10
0.0,3,CPI m/m|Core PPI m/m|CPI y/y,Good|Neutral|Good,2,1,1,50.0,50.0,1.0,2018-09-13_2018-10-12|2020-05-14_2020-06-12
0.0,3,CPI m/m|Core PPI m/m|CPI y/y,Good|Bad|Good,6,3,3,50.0,50.0,1.0,2018-10-11_2018-11-09|2020-03-13_2020-04-11|2022-11-16_2022-12-15|2024-06-14_2024-07-13|2026-01-31_2026-03-01|2026-01-15_2026-02-13
0.0,3,CPI m/m|Core PPI m/m|CPI y/y,Good|Bad|Bad,1,0,1,0.0,100.0,0.0,2019-01-16_2019-02-14
0.0,3,CPI m/m|Core PPI m/m|CPI y/y,Neutral|Good|Good,1,1,0,100.0,0.0,inf,2019-02-15_2019-03-16
0.0,3,CPI m/m|Core PPI m/m|CPI y/y,Bad|Bad|Bad,4,1,3,25.0,75.0,0.33,2019-03-14_2019-04-12|2020-08-12_2020-09-10|2021-06-16_2021-07-15|2023-09-15_2023-10-14
0.0,3,CPI m/m|Core PPI m/m|CPI y/y,Good|Good|Good,10,6,4,60.0,40.0,1.5,2019-04-12_2019-05-11|2019-09-12_2019-10-11|2020-10-15_2020-11-13|2022-07-15_2022-08-13|2023-03-16_2023-04-14|2023-06-15_2023-07-14|2024-05-15_2024-06-13|2025-02-14_2025-03-15|2025-03-14_2025-04-12|2025-05-16_2025-06-14
0.0,3,CPI m/m|Core PPI m/m|CPI y/y,Bad|Good|Bad,6,6,0,100.0,0.0,inf,2019-11-15_2019-12-14|2020-02-20_2020-03-20|2021-10-15_2021-11-13|2022-04-14_2022-05-13|2022-06-15_2022-07-14|2023-12-14_2024-01-12
0.0,3,CPI m/m|Core PPI m/m|CPI y/y,Bad|Good|Neutral,2,1,1,50.0,50.0,1.0,2020-11-14_2020-12-13|2023-11-16_2023-12-15
0.0,3,CPI m/m|Core PPI m/m|CPI y/y,Neutral|Neutral|Neutral,3,3,0,100.0,0.0,inf,2021-02-18_2021-03-19|2024-11-15_2024-12-14|2018-02-16_2018-03-17
0.0,3,CPI m/m|Core PPI m/m|CPI y/y,Neutral|Bad|Bad,2,1,1,50.0,50.0,1.0,2021-07-15_2021-08-13|2023-01-19_2023-02-17
0.0,3,CPI m/m|Core PPI m/m|CPI y/y,Bad|Neutral|Neutral,1,1,0,100.0,0.0,inf,2021-12-15_2022-01-13
0.0,3,CPI m/m|Core PPI m/m|CPI y/y,Neutral|Good|Neutral,2,1,1,50.0,50.0,1.0,2022-02-16_2022-03-17|2023-02-17_2023-03-18
0.0,3,CPI m/m|Core PPI m/m|CPI y/y,Bad|Neutral|Bad,4,1,3,25.0,75.0,0.33,2022-09-15_2022-10-14|2024-03-15_2024-04-13|2024-09-13_2024-10-12|2025-01-15_2025-02-13
0.0,3,CPI m/m|Core PPI m/m|CPI y/y,Neutral|Neutral|Good,1,1,0,100.0,0.0,inf,2023-04-14_2023-05-13
0.0,3,CPI m/m|Core PPI m/m|CPI y/y,Neutral|Bad|Good,3,2,1,66.7,33.3,2.0,2023-07-14_2023-08-12|2024-08-14_2024-09-12|2025-07-17_2025-08-15
0.1,3,CPI m/m|Core PPI m/m|CPI y/y,Neutral|Neutral|Neutral,14,11,3,78.6,21.4,3.67,2018-03-15_2018-04-13|2018-04-11_2018-05-10|2018-06-14_2018-07-13|2018-07-12_2018-08-10|2018-09-13_2018-10-12|2020-11-14_2020-12-13|2021-02-18_2021-03-19|2021-12-15_2022-01-13|2023-04-14_2023-05-13|2023-07-14_2023-08-12|2024-08-14_2024-09-12|2024-11-15_2024-12-14|2018-02-16_2018-03-17|2025-01-15_2025-02-13
0.1,3,CPI m/m|Core PPI m/m|CPI y/y,Neutral|Bad|Good,3,3,0,100.0,0.0,inf,2018-10-11_2018-11-09|2026-01-31_2026-03-01|2026-01-15_2026-02-13
0.1,3,CPI m/m|Core PPI m/m|CPI y/y,Neutral|Neutral|Bad,2,0,2,0.0,100.0,0.0,2019-01-16_2019-02-14|2024-09-13_2024-10-12
0.1,3,CPI m/m|Core PPI m/m|CPI y/y,Neutral|Neutral|Good,4,3,1,75.0,25.0,3.0,2019-02-15_2019-03-16|2020-05-14_2020-06-12|2020-10-15_2020-11-13|2023-06-15_2023-07-14
0.1,3,CPI m/m|Core PPI m/m|CPI y/y,Bad|Neutral|Neutral,2,1,1,50.0,50.0,1.0,2019-03-14_2019-04-12|2022-09-15_2022-10-14
0.1,3,CPI m/m|Core PPI m/m|CPI y/y,Good|Neutral|Good,1,1,0,100.0,0.0,inf,2019-04-12_2019-05-11
0.1,3,CPI m/m|Core PPI m/m|CPI y/y,Neutral|Good|Good,3,1,2,33.3,66.7,0.5,2019-09-12_2019-10-11|2025-02-14_2025-03-15|2025-05-16_2025-06-14
0.1,3,CPI m/m|Core PPI m/m|CPI y/y,Neutral|Good|Bad,3,3,0,100.0,0.0,inf,2019-11-15_2019-12-14|2022-04-14_2022-05-13|2023-12-14_2024-01-12
0.1,3,CPI m/m|Core PPI m/m|CPI y/y,Neutral|Good|Neutral,5,2,3,40.0,60.0,0.67,2020-02-20_2020-03-20|2022-02-16_2022-03-17|2023-02-17_2023-03-18|2023-03-16_2023-04-14|2023-11-16_2023-12-15
0.1,3,CPI m/m|Core PPI m/m|CPI y/y,Good|Bad|Good,3,0,3,0.0,100.0,0.0,2020-03-13_2020-04-11|2022-11-16_2022-12-15|2024-06-14_2024-07-13
0.1,3,CPI m/m|Core PPI m/m|CPI y/y,Bad|Bad|Bad,2,1,1,50.0,50.0,1.0,2020-08-12_2020-09-10|2021-06-16_2021-07-15
0.1,3,CPI m/m|Core PPI m/m|CPI y/y,Neutral|Bad|Bad,2,1,1,50.0,50.0,1.0,2021-07-15_2021-08-13|2023-01-19_2023-02-17
0.1,3,CPI m/m|Core PPI m/m|CPI y/y,Bad|Neutral|Bad,4,2,2,50.0,50.0,1.0,2021-10-15_2021-11-13|2022-06-15_2022-07-14|2023-09-15_2023-10-14|2024-03-15_2024-04-13
0.1,3,CPI m/m|Core PPI m/m|CPI y/y,Good|Good|Good,2,2,0,100.0,0.0,inf,2022-07-15_2022-08-13|2025-03-14_2025-04-12
0.1,3,CPI m/m|Core PPI m/m|CPI y/y,Good|Good|Neutral,1,0,1,0.0,100.0,0.0,2024-05-15_2024-06-13
0.1,3,CPI m/m|Core PPI m/m|CPI y/y,Neutral|Bad|Neutral,1,0,1,0.0,100.0,0.0,2025-07-17_2025-08-15
0.2,3,CPI m/m|Core PPI m/m|CPI y/y,Neutral|Neutral|Neutral,31,19,12,61.3,38.7,1.58,2018-03-15_2018-04-13|2018-04-11_2018-05-10|2018-06-14_2018-07-13|2018-07-12_2018-08-10|2018-09-13_2018-10-12|2019-01-16_2019-02-14|2019-02-15_2019-03-16|2019-03-14_2019-04-12|2019-04-12_2019-05-11|2020-03-13_2020-04-11|2020-05-14_2020-06-12|2020-10-15_2020-11-13|2020-11-14_2020-12-13|2021-02-18_2021-03-19|2021-12-15_2022-01-13|2022-07-15_2022-08-13|2022-09-15_2022-10-14|2023-04-14_2023-05-13|2023-06-15_2023-07-14|2023-07-14_2023-08-12|2023-09-15_2023-10-14|2023-11-16_2023-12-15|2023-12-14_2024-01-12|2024-03-15_2024-04-13|2024-06-14_2024-07-13|2024-08-14_2024-09-12|2024-11-15_2024-12-14|2025-05-16_2025-06-14|2018-02-16_2018-03-17|2024-09-13_2024-10-12|2025-01-15_2025-02-13
0.2,3,CPI m/m|Core PPI m/m|CPI y/y,Neutral|Bad|Neutral,5,3,2,60.0,40.0,1.5,2018-10-11_2018-11-09|2021-07-15_2021-08-13|2025-07-17_2025-08-15|2026-01-31_2026-03-01|2026-01-15_2026-02-13
0.2,3,CPI m/m|Core PPI m/m|CPI y/y,Neutral|Good|Neutral,9,4,5,44.4,55.6,0.8,2019-09-12_2019-10-11|2019-11-15_2019-12-14|2020-02-20_2020-03-20|2022-02-16_2022-03-17|2023-02-17_2023-03-18|2023-03-16_2023-04-14|2024-05-15_2024-06-13|2025-02-14_2025-03-15|2025-03-14_2025-04-12
0.2,3,CPI m/m|Core PPI m/m|CPI y/y,Bad|Neutral|Bad,2,1,1,50.0,50.0,1.0,2020-08-12_2020-09-10|2021-10-15_2021-11-13
0.2,3,CPI m/m|Core PPI m/m|CPI y/y,Bad|Bad|Bad,1,1,0,100.0,0.0,inf,2021-06-16_2021-07-15
0.2,3,CPI m/m|Core PPI m/m|CPI y/y,Neutral|Neutral|Bad,3,3,0,100.0,0.0,inf,2022-04-14_2022-05-13|2022-06-15_2022-07-14|2023-01-19_2023-02-17
0.2,3,CPI m/m|Core PPI m/m|CPI y/y,Neutral|Neutral|Good,1,0,1,0.0,100.0,0.0,2022-11-16_2022-12-15
0.3,3,CPI m/m|Core PPI m/m|CPI y/y,Neutral|Neutral|Neutral,36,22,14,61.1,38.9,1.57,2018-03-15_2018-04-13|2018-04-11_2018-05-10|2018-06-14_2018-07-13|2018-07-12_2018-08-10|2018-09-13_2018-10-12|2018-10-11_2018-11-09|2019-01-16_2019-02-14|2019-02-15_2019-03-16|2019-03-14_2019-04-12|2019-04-12_2019-05-11|2020-03-13_2020-04-11|2020-05-14_2020-06-12|2020-10-15_2020-11-13|2020-11-14_2020-12-13|2021-02-18_2021-03-19|2021-12-15_2022-01-13|2022-04-14_2022-05-13|2022-07-15_2022-08-13|2022-09-15_2022-10-14|2022-11-16_2022-12-15|2023-01-19_2023-02-17|2023-04-14_2023-05-13|2023-06-15_2023-07-14|2023-07-14_2023-08-12|2023-09-15_2023-10-14|2023-11-16_2023-12-15|2023-12-14_2024-01-12|2024-03-15_2024-04-13|2024-05-15_2024-06-13|2024-06-14_2024-07-13|2024-08-14_2024-09-12|2024-11-15_2024-12-14|2025-05-16_2025-06-14|2018-02-16_2018-03-17|2024-09-13_2024-10-12|2025-01-15_2025-02-13
0.3,3,CPI m/m|Core PPI m/m|CPI y/y,Neutral|Good|Neutral,8,4,4,50.0,50.0,1.0,2019-09-12_2019-10-11|2019-11-15_2019-12-14|2020-02-20_2020-03-20|2022-02-16_2022-03-17|2023-02-17_2023-03-18|2023-03-16_2023-04-14|2025-02-14_2025-03-15|2025-03-14_2025-04-12
0.3,3,CPI m/m|Core PPI m/m|CPI y/y,Neutral|Neutral|Bad,2,1,1,50.0,50.0,1.0,2020-08-12_2020-09-10|2022-06-15_2022-07-14
0.3,3,CPI m/m|Core PPI m/m|CPI y/y,Bad|Bad|Bad,1,1,0,100.0,0.0,inf,2021-06-16_2021-07-15
0.3,3,CPI m/m|Core PPI m/m|CPI y/y,Neutral|Bad|Neutral,4,2,2,50.0,50.0,1.0,2021-07-15_2021-08-13|2025-07-17_2025-08-15|2026-01-31_2026-03-01|2026-01-15_2026-02-13
0.3,3,CPI m/m|Core PPI m/m|CPI y/y,Bad|Neutral|Neutral,1,1,0,100.0,0.0,inf,2021-10-15_2021-11-13
0.0,3,CPI m/m|FOMC|CPI y/y,Good|Neutral|Good,2,0,2,0.0,100.0,0.0,2023-03-16_2023-04-14|2024-05-15_2024-06-13
0.0,3,CPI m/m|FOMC|CPI y/y,Neutral|Neutral|Good,2,2,0,100.0,0.0,inf,2023-04-14_2023-05-13|2023-07-14_2023-08-12
0.0,3,CPI m/m|FOMC|CPI y/y,Bad|Neutral|Bad,4,2,2,50.0,50.0,1.0,2023-09-15_2023-10-14|2023-10-12_2023-11-10|2023-12-14_2024-01-12|2025-01-15_2025-02-13
0.0,3,CPI m/m|FOMC|CPI y/y,Bad|Neutral|Neutral,1,0,1,0.0,100.0,0.0,2023-11-16_2023-12-15
0.0,3,CPI m/m|FOMC|CPI y/y,Bad|Good|Bad,1,0,1,0.0,100.0,0.0,2024-09-13_2024-10-12
0.1,3,CPI m/m|FOMC|CPI y/y,Neutral|Neutral|Neutral,5,2,3,40.0,60.0,0.67,2023-03-16_2023-04-14|2023-04-14_2023-05-13|2023-07-14_2023-08-12|2023-11-16_2023-12-15|2025-01-15_2025-02-13
0.1,3,CPI m/m|FOMC|CPI y/y,Bad|Neutral|Bad,2,1,1,50.0,50.0,1.0,2023-09-15_2023-10-14|2023-10-12_2023-11-10
0.1,3,CPI m/m|FOMC|CPI y/y,Neutral|Neutral|Bad,1,1,0,100.0,0.0,inf,2023-12-14_2024-01-12
0.1,3,CPI m/m|FOMC|CPI y/y,Good|Neutral|Neutral,1,0,1,0.0,100.0,0.0,2024-05-15_2024-06-13
0.1,3,CPI m/m|FOMC|CPI y/y,Neutral|Good|Bad,1,0,1,0.0,100.0,0.0,2024-09-13_2024-10-12
0.2,3,CPI m/m|FOMC|CPI y/y,Neutral|Neutral|Neutral,9,4,5,44.4,55.6,0.8,2023-03-16_2023-04-14|2023-04-14_2023-05-13|2023-07-14_2023-08-12|2023-09-15_2023-10-14|2023-10-12_2023-11-10|2023-11-16_2023-12-15|2023-12-14_2024-01-12|2024-05-15_2024-06-13|2025-01-15_2025-02-13
0.2,3,CPI m/m|FOMC|CPI y/y,Neutral|Good|Neutral,1,0,1,0.0,100.0,0.0,2024-09-13_2024-10-12
0.3,3,CPI m/m|FOMC|CPI y/y,Neutral|Neutral|Neutral,10,4,6,40.0,60.0,0.67,2023-03-16_2023-04-14|2023-04-14_2023-05-13|2023-07-14_2023-08-12|2023-09-15_2023-10-14|2023-10-12_2023-11-10|2023-11-16_2023-12-15|2023-12-14_2024-01-12|2024-05-15_2024-06-13|2024-09-13_2024-10-12|2025-01-15_2025-02-13
0.0,3,Core CPI m/m|PPI m/m|Core PPI m/m,Neutral|Bad|Bad,8,5,3,62.5,37.5,1.67,2018-03-15_2018-04-13|2018-06-14_2018-07-13|2023-01-19_2023-02-17|2023-07-14_2023-08-12|2023-09-15_2023-10-14|2025-07-17_2025-08-15|2026-01-31_2026-03-01|2026-01-15_2026-02-13
0.0,3,Core CPI m/m|PPI m/m|Core PPI m/m,Good|Good|Neutral,1,1,0,100.0,0.0,inf,2018-04-11_2018-05-10
0.0,3,Core CPI m/m|PPI m/m|Core PPI m/m,Neutral|Good|Good,6,3,3,50.0,50.0,1.0,2018-07-12_2018-08-10|2019-11-15_2019-12-14|2020-02-20_2020-03-20|2022-02-16_2022-03-17|2023-03-16_2023-04-14|2023-12-14_2024-01-12
0.0,3,Core CPI m/m|PPI m/m|Core PPI m/m,Good|Neutral|Neutral,1,1,0,100.0,0.0,inf,2018-09-13_2018-10-12
0.0,3,Core CPI m/m|PPI m/m|Core PPI m/m,Good|Bad|Bad,6,1,5,16.7,83.3,0.2,2018-10-11_2018-11-09|2019-03-14_2019-04-12|2020-03-13_2020-04-11|2021-07-15_2021-08-13|2022-11-16_2022-12-15|2024-06-14_2024-07-13
0.0,3,Core CPI m/m|PPI m/m|Core PPI m/m,Neutral|Good|Bad,1,0,1,0.0,100.0,0.0,2019-01-16_2019-02-14
0.0,3,Core CPI m/m|PPI m/m|Core PPI m/m,Good|Good|Good,8,5,3,62.5,37.5,1.67,2019-02-15_2019-03-16|2019-09-12_2019-10-11|2022-07-15_2022-08-13|2023-06-15_2023-07-14|2024-05-15_2024-06-13|2025-02-14_2025-03-15|2025-03-14_2025-04-12|2025-05-16_2025-06-14
0.0,3,Core CPI m/m|PPI m/m|Core PPI m/m,Good|Neutral|Good,1,1,0,100.0,0.0,inf,2019-04-12_2019-05-11
0.0,3,Core CPI m/m|PPI m/m|Core PPI m/m,Good|Bad|Neutral,2,1,1,50.0,50.0,1.0,2020-05-14_2020-06-12|2021-02-18_2021-03-19
0.0,3,Core CPI m/m|PPI m/m|Core PPI m/m,Bad|Bad|Bad,3,2,1,66.7,33.3,2.0,2020-08-12_2020-09-10|2021-06-16_2021-07-15|2024-08-14_2024-09-12
0.0,3,Core CPI m/m|PPI m/m|Core PPI m/m,Good|Bad|Good,1,1,0,100.0,0.0,inf,2020-10-15_2020-11-13
0.0,3,Core CPI m/m|PPI m/m|Core PPI m/m,Bad|Neutral|Good,3,3,0,100.0,0.0,inf,2020-11-14_2020-12-13|2021-10-15_2021-11-13|2022-04-14_2022-05-13
0.0,3,Core CPI m/m|PPI m/m|Core PPI m/m,Bad|Good|Neutral,4,2,2,50.0,50.0,1.0,2021-12-15_2022-01-13|2023-04-14_2023-05-13|2024-03-15_2024-04-13|2024-09-13_2024-10-12
0.0,3,Core CPI m/m|PPI m/m|Core PPI m/m,Bad|Bad|Good,1,1,0,100.0,0.0,inf,2022-06-15_2022-07-14
0.0,3,Core CPI m/m|PPI m/m|Core PPI m/m,Bad|Bad|Neutral,2,1,1,50.0,50.0,1.0,2022-09-15_2022-10-14|2025-01-15_2025-02-13
0.0,3,Core CPI m/m|PPI m/m|Core PPI m/m,Bad|Good|Good,1,1,0,100.0,0.0,inf,2023-02-17_2023-03-18
0.0,3,Core CPI m/m|PPI m/m|Core PPI m/m,Neutral|Neutral|Good,1,0,1,0.0,100.0,0.0,2023-11-16_2023-12-15
0.0,3,Core CPI m/m|PPI m/m|Core PPI m/m,Neutral|Bad|Neutral,2,2,0,100.0,0.0,inf,2024-11-15_2024-12-14|2018-02-16_2018-03-17
0.1,3,Core CPI m/m|PPI m/m|Core PPI m/m,Neutral|Bad|Neutral,6,1,5,16.7,83.3,0.2,2018-03-15_2018-04-13|2019-03-14_2019-04-12|2020-05-14_2020-06-12|2023-09-15_2023-10-14|2024-11-15_2024-12-14|2025-01-15_2025-02-13
0.1,3,Core CPI m/m|PPI m/m|Core PPI m/m,Neutral|Neutral|Neutral,12,11,1,91.7,8.3,11.0,2018-04-11_2018-05-10|2018-06-14_2018-07-13|2018-09-13_2018-10-12|2019-02-15_2019-03-16|2019-04-12_2019-05-11|2020-11-14_2020-12-13|2021-02-18_2021-03-19|2023-06-15_2023-07-14|2023-07-14_2023-08-12|2024-08-14_2024-09-12|2018-02-16_2018-03-17|2024-09-13_2024-10-12
0.1,3,Core CPI m/m|PPI m/m|Core PPI m/m,Neutral|Good|Neutral,3,1,2,33.3,66.7,0.5,2018-07-12_2018-08-10|2019-01-16_2019-02-14|2021-12-15_2022-01-13
0.1,3,Core CPI m/m|PPI m/m|Core PPI m/m,Neutral|Bad|Bad,5,4,1,80.0,20.0,4.0,2018-10-11_2018-11-09|2023-01-19_2023-02-17|2025-07-17_2025-08-15|2026-01-31_2026-03-01|2026-01-15_2026-02-13
0.1,3,Core CPI m/m|PPI m/m|Core PPI m/m,Neutral|Good|Good,9,4,5,44.4,55.6,0.8,2019-09-12_2019-10-11|2019-11-15_2019-12-14|2020-02-20_2020-03-20|2022-02-16_2022-03-17|2023-02-17_2023-03-18|2023-03-16_2023-04-14|2023-12-14_2024-01-12|2024-05-15_2024-06-13|2025-02-14_2025-03-15
0.1,3,Core CPI m/m|PPI m/m|Core PPI m/m,Good|Neutral|Bad,1,0,1,0.0,100.0,0.0,2020-03-13_2020-04-11
0.1,3,Core CPI m/m|PPI m/m|Core PPI m/m,Bad|Neutral|Bad,1,0,1,0.0,100.0,0.0,2020-08-12_2020-09-10
0.1,3,Core CPI m/m|PPI m/m|Core PPI m/m,Good|Neutral|Neutral,1,1,0,100.0,0.0,inf,2020-10-15_2020-11-13
0.1,3,Core CPI m/m|PPI m/m|Core PPI m/m,Bad|Bad|Bad,1,1,0,100.0,0.0,inf,2021-06-16_2021-07-15
0.1,3,Core CPI m/m|PPI m/m|Core PPI m/m,Good|Bad|Bad,1,0,1,0.0,100.0,0.0,2021-07-15_2021-08-13
0.1,3,Core CPI m/m|PPI m/m|Core PPI m/m,Bad|Neutral|Neutral,3,2,1,66.7,33.3,2.0,2021-10-15_2021-11-13|2023-04-14_2023-05-13|2024-03-15_2024-04-13
0.1,3,Core CPI m/m|PPI m/m|Core PPI m/m,Bad|Neutral|Good,1,1,0,100.0,0.0,inf,2022-04-14_2022-05-13
0.1,3,Core CPI m/m|PPI m/m|Core PPI m/m,Bad|Bad|Neutral,2,2,0,100.0,0.0,inf,2022-06-15_2022-07-14|2022-09-15_2022-10-14
0.1,3,Core CPI m/m|PPI m/m|Core PPI m/m,Good|Good|Good,2,2,0,100.0,0.0,inf,2022-07-15_2022-08-13|2025-03-14_2025-04-12
0.1,3,Core CPI m/m|PPI m/m|Core PPI m/m,Neutral|Neutral|Bad,2,0,2,0.0,100.0,0.0,2022-11-16_2022-12-15|2024-06-14_2024-07-13
0.1,3,Core CPI m/m|PPI m/m|Core PPI m/m,Neutral|Neutral|Good,1,0,1,0.0,100.0,0.0,2023-11-16_2023-12-15
0.1,3,Core CPI m/m|PPI m/m|Core PPI m/m,Good|Neutral|Good,1,1,0,100.0,0.0,inf,2025-05-16_2025-06-14
0.2,3,Core CPI m/m|PPI m/m|Core PPI m/m,Neutral|Neutral|Neutral,31,20,11,64.5,35.5,1.82,2018-03-15_2018-04-13|2018-04-11_2018-05-10|2018-06-14_2018-07-13|2018-07-12_2018-08-10|2018-09-13_2018-10-12|2019-01-16_2019-02-14|2019-02-15_2019-03-16|2019-04-12_2019-05-11|2020-03-13_2020-04-11|2020-10-15_2020-11-13|2020-11-14_2020-12-13|2021-02-18_2021-03-19|2021-10-15_2021-11-13|2021-12-15_2022-01-13|2022-04-14_2022-05-13|2022-09-15_2022-10-14|2022-11-16_2022-12-15|2023-04-14_2023-05-13|2023-06-15_2023-07-14|2023-07-14_2023-08-12|2023-09-15_2023-10-14|2023-11-16_2023-12-15|2023-12-14_2024-01-12|2024-03-15_2024-04-13|2024-06-14_2024-07-13|2024-08-14_2024-09-12|2024-11-15_2024-12-14|2025-05-16_2025-06-14|2018-02-16_2018-03-17|2024-09-13_2024-10-12|2025-01-15_2025-02-13
0.2,3,Core CPI m/m|PPI m/m|Core PPI m/m,Neutral|Bad|Bad,4,2,2,50.0,50.0,1.0,2018-10-11_2018-11-09|2021-07-15_2021-08-13|2025-07-17_2025-08-15|2026-01-15_2026-02-13
0.2,3,Core CPI m/m|PPI m/m|Core PPI m/m,Neutral|Bad|Neutral,4,2,2,50.0,50.0,1.0,2019-03-14_2019-04-12|2020-05-14_2020-06-12|2022-06-15_2022-07-14|2023-01-19_2023-02-17
0.2,3,Core CPI m/m|PPI m/m|Core PPI m/m,Neutral|Good|Good,7,3,4,42.9,57.1,0.75,2019-09-12_2019-10-11|2020-02-20_2020-03-20|2023-02-17_2023-03-18|2023-03-16_2023-04-14|2024-05-15_2024-06-13|2025-02-14_2025-03-15|2025-03-14_2025-04-12
0.2,3,Core CPI m/m|PPI m/m|Core PPI m/m,Neutral|Neutral|Good,2,1,1,50.0,50.0,1.0,2019-11-15_2019-12-14|2022-02-16_2022-03-17
0.2,3,Core CPI m/m|PPI m/m|Core PPI m/m,Bad|Neutral|Neutral,1,0,1,0.0,100.0,0.0,2020-08-12_2020-09-10
0.2,3,Core CPI m/m|PPI m/m|Core PPI m/m,Bad|Bad|Bad,1,1,0,100.0,0.0,inf,2021-06-16_2021-07-15
0.2,3,Core CPI m/m|PPI m/m|Core PPI m/m,Neutral|Good|Neutral,1,1,0,100.0,0.0,inf,2022-07-15_2022-08-13
0.2,3,Core CPI m/m|PPI m/m|Core PPI m/m,Neutral|Neutral|Bad,1,1,0,100.0,0.0,inf,2026-01-31_2026-03-01
0.3,3,Core CPI m/m|PPI m/m|Core PPI m/m,Neutral|Neutral|Neutral,33,21,12,63.6,36.4,1.75,2018-03-15_2018-04-13|2018-04-11_2018-05-10|2018-06-14_2018-07-13|2018-07-12_2018-08-10|2018-09-13_2018-10-12|2019-01-16_2019-02-14|2019-02-15_2019-03-16|2019-03-14_2019-04-12|2019-04-12_2019-05-11|2020-03-13_2020-04-11|2020-10-15_2020-11-13|2020-11-14_2020-12-13|2021-02-18_2021-03-19|2021-10-15_2021-11-13|2021-12-15_2022-01-13|2022-04-14_2022-05-13|2022-09-15_2022-10-14|2022-11-16_2022-12-15|2023-01-19_2023-02-17|2023-04-14_2023-05-13|2023-06-15_2023-07-14|2023-07-14_2023-08-12|2023-09-15_2023-10-14|2023-11-16_2023-12-15|2023-12-14_2024-01-12|2024-03-15_2024-04-13|2024-06-14_2024-07-13|2024-08-14_2024-09-12|2024-11-15_2024-12-14|2025-05-16_2025-06-14|2018-02-16_2018-03-17|2024-09-13_2024-10-12|2025-01-15_2025-02-13
0.3,3,Core CPI m/m|PPI m/m|Core PPI m/m,Neutral|Bad|Neutral,3,2,1,66.7,33.3,2.0,2018-10-11_2018-11-09|2020-05-14_2020-06-12|2022-06-15_2022-07-14
0.3,3,Core CPI m/m|PPI m/m|Core PPI m/m,Neutral|Good|Good,5,3,2,60.0,40.0,1.5,2019-09-12_2019-10-11|2020-02-20_2020-03-20|2023-02-17_2023-03-18|2023-03-16_2023-04-14|2025-03-14_2025-04-12
0.3,3,Core CPI m/m|PPI m/m|Core PPI m/m,Neutral|Neutral|Good,3,1,2,33.3,66.7,0.5,2019-11-15_2019-12-14|2022-02-16_2022-03-17|2025-02-14_2025-03-15
0.3,3,Core CPI m/m|PPI m/m|Core PPI m/m,Bad|Neutral|Neutral,1,0,1,0.0,100.0,0.0,2020-08-12_2020-09-10
0.3,3,Core CPI m/m|PPI m/m|Core PPI m/m,Bad|Bad|Bad,1,1,0,100.0,0.0,inf,2021-06-16_2021-07-15
0.3,3,Core CPI m/m|PPI m/m|Core PPI m/m,Neutral|Bad|Bad,2,0,2,0.0,100.0,0.0,2021-07-15_2021-08-13|2025-07-17_2025-08-15
0.3,3,Core CPI m/m|PPI m/m|Core PPI m/m,Neutral|Good|Neutral,2,1,1,50.0,50.0,1.0,2022-07-15_2022-08-13|2024-05-15_2024-06-13
0.3,3,Core CPI m/m|PPI m/m|Core PPI m/m,Neutral|Neutral|Bad,2,2,0,100.0,0.0,inf,2026-01-31_2026-03-01|2026-01-15_2026-02-13
0.0,3,Core CPI m/m|PPI m/m|FOMC,Neutral|Good|Neutral,2,1,1,50.0,50.0,1.0,2023-03-16_2023-04-14|2023-12-14_2024-01-12
0.0,3,Core CPI m/m|PPI m/m|FOMC,Bad|Good|Neutral,1,1,0,100.0,0.0,inf,2023-04-14_2023-05-13
0.0,3,Core CPI m/m|PPI m/m|FOMC,Neutral|Bad|Neutral,2,1,1,50.0,50.0,1.0,2023-07-14_2023-08-12|2023-09-15_2023-10-14
0.0,3,Core CPI m/m|PPI m/m|FOMC,Neutral|Neutral|Neutral,1,0,1,0.0,100.0,0.0,2023-11-16_2023-12-15
0.0,3,Core CPI m/m|PPI m/m|FOMC,Good|Good|Neutral,1,0,1,0.0,100.0,0.0,2024-05-15_2024-06-13
0.0,3,Core CPI m/m|PPI m/m|FOMC,Bad|Good|Good,1,0,1,0.0,100.0,0.0,2024-09-13_2024-10-12
0.0,3,Core CPI m/m|PPI m/m|FOMC,Bad|Bad|Neutral,1,0,1,0.0,100.0,0.0,2025-01-15_2025-02-13
0.1,3,Core CPI m/m|PPI m/m|FOMC,Neutral|Good|Neutral,3,1,2,33.3,66.7,0.5,2023-03-16_2023-04-14|2023-12-14_2024-01-12|2024-05-15_2024-06-13
0.1,3,Core CPI m/m|PPI m/m|FOMC,Bad|Neutral|Neutral,1,1,0,100.0,0.0,inf,2023-04-14_2023-05-13
0.1,3,Core CPI m/m|PPI m/m|FOMC,Neutral|Neutral|Neutral,2,1,1,50.0,50.0,1.0,2023-07-14_2023-08-12|2023-11-16_2023-12-15
0.1,3,Core CPI m/m|PPI m/m|FOMC,Neutral|Bad|Neutral,2,0,2,0.0,100.0,0.0,2023-09-15_2023-10-14|2025-01-15_2025-02-13
0.1,3,Core CPI m/m|PPI m/m|FOMC,Neutral|Neutral|Good,1,0,1,0.0,100.0,0.0,2024-09-13_2024-10-12
0.2,3,Core CPI m/m|PPI m/m|FOMC,Neutral|Good|Neutral,2,0,2,0.0,100.0,0.0,2023-03-16_2023-04-14|2024-05-15_2024-06-13
0.2,3,Core CPI m/m|PPI m/m|FOMC,Neutral|Neutral|Neutral,6,3,3,50.0,50.0,1.0,2023-04-14_2023-05-13|2023-07-14_2023-08-12|2023-09-15_2023-10-14|2023-11-16_2023-12-15|2023-12-14_2024-01-12|2025-01-15_2025-02-13
0.2,3,Core CPI m/m|PPI m/m|FOMC,Neutral|Neutral|Good,1,0,1,0.0,100.0,0.0,2024-09-13_2024-10-12
0.3,3,Core CPI m/m|PPI m/m|FOMC,Neutral|Good|Neutral,2,0,2,0.0,100.0,0.0,2023-03-16_2023-04-14|2024-05-15_2024-06-13
0.3,3,Core CPI m/m|PPI m/m|FOMC,Neutral|Neutral|Neutral,7,3,4,42.9,57.1,0.75,2023-04-14_2023-05-13|2023-07-14_2023-08-12|2023-09-15_2023-10-14|2023-11-16_2023-12-15|2023-12-14_2024-01-12|2024-09-13_2024-10-12|2025-01-15_2025-02-13
0.0,3,Core CPI m/m|PPI m/m|CPI y/y,Neutral|Bad|Neutral,4,3,1,75.0,25.0,3.0,2018-03-15_2018-04-13|2018-06-14_2018-07-13|2024-11-15_2024-12-14|2018-02-16_2018-03-17
0.0,3,Core CPI m/m|PPI m/m|CPI y/y,Good|Good|Neutral,1,1,0,100.0,0.0,inf,2018-04-11_2018-05-10
0.0,3,Core CPI m/m|PPI m/m|CPI y/y,Neutral|Good|Neutral,2,0,2,0.0,100.0,0.0,2018-07-12_2018-08-10|2022-02-16_2022-03-17
0.0,3,Core CPI m/m|PPI m/m|CPI y/y,Good|Neutral|Good,2,2,0,100.0,0.0,inf,2018-09-13_2018-10-12|2019-04-12_2019-05-11
0.0,3,Core CPI m/m|PPI m/m|CPI y/y,Good|Bad|Good,6,2,4,33.3,66.7,0.5,2018-10-11_2018-11-09|2020-03-13_2020-04-11|2020-05-14_2020-06-12|2020-10-15_2020-11-13|2022-11-16_2022-12-15|2024-06-14_2024-07-13
0.0,3,Core CPI m/m|PPI m/m|CPI y/y,Neutral|Good|Bad,4,3,1,75.0,25.0,3.0,2019-01-16_2019-02-14|2019-11-15_2019-12-14|2020-02-20_2020-03-20|2023-12-14_2024-01-12
0.0,3,Core CPI m/m|PPI m/m|CPI y/y,Good|Good|Good,8,5,3,62.5,37.5,1.67,2019-02-15_2019-03-16|2019-09-12_2019-10-11|2022-07-15_2022-08-13|2023-06-15_2023-07-14|2024-05-15_2024-06-13|2025-02-14_2025-03-15|2025-03-14_2025-04-12|2025-05-16_2025-06-14
0.0,3,Core CPI m/m|PPI m/m|CPI y/y,Good|Bad|Bad,2,0,2,0.0,100.0,0.0,2019-03-14_2019-04-12|2021-07-15_2021-08-13
0.0,3,Core CPI m/m|PPI m/m|CPI y/y,Bad|Bad|Bad,5,3,2,60.0,40.0,1.5,2020-08-12_2020-09-10|2021-06-16_2021-07-15|2022-06-15_2022-07-14|2022-09-15_2022-10-14|2025-01-15_2025-02-13
0.0,3,Core CPI m/m|PPI m/m|CPI y/y,Bad|Neutral|Neutral,1,1,0,100.0,0.0,inf,2020-11-14_2020-12-13
0.0,3,Core CPI m/m|PPI m/m|CPI y/y,Good|Bad|Neutral,1,1,0,100.0,0.0,inf,2021-02-18_2021-03-19
0.0,3,Core CPI m/m|PPI m/m|CPI y/y,Bad|Neutral|Bad,2,2,0,100.0,0.0,inf,2021-10-15_2021-11-13|2022-04-14_2022-05-13
0.0,3,Core CPI m/m|PPI m/m|CPI y/y,Bad|Good|Neutral,2,2,0,100.0,0.0,inf,2021-12-15_2022-01-13|2023-02-17_2023-03-18
0.0,3,Core CPI m/m|PPI m/m|CPI y/y,Neutral|Bad|Bad,2,1,1,50.0,50.0,1.0,2023-01-19_2023-02-17|2023-09-15_2023-10-14
0.0,3,Core CPI m/m|PPI m/m|CPI y/y,Neutral|Good|Good,1,0,1,0.0,100.0,0.0,2023-03-16_2023-04-14
0.0,3,Core CPI m/m|PPI m/m|CPI y/y,Bad|Good|Good,1,1,0,100.0,0.0,inf,2023-04-14_2023-05-13
0.0,3,Core CPI m/m|PPI m/m|CPI y/y,Neutral|Bad|Good,4,3,1,75.0,25.0,3.0,2023-07-14_2023-08-12|2025-07-17_2025-08-15|2026-01-31_2026-03-01|2026-01-15_2026-02-13
0.0,3,Core CPI m/m|PPI m/m|CPI y/y,Neutral|Neutral|Neutral,1,0,1,0.0,100.0,0.0,2023-11-16_2023-12-15
0.0,3,Core CPI m/m|PPI m/m|CPI y/y,Bad|Good|Bad,2,0,2,0.0,100.0,0.0,2024-03-15_2024-04-13|2024-09-13_2024-10-12
0.0,3,Core CPI m/m|PPI m/m|CPI y/y,Bad|Bad|Good,1,1,0,100.0,0.0,inf,2024-08-14_2024-09-12
0.1,3,Core CPI m/m|PPI m/m|CPI y/y,Neutral|Bad|Neutral,5,1,4,20.0,80.0,0.25,2018-03-15_2018-04-13|2019-03-14_2019-04-12|2024-11-15_2024-12-14|2025-07-17_2025-08-15|2025-01-15_2025-02-13
0.1,3,Core CPI m/m|PPI m/m|CPI y/y,Neutral|Neutral|Neutral,9,8,1,88.9,11.1,8.0,2018-04-11_2018-05-10|2018-06-14_2018-07-13|2018-09-13_2018-10-12|2020-11-14_2020-12-13|2021-02-18_2021-03-19|2023-07-14_2023-08-12|2023-11-16_2023-12-15|2024-08-14_2024-09-12|2018-02-16_2018-03-17
0.1,3,Core CPI m/m|PPI m/m|CPI y/y,Neutral|Good|Neutral,7,3,4,42.9,57.1,0.75,2018-07-12_2018-08-10|2020-02-20_2020-03-20|2021-12-15_2022-01-13|2022-02-16_2022-03-17|2023-02-17_2023-03-18|2023-03-16_2023-04-14|2024-05-15_2024-06-13
0.1,3,Core CPI m/m|PPI m/m|CPI y/y,Neutral|Bad|Good,4,3,1,75.0,25.0,3.0,2018-10-11_2018-11-09|2020-05-14_2020-06-12|2026-01-31_2026-03-01|2026-01-15_2026-02-13
0.1,3,Core CPI m/m|PPI m/m|CPI y/y,Neutral|Good|Bad,3,2,1,66.7,33.3,2.0,2019-01-16_2019-02-14|2019-11-15_2019-12-14|2023-12-14_2024-01-12
0.1,3,Core CPI m/m|PPI m/m|CPI y/y,Neutral|Neutral|Good,5,3,2,60.0,40.0,1.5,2019-02-15_2019-03-16|2019-04-12_2019-05-11|2022-11-16_2022-12-15|2023-06-15_2023-07-14|2024-06-14_2024-07-13
0.1,3,Core CPI m/m|PPI m/m|CPI y/y,Neutral|Good|Good,2,0,2,0.0,100.0,0.0,2019-09-12_2019-10-11|2025-02-14_2025-03-15
0.1,3,Core CPI m/m|PPI m/m|CPI y/y,Good|Neutral|Good,3,2,1,66.7,33.3,2.0,2020-03-13_2020-04-11|2020-10-15_2020-11-13|2025-05-16_2025-06-14
0.1,3,Core CPI m/m|PPI m/m|CPI y/y,Bad|Neutral|Bad,4,2,2,50.0,50.0,1.0,2020-08-12_2020-09-10|2021-10-15_2021-11-13|2022-04-14_2022-05-13|2024-03-15_2024-04-13
0.1,3,Core CPI m/m|PPI m/m|CPI y/y,Bad|Bad|Bad,2,2,0,100.0,0.0,inf,2021-06-16_2021-07-15|2022-06-15_2022-07-14
0.1,3,Core CPI m/m|PPI m/m|CPI y/y,Good|Bad|Bad,1,0,1,0.0,100.0,0.0,2021-07-15_2021-08-13
0.1,3,Core CPI m/m|PPI m/m|CPI y/y,Good|Good|Good,2,2,0,100.0,0.0,inf,2022-07-15_2022-08-13|2025-03-14_2025-04-12
0.1,3,Core CPI m/m|PPI m/m|CPI y/y,Bad|Bad|Neutral,1,1,0,100.0,0.0,inf,2022-09-15_2022-10-14
0.1,3,Core CPI m/m|PPI m/m|CPI y/y,Neutral|Bad|Bad,2,1,1,50.0,50.0,1.0,2023-01-19_2023-02-17|2023-09-15_2023-10-14
0.1,3,Core CPI m/m|PPI m/m|CPI y/y,Bad|Neutral|Neutral,1,1,0,100.0,0.0,inf,2023-04-14_2023-05-13
0.1,3,Core CPI m/m|PPI m/m|CPI y/y,Neutral|Neutral|Bad,1,0,1,0.0,100.0,0.0,2024-09-13_2024-10-12
0.2,3,Core CPI m/m|PPI m/m|CPI y/y,Neutral|Neutral|Neutral,31,20,11,64.5,35.5,1.82,2018-03-15_2018-04-13|2018-04-11_2018-05-10|2018-06-14_2018-07-13|2018-07-12_2018-08-10|2018-09-13_2018-10-12|2019-01-16_2019-02-14|2019-02-15_2019-03-16|2019-04-12_2019-05-11|2019-11-15_2019-12-14|2020-03-13_2020-04-11|2020-10-15_2020-11-13|2020-11-14_2020-12-13|2021-02-18_2021-03-19|2021-12-15_2022-01-13|2022-02-16_2022-03-17|2022-09-15_2022-10-14|2023-04-14_2023-05-13|2023-06-15_2023-07-14|2023-07-14_2023-08-12|2023-09-15_2023-10-14|2023-11-16_2023-12-15|2023-12-14_2024-01-12|2024-03-15_2024-04-13|2024-06-14_2024-07-13|2024-08-14_2024-09-12|2024-11-15_2024-12-14|2025-05-16_2025-06-14|2026-01-31_2026-03-01|2018-02-16_2018-03-17|2024-09-13_2024-10-12|2025-01-15_2025-02-13
0.2,3,Core CPI m/m|PPI m/m|CPI y/y,Neutral|Bad|Neutral,6,2,4,33.3,66.7,0.5,2018-10-11_2018-11-09|2019-03-14_2019-04-12|2020-05-14_2020-06-12|2021-07-15_2021-08-13|2025-07-17_2025-08-15|2026-01-15_2026-02-13
0.2,3,Core CPI m/m|PPI m/m|CPI y/y,Neutral|Good|Neutral,8,4,4,50.0,50.0,1.0,2019-09-12_2019-10-11|2020-02-20_2020-03-20|2022-07-15_2022-08-13|2023-02-17_2023-03-18|2023-03-16_2023-04-14|2024-05-15_2024-06-13|2025-02-14_2025-03-15|2025-03-14_2025-04-12
0.2,3,Core CPI m/m|PPI m/m|CPI y/y,Bad|Neutral|Bad,1,0,1,0.0,100.0,0.0,2020-08-12_2020-09-10
0.2,3,Core CPI m/m|PPI m/m|CPI y/y,Bad|Bad|Bad,1,1,0,100.0,0.0,inf,2021-06-16_2021-07-15
0.2,3,Core CPI m/m|PPI m/m|CPI y/y,Neutral|Neutral|Bad,2,2,0,100.0,0.0,inf,2021-10-15_2021-11-13|2022-04-14_2022-05-13
0.2,3,Core CPI m/m|PPI m/m|CPI y/y,Neutral|Bad|Bad,2,2,0,100.0,0.0,inf,2022-06-15_2022-07-14|2023-01-19_2023-02-17
0.2,3,Core CPI m/m|PPI m/m|CPI y/y,Neutral|Neutral|Good,1,0,1,0.0,100.0,0.0,2022-11-16_2022-12-15
0.3,3,Core CPI m/m|PPI m/m|CPI y/y,Neutral|Neutral|Neutral,38,24,14,63.2,36.8,1.71,2018-03-15_2018-04-13|2018-04-11_2018-05-10|2018-06-14_2018-07-13|2018-07-12_2018-08-10|2018-09-13_2018-10-12|2019-01-16_2019-02-14|2019-02-15_2019-03-16|2019-03-14_2019-04-12|2019-04-12_2019-05-11|2019-11-15_2019-12-14|2020-03-13_2020-04-11|2020-10-15_2020-11-13|2020-11-14_2020-12-13|2021-02-18_2021-03-19|2021-10-15_2021-11-13|2021-12-15_2022-01-13|2022-02-16_2022-03-17|2022-04-14_2022-05-13|2022-09-15_2022-10-14|2022-11-16_2022-12-15|2023-01-19_2023-02-17|2023-04-14_2023-05-13|2023-06-15_2023-07-14|2023-07-14_2023-08-12|2023-09-15_2023-10-14|2023-11-16_2023-12-15|2023-12-14_2024-01-12|2024-03-15_2024-04-13|2024-06-14_2024-07-13|2024-08-14_2024-09-12|2024-11-15_2024-12-14|2025-02-14_2025-03-15|2025-05-16_2025-06-14|2026-01-31_2026-03-01|2018-02-16_2018-03-17|2024-09-13_2024-10-12|2025-01-15_2025-02-13|2026-01-15_2026-02-13
0.3,3,Core CPI m/m|PPI m/m|CPI y/y,Neutral|Bad|Neutral,4,1,3,25.0,75.0,0.33,2018-10-11_2018-11-09|2020-05-14_2020-06-12|2021-07-15_2021-08-13|2025-07-17_2025-08-15
0.3,3,Core CPI m/m|PPI m/m|CPI y/y,Neutral|Good|Neutral,7,4,3,57.1,42.9,1.33,2019-09-12_2019-10-11|2020-02-20_2020-03-20|2022-07-15_2022-08-13|2023-02-17_2023-03-18|2023-03-16_2023-04-14|2024-05-15_2024-06-13|2025-03-14_2025-04-12
0.3,3,Core CPI m/m|PPI m/m|CPI y/y,Bad|Neutral|Bad,1,0,1,0.0,100.0,0.0,2020-08-12_2020-09-10
0.3,3,Core CPI m/m|PPI m/m|CPI y/y,Bad|Bad|Bad,1,1,0,100.0,0.0,inf,2021-06-16_2021-07-15
0.3,3,Core CPI m/m|PPI m/m|CPI y/y,Neutral|Bad|Bad,1,1,0,100.0,0.0,inf,2022-06-15_2022-07-14
0.0,3,Core CPI m/m|Core PPI m/m|FOMC,Neutral|Good|Neutral,3,1,2,33.3,66.7,0.5,2023-03-16_2023-04-14|2023-11-16_2023-12-15|2023-12-14_2024-01-12
0.0,3,Core CPI m/m|Core PPI m/m|FOMC,Bad|Neutral|Neutral,2,1,1,50.0,50.0,1.0,2023-04-14_2023-05-13|2025-01-15_2025-02-13
0.0,3,Core CPI m/m|Core PPI m/m|FOMC,Neutral|Bad|Neutral,2,1,1,50.0,50.0,1.0,2023-07-14_2023-08-12|2023-09-15_2023-10-14
0.0,3,Core CPI m/m|Core PPI m/m|FOMC,Good|Good|Neutral,1,0,1,0.0,100.0,0.0,2024-05-15_2024-06-13
0.0,3,Core CPI m/m|Core PPI m/m|FOMC,Bad|Neutral|Good,1,0,1,0.0,100.0,0.0,2024-09-13_2024-10-12
0.1,3,Core CPI m/m|Core PPI m/m|FOMC,Neutral|Good|Neutral,4,1,3,25.0,75.0,0.33,2023-03-16_2023-04-14|2023-11-16_2023-12-15|2023-12-14_2024-01-12|2024-05-15_2024-06-13
0.1,3,Core CPI m/m|Core PPI m/m|FOMC,Bad|Neutral|Neutral,1,1,0,100.0,0.0,inf,2023-04-14_2023-05-13
0.1,3,Core CPI m/m|Core PPI m/m|FOMC,Neutral|Neutral|Neutral,3,1,2,33.3,66.7,0.5,2023-07-14_2023-08-12|2023-09-15_2023-10-14|2025-01-15_2025-02-13
0.1,3,Core CPI m/m|Core PPI m/m|FOMC,Neutral|Neutral|Good,1,0,1,0.0,100.0,0.0,2024-09-13_2024-10-12
0.2,3,Core CPI m/m|Core PPI m/m|FOMC,Neutral|Good|Neutral,2,0,2,0.0,100.0,0.0,2023-03-16_2023-04-14|2024-05-15_2024-06-13
0.2,3,Core CPI m/m|Core PPI m/m|FOMC,Neutral|Neutral|Neutral,6,3,3,50.0,50.0,1.0,2023-04-14_2023-05-13|2023-07-14_2023-08-12|2023-09-15_2023-10-14|2023-11-16_2023-12-15|2023-12-14_2024-01-12|2025-01-15_2025-02-13
0.2,3,Core CPI m/m|Core PPI m/m|FOMC,Neutral|Neutral|Good,1,0,1,0.0,100.0,0.0,2024-09-13_2024-10-12
0.3,3,Core CPI m/m|Core PPI m/m|FOMC,Neutral|Good|Neutral,1,0,1,0.0,100.0,0.0,2023-03-16_2023-04-14
0.3,3,Core CPI m/m|Core PPI m/m|FOMC,Neutral|Neutral|Neutral,8,3,5,37.5,62.5,0.6,2023-04-14_2023-05-13|2023-07-14_2023-08-12|2023-09-15_2023-10-14|2023-11-16_2023-12-15|2023-12-14_2024-01-12|2024-05-15_2024-06-13|2024-09-13_2024-10-12|2025-01-15_2025-02-13
0.0,3,Core CPI m/m|Core PPI m/m|CPI y/y,Neutral|Bad|Neutral,2,1,1,50.0,50.0,1.0,2018-03-15_2018-04-13|2018-06-14_2018-07-13
0.0,3,Core CPI m/m|Core PPI m/m|CPI y/y,Good|Neutral|Neutral,2,2,0,100.0,0.0,inf,2018-04-11_2018-05-10|2021-02-18_2021-03-19
0.0,3,Core CPI m/m|Core PPI m/m|CPI y/y,Neutral|Good|Neutral,3,0,3,0.0,100.0,0.0,2018-07-12_2018-08-10|2022-02-16_2022-03-17|2023-11-16_2023-12-15
0.0,3,Core CPI m/m|Core PPI m/m|CPI y/y,Good|Neutral|Good,2,1,1,50.0,50.0,1.0,2018-09-13_2018-10-12|2020-05-14_2020-06-12
0.0,3,Core CPI m/m|Core PPI m/m|CPI y/y,Good|Bad|Good,4,1,3,25.0,75.0,0.33,2018-10-11_2018-11-09|2020-03-13_2020-04-11|2022-11-16_2022-12-15|2024-06-14_2024-07-13
0.0,3,Core CPI m/m|Core PPI m/m|CPI y/y,Neutral|Bad|Bad,3,1,2,33.3,66.7,0.5,2019-01-16_2019-02-14|2023-01-19_2023-02-17|2023-09-15_2023-10-14
0.0,3,Core CPI m/m|Core PPI m/m|CPI y/y,Good|Good|Good,10,7,3,70.0,30.0,2.33,2019-02-15_2019-03-16|2019-04-12_2019-05-11|2019-09-12_2019-10-11|2020-10-15_2020-11-13|2022-07-15_2022-08-13|2023-06-15_2023-07-14|2024-05-15_2024-06-13|2025-02-14_2025-03-15|2025-03-14_2025-04-12|2025-05-16_2025-06-14
0.0,3,Core CPI m/m|Core PPI m/m|CPI y/y,Good|Bad|Bad,2,0,2,0.0,100.0,0.0,2019-03-14_2019-04-12|2021-07-15_2021-08-13
0.0,3,Core CPI m/m|Core PPI m/m|CPI y/y,Neutral|Good|Bad,3,3,0,100.0,0.0,inf,2019-11-15_2019-12-14|2020-02-20_2020-03-20|2023-12-14_2024-01-12
0.0,3,Core CPI m/m|Core PPI m/m|CPI y/y,Bad|Bad|Bad,2,1,1,50.0,50.0,1.0,2020-08-12_2020-09-10|2021-06-16_2021-07-15
0.0,3,Core CPI m/m|Core PPI m/m|CPI y/y,Bad|Good|Neutral,2,2,0,100.0,0.0,inf,2020-11-14_2020-12-13|2023-02-17_2023-03-18
0.0,3,Core CPI m/m|Core PPI m/m|CPI y/y,Bad|Good|Bad,3,3,0,100.0,0.0,inf,2021-10-15_2021-11-13|2022-04-14_2022-05-13|2022-06-15_2022-07-14
0.0,3,Core CPI m/m|Core PPI m/m|CPI y/y,Bad|Neutral|Neutral,1,1,0,100.0,0.0,inf,2021-12-15_2022-01-13
0.0,3,Core CPI m/m|Core PPI m/m|CPI y/y,Bad|Neutral|Bad,4,1,3,25.0,75.0,0.33,2022-09-15_2022-10-14|2024-03-15_2024-04-13|2024-09-13_2024-10-12|2025-01-15_2025-02-13
0.0,3,Core CPI m/m|Core PPI m/m|CPI y/y,Neutral|Good|Good,1,0,1,0.0,100.0,0.0,2023-03-16_2023-04-14
0.0,3,Core CPI m/m|Core PPI m/m|CPI y/y,Bad|Neutral|Good,1,1,0,100.0,0.0,inf,2023-04-14_2023-05-13
0.0,3,Core CPI m/m|Core PPI m/m|CPI y/y,Neutral|Bad|Good,4,3,1,75.0,25.0,3.0,2023-07-14_2023-08-12|2025-07-17_2025-08-15|2026-01-31_2026-03-01|2026-01-15_2026-02-13
0.0,3,Core CPI m/m|Core PPI m/m|CPI y/y,Bad|Bad|Good,1,1,0,100.0,0.0,inf,2024-08-14_2024-09-12
0.0,3,Core CPI m/m|Core PPI m/m|CPI y/y,Neutral|Neutral|Neutral,2,2,0,100.0,0.0,inf,2024-11-15_2024-12-14|2018-02-16_2018-03-17
0.1,3,Core CPI m/m|Core PPI m/m|CPI y/y,Neutral|Neutral|Neutral,14,10,4,71.4,28.6,2.5,2018-03-15_2018-04-13|2018-04-11_2018-05-10|2018-06-14_2018-07-13|2018-07-12_2018-08-10|2018-09-13_2018-10-12|2019-03-14_2019-04-12|2020-11-14_2020-12-13|2021-02-18_2021-03-19|2021-12-15_2022-01-13|2023-07-14_2023-08-12|2024-08-14_2024-09-12|2024-11-15_2024-12-14|2018-02-16_2018-03-17|2025-01-15_2025-02-13
0.1,3,Core CPI m/m|Core PPI m/m|CPI y/y,Neutral|Bad|Good,5,3,2,60.0,40.0,1.5,2018-10-11_2018-11-09|2022-11-16_2022-12-15|2024-06-14_2024-07-13|2026-01-31_2026-03-01|2026-01-15_2026-02-13
0.1,3,Core CPI m/m|Core PPI m/m|CPI y/y,Neutral|Neutral|Bad,3,0,3,0.0,100.0,0.0,2019-01-16_2019-02-14|2023-09-15_2023-10-14|2024-09-13_2024-10-12
0.1,3,Core CPI m/m|Core PPI m/m|CPI y/y,Neutral|Neutral|Good,4,3,1,75.0,25.0,3.0,2019-02-15_2019-03-16|2019-04-12_2019-05-11|2020-05-14_2020-06-12|2023-06-15_2023-07-14
0.1,3,Core CPI m/m|Core PPI m/m|CPI y/y,Neutral|Good|Good,2,0,2,0.0,100.0,0.0,2019-09-12_2019-10-11|2025-02-14_2025-03-15
0.1,3,Core CPI m/m|Core PPI m/m|CPI y/y,Neutral|Good|Bad,2,2,0,100.0,0.0,inf,2019-11-15_2019-12-14|2023-12-14_2024-01-12
0.1,3,Core CPI m/m|Core PPI m/m|CPI y/y,Neutral|Good|Neutral,6,2,4,33.3,66.7,0.5,2020-02-20_2020-03-20|2022-02-16_2022-03-17|2023-02-17_2023-03-18|2023-03-16_2023-04-14|2023-11-16_2023-12-15|2024-05-15_2024-06-13
0.1,3,Core CPI m/m|Core PPI m/m|CPI y/y,Good|Bad|Good,1,0,1,0.0,100.0,0.0,2020-03-13_2020-04-11
0.1,3,Core CPI m/m|Core PPI m/m|CPI y/y,Bad|Bad|Bad,2,1,1,50.0,50.0,1.0,2020-08-12_2020-09-10|2021-06-16_2021-07-15
0.1,3,Core CPI m/m|Core PPI m/m|CPI y/y,Good|Neutral|Good,1,1,0,100.0,0.0,inf,2020-10-15_2020-11-13
0.1,3,Core CPI m/m|Core PPI m/m|CPI y/y,Good|Bad|Bad,1,0,1,0.0,100.0,0.0,2021-07-15_2021-08-13
0.1,3,Core CPI m/m|Core PPI m/m|CPI y/y,Bad|Neutral|Bad,3,2,1,66.7,33.3,2.0,2021-10-15_2021-11-13|2022-06-15_2022-07-14|2024-03-15_2024-04-13
0.1,3,Core CPI m/m|Core PPI m/m|CPI y/y,Bad|Good|Bad,1,1,0,100.0,0.0,inf,2022-04-14_2022-05-13
0.1,3,Core CPI m/m|Core PPI m/m|CPI y/y,Good|Good|Good,3,3,0,100.0,0.0,inf,2022-07-15_2022-08-13|2025-03-14_2025-04-12|2025-05-16_2025-06-14
0.1,3,Core CPI m/m|Core PPI m/m|CPI y/y,Bad|Neutral|Neutral,2,2,0,100.0,0.0,inf,2022-09-15_2022-10-14|2023-04-14_2023-05-13
0.1,3,Core CPI m/m|Core PPI m/m|CPI y/y,Neutral|Bad|Bad,1,1,0,100.0,0.0,inf,2023-01-19_2023-02-17
0.1,3,Core CPI m/m|Core PPI m/m|CPI y/y,Neutral|Bad|Neutral,1,0,1,0.0,100.0,0.0,2025-07-17_2025-08-15
0.2,3,Core CPI m/m|Core PPI m/m|CPI y/y,Neutral|Neutral|Neutral,31,19,12,61.3,38.7,1.58,2018-03-15_2018-04-13|2018-04-11_2018-05-10|2018-06-14_2018-07-13|2018-07-12_2018-08-10|2018-09-13_2018-10-12|2019-01-16_2019-02-14|2019-02-15_2019-03-16|2019-03-14_2019-04-12|2019-04-12_2019-05-11|2020-03-13_2020-04-11|2020-05-14_2020-06-12|2020-10-15_2020-11-13|2020-11-14_2020-12-13|2021-02-18_2021-03-19|2021-12-15_2022-01-13|2022-07-15_2022-08-13|2022-09-15_2022-10-14|2023-04-14_2023-05-13|2023-06-15_2023-07-14|2023-07-14_2023-08-12|2023-09-15_2023-10-14|2023-11-16_2023-12-15|2023-12-14_2024-01-12|2024-03-15_2024-04-13|2024-06-14_2024-07-13|2024-08-14_2024-09-12|2024-11-15_2024-12-14|2025-05-16_2025-06-14|2018-02-16_2018-03-17|2024-09-13_2024-10-12|2025-01-15_2025-02-13
0.2,3,Core CPI m/m|Core PPI m/m|CPI y/y,Neutral|Bad|Neutral,5,3,2,60.0,40.0,1.5,2018-10-11_2018-11-09|2021-07-15_2021-08-13|2025-07-17_2025-08-15|2026-01-31_2026-03-01|2026-01-15_2026-02-13
0.2,3,Core CPI m/m|Core PPI m/m|CPI y/y,Neutral|Good|Neutral,9,4,5,44.4,55.6,0.8,2019-09-12_2019-10-11|2019-11-15_2019-12-14|2020-02-20_2020-03-20|2022-02-16_2022-03-17|2023-02-17_2023-03-18|2023-03-16_2023-04-14|2024-05-15_2024-06-13|2025-02-14_2025-03-15|2025-03-14_2025-04-12
0.2,3,Core CPI m/m|Core PPI m/m|CPI y/y,Bad|Neutral|Bad,1,0,1,0.0,100.0,0.0,2020-08-12_2020-09-10
0.2,3,Core CPI m/m|Core PPI m/m|CPI y/y,Bad|Bad|Bad,1,1,0,100.0,0.0,inf,2021-06-16_2021-07-15
0.2,3,Core CPI m/m|Core PPI m/m|CPI y/y,Neutral|Neutral|Bad,4,4,0,100.0,0.0,inf,2021-10-15_2021-11-13|2022-04-14_2022-05-13|2022-06-15_2022-07-14|2023-01-19_2023-02-17
0.2,3,Core CPI m/m|Core PPI m/m|CPI y/y,Neutral|Neutral|Good,1,0,1,0.0,100.0,0.0,2022-11-16_2022-12-15
0.3,3,Core CPI m/m|Core PPI m/m|CPI y/y,Neutral|Neutral|Neutral,37,23,14,62.2,37.8,1.64,2018-03-15_2018-04-13|2018-04-11_2018-05-10|2018-06-14_2018-07-13|2018-07-12_2018-08-10|2018-09-13_2018-10-12|2018-10-11_2018-11-09|2019-01-16_2019-02-14|2019-02-15_2019-03-16|2019-03-14_2019-04-12|2019-04-12_2019-05-11|2020-03-13_2020-04-11|2020-05-14_2020-06-12|2020-10-15_2020-11-13|2020-11-14_2020-12-13|2021-02-18_2021-03-19|2021-10-15_2021-11-13|2021-12-15_2022-01-13|2022-04-14_2022-05-13|2022-07-15_2022-08-13|2022-09-15_2022-10-14|2022-11-16_2022-12-15|2023-01-19_2023-02-17|2023-04-14_2023-05-13|2023-06-15_2023-07-14|2023-07-14_2023-08-12|2023-09-15_2023-10-14|2023-11-16_2023-12-15|2023-12-14_2024-01-12|2024-03-15_2024-04-13|2024-05-15_2024-06-13|2024-06-14_2024-07-13|2024-08-14_2024-09-12|2024-11-15_2024-12-14|2025-05-16_2025-06-14|2018-02-16_2018-03-17|2024-09-13_2024-10-12|2025-01-15_2025-02-13
0.3,3,Core CPI m/m|Core PPI m/m|CPI y/y,Neutral|Good|Neutral,8,4,4,50.0,50.0,1.0,2019-09-12_2019-10-11|2019-11-15_2019-12-14|2020-02-20_2020-03-20|2022-02-16_2022-03-17|2023-02-17_2023-03-18|2023-03-16_2023-04-14|2025-02-14_2025-03-15|2025-03-14_2025-04-12
0.3,3,Core CPI m/m|Core PPI m/m|CPI y/y,Bad|Neutral|Bad,1,0,1,0.0,100.0,0.0,2020-08-12_2020-09-10
0.3,3,Core CPI m/m|Core PPI m/m|CPI y/y,Bad|Bad|Bad,1,1,0,100.0,0.0,inf,2021-06-16_2021-07-15
0.3,3,Core CPI m/m|Core PPI m/m|CPI y/y,Neutral|Bad|Neutral,4,2,2,50.0,50.0,1.0,2021-07-15_2021-08-13|2025-07-17_2025-08-15|2026-01-31_2026-03-01|2026-01-15_2026-02-13
0.3,3,Core CPI m/m|Core PPI m/m|CPI y/y,Neutral|Neutral|Bad,1,1,0,100.0,0.0,inf,2022-06-15_2022-07-14
0.0,3,Core CPI m/m|FOMC|CPI y/y,Neutral|Neutral|Good,2,1,1,50.0,50.0,1.0,2023-03-16_2023-04-14|2023-07-14_2023-08-12
0.0,3,Core CPI m/m|FOMC|CPI y/y,Bad|Neutral|Good,1,1,0,100.0,0.0,inf,2023-04-14_2023-05-13
0.0,3,Core CPI m/m|FOMC|CPI y/y,Neutral|Neutral|Bad,3,2,1,66.7,33.3,2.0,2023-09-15_2023-10-14|2023-10-12_2023-11-10|2023-12-14_2024-01-12
0.0,3,Core CPI m/m|FOMC|CPI y/y,Neutral|Neutral|Neutral,1,0,1,0.0,100.0,0.0,2023-11-16_2023-12-15
0.0,3,Core CPI m/m|FOMC|CPI y/y,Good|Neutral|Good,1,0,1,0.0,100.0,0.0,2024-05-15_2024-06-13
0.0,3,Core CPI m/m|FOMC|CPI y/y,Bad|Good|Bad,1,0,1,0.0,100.0,0.0,2024-09-13_2024-10-12
0.0,3,Core CPI m/m|FOMC|CPI y/y,Bad|Neutral|Bad,1,0,1,0.0,100.0,0.0,2025-01-15_2025-02-13
0.1,3,Core CPI m/m|FOMC|CPI y/y,Neutral|Neutral|Neutral,5,1,4,20.0,80.0,0.25,2023-03-16_2023-04-14|2023-07-14_2023-08-12|2023-11-16_2023-12-15|2024-05-15_2024-06-13|2025-01-15_2025-02-13
0.1,3,Core CPI m/m|FOMC|CPI y/y,Bad|Neutral|Neutral,1,1,0,100.0,0.0,inf,2023-04-14_2023-05-13
0.1,3,Core CPI m/m|FOMC|CPI y/y,Neutral|Neutral|Bad,3,2,1,66.7,33.3,2.0,2023-09-15_2023-10-14|2023-10-12_2023-11-10|2023-12-14_2024-01-12
0.1,3,Core CPI m/m|FOMC|CPI y/y,Neutral|Good|Bad,1,0,1,0.0,100.0,0.0,2024-09-13_2024-10-12
0.2,3,Core CPI m/m|FOMC|CPI y/y,Neutral|Neutral|Neutral,9,4,5,44.4,55.6,0.8,2023-03-16_2023-04-14|2023-04-14_2023-05-13|2023-07-14_2023-08-12|2023-09-15_2023-10-14|2023-10-12_2023-11-10|2023-11-16_2023-12-15|2023-12-14_2024-01-12|2024-05-15_2024-06-13|2025-01-15_2025-02-13
0.2,3,Core CPI m/m|FOMC|CPI y/y,Neutral|Good|Neutral,1,0,1,0.0,100.0,0.0,2024-09-13_2024-10-12
0.3,3,Core CPI m/m|FOMC|CPI y/y,Neutral|Neutral|Neutral,10,4,6,40.0,60.0,0.67,2023-03-16_2023-04-14|2023-04-14_2023-05-13|2023-07-14_2023-08-12|2023-09-15_2023-10-14|2023-10-12_2023-11-10|2023-11-16_2023-12-15|2023-12-14_2024-01-12|2024-05-15_2024-06-13|2024-09-13_2024-10-12|2025-01-15_2025-02-13
0.0,3,PPI m/m|Core PPI m/m|FOMC,Good|Good|Neutral,3,1,2,33.3,66.7,0.5,2023-03-16_2023-04-14|2023-12-14_2024-01-12|2024-05-15_2024-06-13
0.0,3,PPI m/m|Core PPI m/m|FOMC,Good|Neutral|Neutral,1,1,0,100.0,0.0,inf,2023-04-14_2023-05-13
0.0,3,PPI m/m|Core PPI m/m|FOMC,Bad|Bad|Neutral,2,1,1,50.0,50.0,1.0,2023-07-14_2023-08-12|2023-09-15_2023-10-14
0.0,3,PPI m/m|Core PPI m/m|FOMC,Neutral|Good|Neutral,1,0,1,0.0,100.0,0.0,2023-11-16_2023-12-15
0.0,3,PPI m/m|Core PPI m/m|FOMC,Good|Neutral|Good,1,0,1,0.0,100.0,0.0,2024-09-13_2024-10-12
0.0,3,PPI m/m|Core PPI m/m|FOMC,Bad|Neutral|Neutral,1,0,1,0.0,100.0,0.0,2025-01-15_2025-02-13
0.1,3,PPI m/m|Core PPI m/m|FOMC,Good|Good|Neutral,3,1,2,33.3,66.7,0.5,2023-03-16_2023-04-14|2023-12-14_2024-01-12|2024-05-15_2024-06-13
0.1,3,PPI m/m|Core PPI m/m|FOMC,Neutral|Neutral|Neutral,2,2,0,100.0,0.0,inf,2023-04-14_2023-05-13|2023-07-14_2023-08-12
0.1,3,PPI m/m|Core PPI m/m|FOMC,Bad|Neutral|Neutral,2,0,2,0.0,100.0,0.0,2023-09-15_2023-10-14|2025-01-15_2025-02-13
0.1,3,PPI m/m|Core PPI m/m|FOMC,Neutral|Good|Neutral,1,0,1,0.0,100.0,0.0,2023-11-16_2023-12-15
0.1,3,PPI m/m|Core PPI m/m|FOMC,Neutral|Neutral|Good,1,0,1,0.0,100.0,0.0,2024-09-13_2024-10-12
0.2,3,PPI m/m|Core PPI m/m|FOMC,Good|Good|Neutral,2,0,2,0.0,100.0,0.0,2023-03-16_2023-04-14|2024-05-15_2024-06-13
0.2,3,PPI m/m|Core PPI m/m|FOMC,Neutral|Neutral|Neutral,6,3,3,50.0,50.0,1.0,2023-04-14_2023-05-13|2023-07-14_2023-08-12|2023-09-15_2023-10-14|2023-11-16_2023-12-15|2023-12-14_2024-01-12|2025-01-15_2025-02-13
0.2,3,PPI m/m|Core PPI m/m|FOMC,Neutral|Neutral|Good,1,0,1,0.0,100.0,0.0,2024-09-13_2024-10-12
0.3,3,PPI m/m|Core PPI m/m|FOMC,Good|Good|Neutral,1,0,1,0.0,100.0,0.0,2023-03-16_2023-04-14
0.3,3,PPI m/m|Core PPI m/m|FOMC,Neutral|Neutral|Neutral,7,3,4,42.9,57.1,0.75,2023-04-14_2023-05-13|2023-07-14_2023-08-12|2023-09-15_2023-10-14|2023-11-16_2023-12-15|2023-12-14_2024-01-12|2024-09-13_2024-10-12|2025-01-15_2025-02-13
0.3,3,PPI m/m|Core PPI m/m|FOMC,Good|Neutral|Neutral,1,0,1,0.0,100.0,0.0,2024-05-15_2024-06-13
0.0,3,PPI m/m|Core PPI m/m|CPI y/y,Bad|Bad|Neutral,2,1,1,50.0,50.0,1.0,2018-03-15_2018-04-13|2018-06-14_2018-07-13
0.0,3,PPI m/m|Core PPI m/m|CPI y/y,Good|Neutral|Neutral,2,2,0,100.0,0.0,inf,2018-04-11_2018-05-10|2021-12-15_2022-01-13
0.0,3,PPI m/m|Core PPI m/m|CPI y/y,Good|Good|Neutral,3,1,2,33.3,66.7,0.5,2018-07-12_2018-08-10|2022-02-16_2022-03-17|2023-02-17_2023-03-18
0.0,3,PPI m/m|Core PPI m/m|CPI y/y,Neutral|Neutral|Good,1,1,0,100.0,0.0,inf,2018-09-13_2018-10-12
0.0,3,PPI m/m|Core PPI m/m|CPI y/y,Bad|Bad|Good,9,5,4,55.6,44.4,1.25,2018-10-11_2018-11-09|2020-03-13_2020-04-11|2022-11-16_2022-12-15|2023-07-14_2023-08-12|2024-06-14_2024-07-13|2024-08-14_2024-09-12|2025-07-17_2025-08-15|2026-01-31_2026-03-01|2026-01-15_2026-02-13
0.0,3,PPI m/m|Core PPI m/m|CPI y/y,Good|Bad|Bad,1,0,1,0.0,100.0,0.0,2019-01-16_2019-02-14
0.0,3,PPI m/m|Core PPI m/m|CPI y/y,Good|Good|Good,9,5,4,55.6,44.4,1.25,2019-02-15_2019-03-16|2019-09-12_2019-10-11|2022-07-15_2022-08-13|2023-03-16_2023-04-14|2023-06-15_2023-07-14|2024-05-15_2024-06-13|2025-02-14_2025-03-15|2025-03-14_2025-04-12|2025-05-16_2025-06-14
0.0,3,PPI m/m|Core PPI m/m|CPI y/y,Bad|Bad|Bad,6,2,4,33.3,66.7,0.5,2019-03-14_2019-04-12|2020-08-12_2020-09-10|2021-06-16_2021-07-15|2021-07-15_2021-08-13|2023-01-19_2023-02-17|2023-09-15_2023-10-14
0.0,3,PPI m/m|Core PPI m/m|CPI y/y,Neutral|Good|Good,1,1,0,100.0,0.0,inf,2019-04-12_2019-05-11
0.0,3,PPI m/m|Core PPI m/m|CPI y/y,Good|Good|Bad,3,3,0,100.0,0.0,inf,2019-11-15_2019-12-14|2020-02-20_2020-03-20|2023-12-14_2024-01-12
0.0,3,PPI m/m|Core PPI m/m|CPI y/y,Bad|Neutral|Good,1,0,1,0.0,100.0,0.0,2020-05-14_2020-06-12
0.0,3,PPI m/m|Core PPI m/m|CPI y/y,Bad|Good|Good,1,1,0,100.0,0.0,inf,2020-10-15_2020-11-13
0.0,3,PPI m/m|Core PPI m/m|CPI y/y,Neutral|Good|Neutral,2,1,1,50.0,50.0,1.0,2020-11-14_2020-12-13|2023-11-16_2023-12-15
0.0,3,PPI m/m|Core PPI m/m|CPI y/y,Bad|Neutral|Neutral,3,3,0,100.0,0.0,inf,2021-02-18_2021-03-19|2024-11-15_2024-12-14|2018-02-16_2018-03-17
0.0,3,PPI m/m|Core PPI m/m|CPI y/y,Neutral|Good|Bad,2,2,0,100.0,0.0,inf,2021-10-15_2021-11-13|2022-04-14_2022-05-13
0.0,3,PPI m/m|Core PPI m/m|CPI y/y,Bad|Good|Bad,1,1,0,100.0,0.0,inf,2022-06-15_2022-07-14
0.0,3,PPI m/m|Core PPI m/m|CPI y/y,Bad|Neutral|Bad,2,1,1,50.0,50.0,1.0,2022-09-15_2022-10-14|2025-01-15_2025-02-13
0.0,3,PPI m/m|Core PPI m/m|CPI y/y,Good|Neutral|Good,1,1,0,100.0,0.0,inf,2023-04-14_2023-05-13
0.0,3,PPI m/m|Core PPI m/m|CPI y/y,Good|Neutral|Bad,2,0,2,0.0,100.0,0.0,2024-03-15_2024-04-13|2024-09-13_2024-10-12
0.1,3,PPI m/m|Core PPI m/m|CPI y/y,Bad|Neutral|Neutral,5,2,3,40.0,60.0,0.67,2018-03-15_2018-04-13|2019-03-14_2019-04-12|2022-09-15_2022-10-14|2024-11-15_2024-12-14|2025-01-15_2025-02-13
0.1,3,PPI m/m|Core PPI m/m|CPI y/y,Neutral|Neutral|Neutral,9,9,0,100.0,0.0,inf,2018-04-11_2018-05-10|2018-06-14_2018-07-13|2018-09-13_2018-10-12|2020-11-14_2020-12-13|2021-02-18_2021-03-19|2023-04-14_2023-05-13|2023-07-14_2023-08-12|2024-08-14_2024-09-12|2018-02-16_2018-03-17
0.1,3,PPI m/m|Core PPI m/m|CPI y/y,Good|Neutral|Neutral,2,1,1,50.0,50.0,1.0,2018-07-12_2018-08-10|2021-12-15_2022-01-13
0.1,3,PPI m/m|Core PPI m/m|CPI y/y,Bad|Bad|Good,3,3,0,100.0,0.0,inf,2018-10-11_2018-11-09|2026-01-31_2026-03-01|2026-01-15_2026-02-13
0.1,3,PPI m/m|Core PPI m/m|CPI y/y,Good|Neutral|Bad,1,0,1,0.0,100.0,0.0,2019-01-16_2019-02-14
0.1,3,PPI m/m|Core PPI m/m|CPI y/y,Neutral|Neutral|Good,4,4,0,100.0,0.0,inf,2019-02-15_2019-03-16|2019-04-12_2019-05-11|2020-10-15_2020-11-13|2023-06-15_2023-07-14
0.1,3,PPI m/m|Core PPI m/m|CPI y/y,Good|Good|Good,4,2,2,50.0,50.0,1.0,2019-09-12_2019-10-11|2022-07-15_2022-08-13|2025-02-14_2025-03-15|2025-03-14_2025-04-12
0.1,3,PPI m/m|Core PPI m/m|CPI y/y,Good|Good|Bad,2,2,0,100.0,0.0,inf,2019-11-15_2019-12-14|2023-12-14_2024-01-12
0.1,3,PPI m/m|Core PPI m/m|CPI y/y,Good|Good|Neutral,5,2,3,40.0,60.0,0.67,2020-02-20_2020-03-20|2022-02-16_2022-03-17|2023-02-17_2023-03-18|2023-03-16_2023-04-14|2024-05-15_2024-06-13
0.1,3,PPI m/m|Core PPI m/m|CPI y/y,Neutral|Bad|Good,3,0,3,0.0,100.0,0.0,2020-03-13_2020-04-11|2022-11-16_2022-12-15|2024-06-14_2024-07-13
0.1,3,PPI m/m|Core PPI m/m|CPI y/y,Bad|Neutral|Good,1,0,1,0.0,100.0,0.0,2020-05-14_2020-06-12
0.1,3,PPI m/m|Core PPI m/m|CPI y/y,Neutral|Bad|Bad,1,0,1,0.0,100.0,0.0,2020-08-12_2020-09-10
0.1,3,PPI m/m|Core PPI m/m|CPI y/y,Bad|Bad|Bad,3,2,1,66.7,33.3,2.0,2021-06-16_2021-07-15|2021-07-15_2021-08-13|2023-01-19_2023-02-17
0.1,3,PPI m/m|Core PPI m/m|CPI y/y,Neutral|Neutral|Bad,3,1,2,33.3,66.7,0.5,2021-10-15_2021-11-13|2024-03-15_2024-04-13|2024-09-13_2024-10-12
0.1,3,PPI m/m|Core PPI m/m|CPI y/y,Neutral|Good|Bad,1,1,0,100.0,0.0,inf,2022-04-14_2022-05-13
0.1,3,PPI m/m|Core PPI m/m|CPI y/y,Bad|Neutral|Bad,2,1,1,50.0,50.0,1.0,2022-06-15_2022-07-14|2023-09-15_2023-10-14
0.1,3,PPI m/m|Core PPI m/m|CPI y/y,Neutral|Good|Neutral,1,0,1,0.0,100.0,0.0,2023-11-16_2023-12-15
0.1,3,PPI m/m|Core PPI m/m|CPI y/y,Neutral|Good|Good,1,1,0,100.0,0.0,inf,2025-05-16_2025-06-14
0.1,3,PPI m/m|Core PPI m/m|CPI y/y,Bad|Bad|Neutral,1,0,1,0.0,100.0,0.0,2025-07-17_2025-08-15
0.2,3,PPI m/m|Core PPI m/m|CPI y/y,Neutral|Neutral|Neutral,28,18,10,64.3,35.7,1.8,2018-03-15_2018-04-13|2018-04-11_2018-05-10|2018-06-14_2018-07-13|2018-07-12_2018-08-10|2018-09-13_2018-10-12|2019-01-16_2019-02-14|2019-02-15_2019-03-16|2019-04-12_2019-05-11|2020-03-13_2020-04-11|2020-10-15_2020-11-13|2020-11-14_2020-12-13|2021-02-18_2021-03-19|2021-12-15_2022-01-13|2022-09-15_2022-10-14|2023-04-14_2023-05-13|2023-06-15_2023-07-14|2023-07-14_2023-08-12|2023-09-15_2023-10-14|2023-11-16_2023-12-15|2023-12-14_2024-01-12|2024-03-15_2024-04-13|2024-06-14_2024-07-13|2024-08-14_2024-09-12|2024-11-15_2024-12-14|2025-05-16_2025-06-14|2018-02-16_2018-03-17|2024-09-13_2024-10-12|2025-01-15_2025-02-13
0.2,3,PPI m/m|Core PPI m/m|CPI y/y,Bad|Bad|Neutral,4,2,2,50.0,50.0,1.0,2018-10-11_2018-11-09|2021-07-15_2021-08-13|2025-07-17_2025-08-15|2026-01-15_2026-02-13
0.2,3,PPI m/m|Core PPI m/m|CPI y/y,Bad|Neutral|Neutral,2,0,2,0.0,100.0,0.0,2019-03-14_2019-04-12|2020-05-14_2020-06-12
0.2,3,PPI m/m|Core PPI m/m|CPI y/y,Good|Good|Neutral,7,3,4,42.9,57.1,0.75,2019-09-12_2019-10-11|2020-02-20_2020-03-20|2023-02-17_2023-03-18|2023-03-16_2023-04-14|2024-05-15_2024-06-13|2025-02-14_2025-03-15|2025-03-14_2025-04-12
0.2,3,PPI m/m|Core PPI m/m|CPI y/y,Neutral|Good|Neutral,2,1,1,50.0,50.0,1.0,2019-11-15_2019-12-14|2022-02-16_2022-03-17
0.2,3,PPI m/m|Core PPI m/m|CPI y/y,Neutral|Neutral|Bad,3,2,1,66.7,33.3,2.0,2020-08-12_2020-09-10|2021-10-15_2021-11-13|2022-04-14_2022-05-13
0.2,3,PPI m/m|Core PPI m/m|CPI y/y,Bad|Bad|Bad,1,1,0,100.0,0.0,inf,2021-06-16_2021-07-15
0.2,3,PPI m/m|Core PPI m/m|CPI y/y,Bad|Neutral|Bad,2,2,0,100.0,0.0,inf,2022-06-15_2022-07-14|2023-01-19_2023-02-17
0.2,3,PPI m/m|Core PPI m/m|CPI y/y,Good|Neutral|Neutral,1,1,0,100.0,0.0,inf,2022-07-15_2022-08-13
0.2,3,PPI m/m|Core PPI m/m|CPI y/y,Neutral|Neutral|Good,1,0,1,0.0,100.0,0.0,2022-11-16_2022-12-15
0.2,3,PPI m/m|Core PPI m/m|CPI y/y,Neutral|Bad|Neutral,1,1,0,100.0,0.0,inf,2026-01-31_2026-03-01
0.3,3,PPI m/m|Core PPI m/m|CPI y/y,Neutral|Neutral|Neutral,33,21,12,63.6,36.4,1.75,2018-03-15_2018-04-13|2018-04-11_2018-05-10|2018-06-14_2018-07-13|2018-07-12_2018-08-10|2018-09-13_2018-10-12|2019-01-16_2019-02-14|2019-02-15_2019-03-16|2019-03-14_2019-04-12|2019-04-12_2019-05-11|2020-03-13_2020-04-11|2020-10-15_2020-11-13|2020-11-14_2020-12-13|2021-02-18_2021-03-19|2021-10-15_2021-11-13|2021-12-15_2022-01-13|2022-04-14_2022-05-13|2022-09-15_2022-10-14|2022-11-16_2022-12-15|2023-01-19_2023-02-17|2023-04-14_2023-05-13|2023-06-15_2023-07-14|2023-07-14_2023-08-12|2023-09-15_2023-10-14|2023-11-16_2023-12-15|2023-12-14_2024-01-12|2024-03-15_2024-04-13|2024-06-14_2024-07-13|2024-08-14_2024-09-12|2024-11-15_2024-12-14|2025-05-16_2025-06-14|2018-02-16_2018-03-17|2024-09-13_2024-10-12|2025-01-15_2025-02-13
0.3,3,PPI m/m|Core PPI m/m|CPI y/y,Bad|Neutral|Neutral,2,1,1,50.0,50.0,1.0,2018-10-11_2018-11-09|2020-05-14_2020-06-12
0.3,3,PPI m/m|Core PPI m/m|CPI y/y,Good|Good|Neutral,5,3,2,60.0,40.0,1.5,2019-09-12_2019-10-11|2020-02-20_2020-03-20|2023-02-17_2023-03-18|2023-03-16_2023-04-14|2025-03-14_2025-04-12
0.3,3,PPI m/m|Core PPI m/m|CPI y/y,Neutral|Good|Neutral,3,1,2,33.3,66.7,0.5,2019-11-15_2019-12-14|2022-02-16_2022-03-17|2025-02-14_2025-03-15
0.3,3,PPI m/m|Core PPI m/m|CPI y/y,Neutral|Neutral|Bad,1,0,1,0.0,100.0,0.0,2020-08-12_2020-09-10
0.3,3,PPI m/m|Core PPI m/m|CPI y/y,Bad|Bad|Bad,1,1,0,100.0,0.0,inf,2021-06-16_2021-07-15
0.3,3,PPI m/m|Core PPI m/m|CPI y/y,Bad|Bad|Neutral,2,0,2,0.0,100.0,0.0,2021-07-15_2021-08-13|2025-07-17_2025-08-15
0.3,3,PPI m/m|Core PPI m/m|CPI y/y,Bad|Neutral|Bad,1,1,0,100.0,0.0,inf,2022-06-15_2022-07-14
0.3,3,PPI m/m|Core PPI m/m|CPI y/y,Good|Neutral|Neutral,2,1,1,50.0,50.0,1.0,2022-07-15_2022-08-13|2024-05-15_2024-06-13
0.3,3,PPI m/m|Core PPI m/m|CPI y/y,Neutral|Bad|Neutral,2,2,0,100.0,0.0,inf,2026-01-31_2026-03-01|2026-01-15_2026-02-13
0.0,3,PPI m/m|FOMC|CPI y/y,Good|Neutral|Good,3,1,2,33.3,66.7,0.5,2023-03-16_2023-04-14|2023-04-14_2023-05-13|2024-05-15_2024-06-13
0.0,3,PPI m/m|FOMC|CPI y/y,Bad|Neutral|Good,1,1,0,100.0,0.0,inf,2023-07-14_2023-08-12
0.0,3,PPI m/m|FOMC|CPI y/y,Bad|Neutral|Bad,2,0,2,0.0,100.0,0.0,2023-09-15_2023-10-14|2025-01-15_2025-02-13
0.0,3,PPI m/m|FOMC|CPI y/y,Neutral|Neutral|Neutral,1,0,1,0.0,100.0,0.0,2023-11-16_2023-12-15
0.0,3,PPI m/m|FOMC|CPI y/y,Good|Neutral|Bad,1,1,0,100.0,0.0,inf,2023-12-14_2024-01-12
0.0,3,PPI m/m|FOMC|CPI y/y,Good|Good|Bad,1,0,1,0.0,100.0,0.0,2024-09-13_2024-10-12
0.1,3,PPI m/m|FOMC|CPI y/y,Good|Neutral|Neutral,2,0,2,0.0,100.0,0.0,2023-03-16_2023-04-14|2024-05-15_2024-06-13
0.1,3,PPI m/m|FOMC|CPI y/y,Neutral|Neutral|Neutral,3,2,1,66.7,33.3,2.0,2023-04-14_2023-05-13|2023-07-14_2023-08-12|2023-11-16_2023-12-15
0.1,3,PPI m/m|FOMC|CPI y/y,Bad|Neutral|Bad,1,0,1,0.0,100.0,0.0,2023-09-15_2023-10-14
0.1,3,PPI m/m|FOMC|CPI y/y,Good|Neutral|Bad,1,1,0,100.0,0.0,inf,2023-12-14_2024-01-12
0.1,3,PPI m/m|FOMC|CPI y/y,Neutral|Good|Bad,1,0,1,0.0,100.0,0.0,2024-09-13_2024-10-12
0.1,3,PPI m/m|FOMC|CPI y/y,Bad|Neutral|Neutral,1,0,1,0.0,100.0,0.0,2025-01-15_2025-02-13
0.2,3,PPI m/m|FOMC|CPI y/y,Good|Neutral|Neutral,2,0,2,0.0,100.0,0.0,2023-03-16_2023-04-14|2024-05-15_2024-06-13
0.2,3,PPI m/m|FOMC|CPI y/y,Neutral|Neutral|Neutral,6,3,3,50.0,50.0,1.0,2023-04-14_2023-05-13|2023-07-14_2023-08-12|2023-09-15_2023-10-14|2023-11-16_2023-12-15|2023-12-14_2024-01-12|2025-01-15_2025-02-13
0.2,3,PPI m/m|FOMC|CPI y/y,Neutral|Good|Neutral,1,0,1,0.0,100.0,0.0,2024-09-13_2024-10-12
0.3,3,PPI m/m|FOMC|CPI y/y,Good|Neutral|Neutral,2,0,2,0.0,100.0,0.0,2023-03-16_2023-04-14|2024-05-15_2024-06-13
0.3,3,PPI m/m|FOMC|CPI y/y,Neutral|Neutral|Neutral,7,3,4,42.9,57.1,0.75,2023-04-14_2023-05-13|2023-07-14_2023-08-12|2023-09-15_2023-10-14|2023-11-16_2023-12-15|2023-12-14_2024-01-12|2024-09-13_2024-10-12|2025-01-15_2025-02-13
0.0,3,Core PPI m/m|FOMC|CPI y/y,Good|Neutral|Good,2,0,2,0.0,100.0,0.0,2023-03-16_2023-04-14|2024-05-15_2024-06-13
0.0,3,Core PPI m/m|FOMC|CPI y/y,Neutral|Neutral|Good,1,1,0,100.0,0.0,inf,2023-04-14_2023-05-13
0.0,3,Core PPI m/m|FOMC|CPI y/y,Bad|Neutral|Good,1,1,0,100.0,0.0,inf,2023-07-14_2023-08-12
0.0,3,Core PPI m/m|FOMC|CPI y/y,Bad|Neutral|Bad,1,0,1,0.0,100.0,0.0,2023-09-15_2023-10-14
0.0,3,Core PPI m/m|FOMC|CPI y/y,Good|Neutral|Neutral,1,0,1,0.0,100.0,0.0,2023-11-16_2023-12-15
0.0,3,Core PPI m/m|FOMC|CPI y/y,Good|Neutral|Bad,1,1,0,100.0,0.0,inf,2023-12-14_2024-01-12
0.0,3,Core PPI m/m|FOMC|CPI y/y,Neutral|Good|Bad,1,0,1,0.0,100.0,0.0,2024-09-13_2024-10-12
0.0,3,Core PPI m/m|FOMC|CPI y/y,Neutral|Neutral|Bad,1,0,1,0.0,100.0,0.0,2025-01-15_2025-02-13
0.1,3,Core PPI m/m|FOMC|CPI y/y,Good|Neutral|Neutral,3,0,3,0.0,100.0,0.0,2023-03-16_2023-04-14|2023-11-16_2023-12-15|2024-05-15_2024-06-13
0.1,3,Core PPI m/m|FOMC|CPI y/y,Neutral|Neutral|Neutral,3,2,1,66.7,33.3,2.0,2023-04-14_2023-05-13|2023-07-14_2023-08-12|2025-01-15_2025-02-13
0.1,3,Core PPI m/m|FOMC|CPI y/y,Neutral|Neutral|Bad,1,0,1,0.0,100.0,0.0,2023-09-15_2023-10-14
0.1,3,Core PPI m/m|FOMC|CPI y/y,Good|Neutral|Bad,1,1,0,100.0,0.0,inf,2023-12-14_2024-01-12
0.1,3,Core PPI m/m|FOMC|CPI y/y,Neutral|Good|Bad,1,0,1,0.0,100.0,0.0,2024-09-13_2024-10-12
0.2,3,Core PPI m/m|FOMC|CPI y/y,Good|Neutral|Neutral,2,0,2,0.0,100.0,0.0,2023-03-16_2023-04-14|2024-05-15_2024-06-13
0.2,3,Core PPI m/m|FOMC|CPI y/y,Neutral|Neutral|Neutral,6,3,3,50.0,50.0,1.0,2023-04-14_2023-05-13|2023-07-14_2023-08-12|2023-09-15_2023-10-14|2023-11-16_2023-12-15|2023-12-14_2024-01-12|2025-01-15_2025-02-13
0.2,3,Core PPI m/m|FOMC|CPI y/y,Neutral|Good|Neutral,1,0,1,0.0,100.0,0.0,2024-09-13_2024-10-12
0.3,3,Core PPI m/m|FOMC|CPI y/y,Good|Neutral|Neutral,1,0,1,0.0,100.0,0.0,2023-03-16_2023-04-14
0.3,3,Core PPI m/m|FOMC|CPI y/y,Neutral|Neutral|Neutral,8,3,5,37.5,62.5,0.6,2023-04-14_2023-05-13|2023-07-14_2023-08-12|2023-09-15_2023-10-14|2023-11-16_2023-12-15|2023-12-14_2024-01-12|2024-05-15_2024-06-13|2024-09-13_2024-10-12|2025-01-15_2025-02-13
0.0,4,CPI m/m|Core CPI m/m|PPI m/m|Core PPI m/m,Good|Neutral|Bad|Bad,4,3,1,75.0,25.0,3.0,2018-03-15_2018-04-13|2018-06-14_2018-07-13|2026-01-31_2026-03-01|2026-01-15_2026-02-13
0.0,4,CPI m/m|Core CPI m/m|PPI m/m|Core PPI m/m,Good|Good|Good|Neutral,1,1,0,100.0,0.0,inf,2018-04-11_2018-05-10
0.0,4,CPI m/m|Core CPI m/m|PPI m/m|Core PPI m/m,Good|Neutral|Good|Good,2,0,2,0.0,100.0,0.0,2018-07-12_2018-08-10|2023-03-16_2023-04-14
0.0,4,CPI m/m|Core CPI m/m|PPI m/m|Core PPI m/m,Good|Good|Neutral|Neutral,1,1,0,100.0,0.0,inf,2018-09-13_2018-10-12
0.0,4,CPI m/m|Core CPI m/m|PPI m/m|Core PPI m/m,Good|Good|Bad|Bad,4,1,3,25.0,75.0,0.33,2018-10-11_2018-11-09|2020-03-13_2020-04-11|2022-11-16_2022-12-15|2024-06-14_2024-07-13
0.0,4,CPI m/m|Core CPI m/m|PPI m/m|Core PPI m/m,Good|Neutral|Good|Bad,1,0,1,0.0,100.0,0.0,2019-01-16_2019-02-14
0.0,4,CPI m/m|Core CPI m/m|PPI m/m|Core PPI m/m,Neutral|Good|Good|Good,1,1,0,100.0,0.0,inf,2019-02-15_2019-03-16
0.0,4,CPI m/m|Core CPI m/m|PPI m/m|Core PPI m/m,Bad|Good|Bad|Bad,1,0,1,0.0,100.0,0.0,2019-03-14_2019-04-12
0.0,4,CPI m/m|Core CPI m/m|PPI m/m|Core PPI m/m,Good|Good|Neutral|Good,1,1,0,100.0,0.0,inf,2019-04-12_2019-05-11
0.0,4,CPI m/m|Core CPI m/m|PPI m/m|Core PPI m/m,Good|Good|Good|Good,7,4,3,57.1,42.9,1.33,2019-09-12_2019-10-11|2022-07-15_2022-08-13|2023-06-15_2023-07-14|2024-05-15_2024-06-13|2025-02-14_2025-03-15|2025-03-14_2025-04-12|2025-05-16_2025-06-14
0.0,4,CPI m/m|Core CPI m/m|PPI m/m|Core PPI m/m,Bad|Neutral|Good|Good,3,3,0,100.0,0.0,inf,2019-11-15_2019-12-14|2020-02-20_2020-03-20|2023-12-14_2024-01-12
0.0,4,CPI m/m|Core CPI m/m|PPI m/m|Core PPI m/m,Good|Good|Bad|Neutral,1,0,1,0.0,100.0,0.0,2020-05-14_2020-06-12
0.0,4,CPI m/m|Core CPI m/m|PPI m/m|Core PPI m/m,Bad|Bad|Bad|Bad,2,1,1,50.0,50.0,1.0,2020-08-12_2020-09-10|2021-06-16_2021-07-15
0.0,4,CPI m/m|Core CPI m/m|PPI m/m|Core PPI m/m,Good|Good|Bad|Good,1,1,0,100.0,0.0,inf,2020-10-15_2020-11-13
0.0,4,CPI m/m|Core CPI m/m|PPI m/m|Core PPI m/m,Bad|Bad|Neutral|Good,3,3,0,100.0,0.0,inf,2020-11-14_2020-12-13|2021-10-15_2021-11-13|2022-04-14_2022-05-13
0.0,4,CPI m/m|Core CPI m/m|PPI m/m|Core PPI m/m,Neutral|Good|Bad|Neutral,1,1,0,100.0,0.0,inf,2021-02-18_2021-03-19
0.0,4,CPI m/m|Core CPI m/m|PPI m/m|Core PPI m/m,Neutral|Good|Bad|Bad,1,0,1,0.0,100.0,0.0,2021-07-15_2021-08-13
0.0,4,CPI m/m|Core CPI m/m|PPI m/m|Core PPI m/m,Bad|Bad|Good|Neutral,3,1,2,33.3,66.7,0.5,2021-12-15_2022-01-13|2024-03-15_2024-04-13|2024-09-13_2024-10-12
0.0,4,CPI m/m|Core CPI m/m|PPI m/m|Core PPI m/m,Neutral|Neutral|Good|Good,1,0,1,0.0,100.0,0.0,2022-02-16_2022-03-17
0.0,4,CPI m/m|Core CPI m/m|PPI m/m|Core PPI m/m,Bad|Bad|Bad|Good,1,1,0,100.0,0.0,inf,2022-06-15_2022-07-14
0.0,4,CPI m/m|Core CPI m/m|PPI m/m|Core PPI m/m,Bad|Bad|Bad|Neutral,2,1,1,50.0,50.0,1.0,2022-09-15_2022-10-14|2025-01-15_2025-02-13
0.0,4,CPI m/m|Core CPI m/m|PPI m/m|Core PPI m/m,Neutral|Neutral|Bad|Bad,3,2,1,66.7,33.3,2.0,2023-01-19_2023-02-17|2023-07-14_2023-08-12|2025-07-17_2025-08-15
0.0,4,CPI m/m|Core CPI m/m|PPI m/m|Core PPI m/m,Neutral|Bad|Good|Good,1,1,0,100.0,0.0,inf,2023-02-17_2023-03-18
0.0,4,CPI m/m|Core CPI m/m|PPI m/m|Core PPI m/m,Neutral|Bad|Good|Neutral,1,1,0,100.0,0.0,inf,2023-04-14_2023-05-13
0.0,4,CPI m/m|Core CPI m/m|PPI m/m|Core PPI m/m,Bad|Neutral|Bad|Bad,1,0,1,0.0,100.0,0.0,2023-09-15_2023-10-14
0.0,4,CPI m/m|Core CPI m/m|PPI m/m|Core PPI m/m,Bad|Neutral|Neutral|Good,1,0,1,0.0,100.0,0.0,2023-11-16_2023-12-15
0.0,4,CPI m/m|Core CPI m/m|PPI m/m|Core PPI m/m,Neutral|Bad|Bad|Bad,1,1,0,100.0,0.0,inf,2024-08-14_2024-09-12
0.0,4,CPI m/m|Core CPI m/m|PPI m/m|Core PPI m/m,Neutral|Neutral|Bad|Neutral,2,2,0,100.0,0.0,inf,2024-11-15_2024-12-14|2018-02-16_2018-03-17
0.1,4,CPI m/m|Core CPI m/m|PPI m/m|Core PPI m/m,Neutral|Neutral|Bad|Neutral,4,1,3,25.0,75.0,0.33,2018-03-15_2018-04-13|2020-05-14_2020-06-12|2024-11-15_2024-12-14|2025-01-15_2025-02-13
0.1,4,CPI m/m|Core CPI m/m|PPI m/m|Core PPI m/m,Neutral|Neutral|Neutral|Neutral,11,10,1,90.9,9.1,10.0,2018-04-11_2018-05-10|2018-06-14_2018-07-13|2018-09-13_2018-10-12|2019-02-15_2019-03-16|2020-11-14_2020-12-13|2021-02-18_2021-03-19|2023-06-15_2023-07-14|2023-07-14_2023-08-12|2024-08-14_2024-09-12|2018-02-16_2018-03-17|2024-09-13_2024-10-12
0.1,4,CPI m/m|Core CPI m/m|PPI m/m|Core PPI m/m,Neutral|Neutral|Good|Neutral,3,1,2,33.3,66.7,0.5,2018-07-12_2018-08-10|2019-01-16_2019-02-14|2021-12-15_2022-01-13
0.1,4,CPI m/m|Core CPI m/m|PPI m/m|Core PPI m/m,Neutral|Neutral|Bad|Bad,5,4,1,80.0,20.0,4.0,2018-10-11_2018-11-09|2023-01-19_2023-02-17|2025-07-17_2025-08-15|2026-01-31_2026-03-01|2026-01-15_2026-02-13
0.1,4,CPI m/m|Core CPI m/m|PPI m/m|Core PPI m/m,Bad|Neutral|Bad|Neutral,2,0,2,0.0,100.0,0.0,2019-03-14_2019-04-12|2023-09-15_2023-10-14
0.1,4,CPI m/m|Core CPI m/m|PPI m/m|Core PPI m/m,Good|Neutral|Neutral|Neutral,1,1,0,100.0,0.0,inf,2019-04-12_2019-05-11
0.1,4,CPI m/m|Core CPI m/m|PPI m/m|Core PPI m/m,Neutral|Neutral|Good|Good,8,4,4,50.0,50.0,1.0,2019-09-12_2019-10-11|2019-11-15_2019-12-14|2020-02-20_2020-03-20|2022-02-16_2022-03-17|2023-02-17_2023-03-18|2023-03-16_2023-04-14|2023-12-14_2024-01-12|2025-02-14_2025-03-15
0.1,4,CPI m/m|Core CPI m/m|PPI m/m|Core PPI m/m,Good|Good|Neutral|Bad,1,0,1,0.0,100.0,0.0,2020-03-13_2020-04-11
0.1,4,CPI m/m|Core CPI m/m|PPI m/m|Core PPI m/m,Bad|Bad|Neutral|Bad,1,0,1,0.0,100.0,0.0,2020-08-12_2020-09-10
0.1,4,CPI m/m|Core CPI m/m|PPI m/m|Core PPI m/m,Neutral|Good|Neutral|Neutral,1,1,0,100.0,0.0,inf,2020-10-15_2020-11-13
0.1,4,CPI m/m|Core CPI m/m|PPI m/m|Core PPI m/m,Bad|Bad|Bad|Bad,1,1,0,100.0,0.0,inf,2021-06-16_2021-07-15
0.1,4,CPI m/m|Core CPI m/m|PPI m/m|Core PPI m/m,Neutral|Good|Bad|Bad,1,0,1,0.0,100.0,0.0,2021-07-15_2021-08-13
0.1,4,CPI m/m|Core CPI m/m|PPI m/m|Core PPI m/m,Bad|Bad|Neutral|Neutral,2,1,1,50.0,50.0,1.0,2021-10-15_2021-11-13|2024-03-15_2024-04-13
0.1,4,CPI m/m|Core CPI m/m|PPI m/m|Core PPI m/m,Neutral|Bad|Neutral|Good,1,1,0,100.0,0.0,inf,2022-04-14_2022-05-13
0.1,4,CPI m/m|Core CPI m/m|PPI m/m|Core PPI m/m,Bad|Bad|Bad|Neutral,2,2,0,100.0,0.0,inf,2022-06-15_2022-07-14|2022-09-15_2022-10-14
0.1,4,CPI m/m|Core CPI m/m|PPI m/m|Core PPI m/m,Good|Good|Good|Good,2,2,0,100.0,0.0,inf,2022-07-15_2022-08-13|2025-03-14_2025-04-12
0.1,4,CPI m/m|Core CPI m/m|PPI m/m|Core PPI m/m,Good|Neutral|Neutral|Bad,2,0,2,0.0,100.0,0.0,2022-11-16_2022-12-15|2024-06-14_2024-07-13
0.1,4,CPI m/m|Core CPI m/m|PPI m/m|Core PPI m/m,Neutral|Bad|Neutral|Neutral,1,1,0,100.0,0.0,inf,2023-04-14_2023-05-13
0.1,4,CPI m/m|Core CPI m/m|PPI m/m|Core PPI m/m,Neutral|Neutral|Neutral|Good,1,0,1,0.0,100.0,0.0,2023-11-16_2023-12-15
0.1,4,CPI m/m|Core CPI m/m|PPI m/m|Core PPI m/m,Good|Neutral|Good|Good,1,0,1,0.0,100.0,0.0,2024-05-15_2024-06-13
0.1,4,CPI m/m|Core CPI m/m|PPI m/m|Core PPI m/m,Neutral|Good|Neutral|Good,1,1,0,100.0,0.0,inf,2025-05-16_2025-06-14
0.2,4,CPI m/m|Core CPI m/m|PPI m/m|Core PPI m/m,Neutral|Neutral|Neutral|Neutral,30,19,11,63.3,36.7,1.73,2018-03-15_2018-04-13|2018-04-11_2018-05-10|2018-06-14_2018-07-13|2018-07-12_2018-08-10|2018-09-13_2018-10-12|2019-01-16_2019-02-14|2019-02-15_2019-03-16|2019-04-12_2019-05-11|2020-03-13_2020-04-11|2020-10-15_2020-11-13|2020-11-14_2020-12-13|2021-02-18_2021-03-19|2021-12-15_2022-01-13|2022-04-14_2022-05-13|2022-09-15_2022-10-14|2022-11-16_2022-12-15|2023-04-14_2023-05-13|2023-06-15_2023-07-14|2023-07-14_2023-08-12|2023-09-15_2023-10-14|2023-11-16_2023-12-15|2023-12-14_2024-01-12|2024-03-15_2024-04-13|2024-06-14_2024-07-13|2024-08-14_2024-09-12|2024-11-15_2024-12-14|2025-05-16_2025-06-14|2018-02-16_2018-03-17|2024-09-13_2024-10-12|2025-01-15_2025-02-13
0.2,4,CPI m/m|Core CPI m/m|PPI m/m|Core PPI m/m,Neutral|Neutral|Bad|Bad,4,2,2,50.0,50.0,1.0,2018-10-11_2018-11-09|2021-07-15_2021-08-13|2025-07-17_2025-08-15|2026-01-15_2026-02-13
0.2,4,CPI m/m|Core CPI m/m|PPI m/m|Core PPI m/m,Neutral|Neutral|Bad|Neutral,4,2,2,50.0,50.0,1.0,2019-03-14_2019-04-12|2020-05-14_2020-06-12|2022-06-15_2022-07-14|2023-01-19_2023-02-17
0.2,4,CPI m/m|Core CPI m/m|PPI m/m|Core PPI m/m,Neutral|Neutral|Good|Good,7,3,4,42.9,57.1,0.75,2019-09-12_2019-10-11|2020-02-20_2020-03-20|2023-02-17_2023-03-18|2023-03-16_2023-04-14|2024-05-15_2024-06-13|2025-02-14_2025-03-15|2025-03-14_2025-04-12
0.2,4,CPI m/m|Core CPI m/m|PPI m/m|Core PPI m/m,Neutral|Neutral|Neutral|Good,2,1,1,50.0,50.0,1.0,2019-11-15_2019-12-14|2022-02-16_2022-03-17
0.2,4,CPI m/m|Core CPI m/m|PPI m/m|Core PPI m/m,Bad|Bad|Neutral|Neutral,1,0,1,0.0,100.0,0.0,2020-08-12_2020-09-10
0.2,4,CPI m/m|Core CPI m/m|PPI m/m|Core PPI m/m,Bad|Bad|Bad|Bad,1,1,0,100.0,0.0,inf,2021-06-16_2021-07-15
0.2,4,CPI m/m|Core CPI m/m|PPI m/m|Core PPI m/m,Bad|Neutral|Neutral|Neutral,1,1,0,100.0,0.0,inf,2021-10-15_2021-11-13
0.2,4,CPI m/m|Core CPI m/m|PPI m/m|Core PPI m/m,Neutral|Neutral|Good|Neutral,1,1,0,100.0,0.0,inf,2022-07-15_2022-08-13
0.2,4,CPI m/m|Core CPI m/m|PPI m/m|Core PPI m/m,Neutral|Neutral|Neutral|Bad,1,1,0,100.0,0.0,inf,2026-01-31_2026-03-01
0.3,4,CPI m/m|Core CPI m/m|PPI m/m|Core PPI m/m,Neutral|Neutral|Neutral|Neutral,32,20,12,62.5,37.5,1.67,2018-03-15_2018-04-13|2018-04-11_2018-05-10|2018-06-14_2018-07-13|2018-07-12_2018-08-10|2018-09-13_2018-10-12|2019-01-16_2019-02-14|2019-02-15_2019-03-16|2019-03-14_2019-04-12|2019-04-12_2019-05-11|2020-03-13_2020-04-11|2020-10-15_2020-11-13|2020-11-14_2020-12-13|2021-02-18_2021-03-19|2021-12-15_2022-01-13|2022-04-14_2022-05-13|2022-09-15_2022-10-14|2022-11-16_2022-12-15|2023-01-19_2023-02-17|2023-04-14_2023-05-13|2023-06-15_2023-07-14|2023-07-14_2023-08-12|2023-09-15_2023-10-14|2023-11-16_2023-12-15|2023-12-14_2024-01-12|2024-03-15_2024-04-13|2024-06-14_2024-07-13|2024-08-14_2024-09-12|2024-11-15_2024-12-14|2025-05-16_2025-06-14|2018-02-16_2018-03-17|2024-09-13_2024-10-12|2025-01-15_2025-02-13
0.3,4,CPI m/m|Core CPI m/m|PPI m/m|Core PPI m/m,Neutral|Neutral|Bad|Neutral,3,2,1,66.7,33.3,2.0,2018-10-11_2018-11-09|2020-05-14_2020-06-12|2022-06-15_2022-07-14
0.3,4,CPI m/m|Core CPI m/m|PPI m/m|Core PPI m/m,Neutral|Neutral|Good|Good,5,3,2,60.0,40.0,1.5,2019-09-12_2019-10-11|2020-02-20_2020-03-20|2023-02-17_2023-03-18|2023-03-16_2023-04-14|2025-03-14_2025-04-12
0.3,4,CPI m/m|Core CPI m/m|PPI m/m|Core PPI m/m,Neutral|Neutral|Neutral|Good,3,1,2,33.3,66.7,0.5,2019-11-15_2019-12-14|2022-02-16_2022-03-17|2025-02-14_2025-03-15
0.3,4,CPI m/m|Core CPI m/m|PPI m/m|Core PPI m/m,Neutral|Bad|Neutral|Neutral,1,0,1,0.0,100.0,0.0,2020-08-12_2020-09-10
0.3,4,CPI m/m|Core CPI m/m|PPI m/m|Core PPI m/m,Bad|Bad|Bad|Bad,1,1,0,100.0,0.0,inf,2021-06-16_2021-07-15
0.3,4,CPI m/m|Core CPI m/m|PPI m/m|Core PPI m/m,Neutral|Neutral|Bad|Bad,2,0,2,0.0,100.0,0.0,2021-07-15_2021-08-13|2025-07-17_2025-08-15
0.3,4,CPI m/m|Core CPI m/m|PPI m/m|Core PPI m/m,Bad|Neutral|Neutral|Neutral,1,1,0,100.0,0.0,inf,2021-10-15_2021-11-13
0.3,4,CPI m/m|Core CPI m/m|PPI m/m|Core PPI m/m,Neutral|Neutral|Good|Neutral,2,1,1,50.0,50.0,1.0,2022-07-15_2022-08-13|2024-05-15_2024-06-13
0.3,4,CPI m/m|Core CPI m/m|PPI m/m|Core PPI m/m,Neutral|Neutral|Neutral|Bad,2,2,0,100.0,0.0,inf,2026-01-31_2026-03-01|2026-01-15_2026-02-13
0.0,4,CPI m/m|Core CPI m/m|PPI m/m|FOMC,Good|Neutral|Good|Neutral,1,0,1,0.0,100.0,0.0,2023-03-16_2023-04-14
0.0,4,CPI m/m|Core CPI m/m|PPI m/m|FOMC,Neutral|Bad|Good|Neutral,1,1,0,100.0,0.0,inf,2023-04-14_2023-05-13
0.0,4,CPI m/m|Core CPI m/m|PPI m/m|FOMC,Neutral|Neutral|Bad|Neutral,1,1,0,100.0,0.0,inf,2023-07-14_2023-08-12
0.0,4,CPI m/m|Core CPI m/m|PPI m/m|FOMC,Bad|Neutral|Bad|Neutral,1,0,1,0.0,100.0,0.0,2023-09-15_2023-10-14
0.0,4,CPI m/m|Core CPI m/m|PPI m/m|FOMC,Bad|Neutral|Neutral|Neutral,1,0,1,0.0,100.0,0.0,2023-11-16_2023-12-15
0.0,4,CPI m/m|Core CPI m/m|PPI m/m|FOMC,Bad|Neutral|Good|Neutral,1,1,0,100.0,0.0,inf,2023-12-14_2024-01-12
0.0,4,CPI m/m|Core CPI m/m|PPI m/m|FOMC,Good|Good|Good|Neutral,1,0,1,0.0,100.0,0.0,2024-05-15_2024-06-13
0.0,4,CPI m/m|Core CPI m/m|PPI m/m|FOMC,Bad|Bad|Good|Good,1,0,1,0.0,100.0,0.0,2024-09-13_2024-10-12
0.0,4,CPI m/m|Core CPI m/m|PPI m/m|FOMC,Bad|Bad|Bad|Neutral,1,0,1,0.0,100.0,0.0,2025-01-15_2025-02-13
0.1,4,CPI m/m|Core CPI m/m|PPI m/m|FOMC,Neutral|Neutral|Good|Neutral,2,1,1,50.0,50.0,1.0,2023-03-16_2023-04-14|2023-12-14_2024-01-12
0.1,4,CPI m/m|Core CPI m/m|PPI m/m|FOMC,Neutral|Bad|Neutral|Neutral,1,1,0,100.0,0.0,inf,2023-04-14_2023-05-13
0.1,4,CPI m/m|Core CPI m/m|PPI m/m|FOMC,Neutral|Neutral|Neutral|Neutral,2,1,1,50.0,50.0,1.0,2023-07-14_2023-08-12|2023-11-16_2023-12-15
0.1,4,CPI m/m|Core CPI m/m|PPI m/m|FOMC,Bad|Neutral|Bad|Neutral,1,0,1,0.0,100.0,0.0,2023-09-15_2023-10-14
0.1,4,CPI m/m|Core CPI m/m|PPI m/m|FOMC,Good|Neutral|Good|Neutral,1,0,1,0.0,100.0,0.0,2024-05-15_2024-06-13
0.1,4,CPI m/m|Core CPI m/m|PPI m/m|FOMC,Neutral|Neutral|Neutral|Good,1,0,1,0.0,100.0,0.0,2024-09-13_2024-10-12
0.1,4,CPI m/m|Core CPI m/m|PPI m/m|FOMC,Neutral|Neutral|Bad|Neutral,1,0,1,0.0,100.0,0.0,2025-01-15_2025-02-13
0.2,4,CPI m/m|Core CPI m/m|PPI m/m|FOMC,Neutral|Neutral|Good|Neutral,2,0,2,0.0,100.0,0.0,2023-03-16_2023-04-14|2024-05-15_2024-06-13
0.2,4,CPI m/m|Core CPI m/m|PPI m/m|FOMC,Neutral|Neutral|Neutral|Neutral,6,3,3,50.0,50.0,1.0,2023-04-14_2023-05-13|2023-07-14_2023-08-12|2023-09-15_2023-10-14|2023-11-16_2023-12-15|2023-12-14_2024-01-12|2025-01-15_2025-02-13
0.2,4,CPI m/m|Core CPI m/m|PPI m/m|FOMC,Neutral|Neutral|Neutral|Good,1,0,1,0.0,100.0,0.0,2024-09-13_2024-10-12
0.3,4,CPI m/m|Core CPI m/m|PPI m/m|FOMC,Neutral|Neutral|Good|Neutral,2,0,2,0.0,100.0,0.0,2023-03-16_2023-04-14|2024-05-15_2024-06-13
0.3,4,CPI m/m|Core CPI m/m|PPI m/m|FOMC,Neutral|Neutral|Neutral|Neutral,7,3,4,42.9,57.1,0.75,2023-04-14_2023-05-13|2023-07-14_2023-08-12|2023-09-15_2023-10-14|2023-11-16_2023-12-15|2023-12-14_2024-01-12|2024-09-13_2024-10-12|2025-01-15_2025-02-13
0.0,4,CPI m/m|Core CPI m/m|PPI m/m|CPI y/y,Good|Neutral|Bad|Neutral,2,1,1,50.0,50.0,1.0,2018-03-15_2018-04-13|2018-06-14_2018-07-13
0.0,4,CPI m/m|Core CPI m/m|PPI m/m|CPI y/y,Good|Good|Good|Neutral,1,1,0,100.0,0.0,inf,2018-04-11_2018-05-10
0.0,4,CPI m/m|Core CPI m/m|PPI m/m|CPI y/y,Good|Neutral|Good|Neutral,1,0,1,0.0,100.0,0.0,2018-07-12_2018-08-10
0.0,4,CPI m/m|Core CPI m/m|PPI m/m|CPI y/y,Good|Good|Neutral|Good,2,2,0,100.0,0.0,inf,2018-09-13_2018-10-12|2019-04-12_2019-05-11
0.0,4,CPI m/m|Core CPI m/m|PPI m/m|CPI y/y,Good|Good|Bad|Good,6,2,4,33.3,66.7,0.5,2018-10-11_2018-11-09|2020-03-13_2020-04-11|2020-05-14_2020-06-12|2020-10-15_2020-11-13|2022-11-16_2022-12-15|2024-06-14_2024-07-13
0.0,4,CPI m/m|Core CPI m/m|PPI m/m|CPI y/y,Good|Neutral|Good|Bad,1,0,1,0.0,100.0,0.0,2019-01-16_2019-02-14
0.0,4,CPI m/m|Core CPI m/m|PPI m/m|CPI y/y,Neutral|Good|Good|Good,1,1,0,100.0,0.0,inf,2019-02-15_2019-03-16
0.0,4,CPI m/m|Core CPI m/m|PPI m/m|CPI y/y,Bad|Good|Bad|Bad,1,0,1,0.0,100.0,0.0,2019-03-14_2019-04-12
0.0,4,CPI m/m|Core CPI m/m|PPI m/m|CPI y/y,Good|Good|Good|Good,7,4,3,57.1,42.9,1.33,2019-09-12_2019-10-11|2022-07-15_2022-08-13|2023-06-15_2023-07-14|2024-05-15_2024-06-13|2025-02-14_2025-03-15|2025-03-14_2025-04-12|2025-05-16_2025-06-14
0.0,4,CPI m/m|Core CPI m/m|PPI m/m|CPI y/y,Bad|Neutral|Good|Bad,3,3,0,100.0,0.0,inf,2019-11-15_2019-12-14|2020-02-20_2020-03-20|2023-12-14_2024-01-12
0.0,4,CPI m/m|Core CPI m/m|PPI m/m|CPI y/y,Bad|Bad|Bad|Bad,5,3,2,60.0,40.0,1.5,2020-08-12_2020-09-10|2021-06-16_2021-07-15|2022-06-15_2022-07-14|2022-09-15_2022-10-14|2025-01-15_2025-02-13
0.0,4,CPI m/m|Core CPI m/m|PPI m/m|CPI y/y,Bad|Bad|Neutral|Neutral,1,1,0,100.0,0.0,inf,2020-11-14_2020-12-13
0.0,4,CPI m/m|Core CPI m/m|PPI m/m|CPI y/y,Neutral|Good|Bad|Neutral,1,1,0,100.0,0.0,inf,2021-02-18_2021-03-19
0.0,4,CPI m/m|Core CPI m/m|PPI m/m|CPI y/y,Neutral|Good|Bad|Bad,1,0,1,0.0,100.0,0.0,2021-07-15_2021-08-13
0.0,4,CPI m/m|Core CPI m/m|PPI m/m|CPI y/y,Bad|Bad|Neutral|Bad,2,2,0,100.0,0.0,inf,2021-10-15_2021-11-13|2022-04-14_2022-05-13
0.0,4,CPI m/m|Core CPI m/m|PPI m/m|CPI y/y,Bad|Bad|Good|Neutral,1,1,0,100.0,0.0,inf,2021-12-15_2022-01-13
0.0,4,CPI m/m|Core CPI m/m|PPI m/m|CPI y/y,Neutral|Neutral|Good|Neutral,1,0,1,0.0,100.0,0.0,2022-02-16_2022-03-17
0.0,4,CPI m/m|Core CPI m/m|PPI m/m|CPI y/y,Neutral|Neutral|Bad|Bad,1,1,0,100.0,0.0,inf,2023-01-19_2023-02-17
0.0,4,CPI m/m|Core CPI m/m|PPI m/m|CPI y/y,Neutral|Bad|Good|Neutral,1,1,0,100.0,0.0,inf,2023-02-17_2023-03-18
0.0,4,CPI m/m|Core CPI m/m|PPI m/m|CPI y/y,Good|Neutral|Good|Good,1,0,1,0.0,100.0,0.0,2023-03-16_2023-04-14
0.0,4,CPI m/m|Core CPI m/m|PPI m/m|CPI y/y,Neutral|Bad|Good|Good,1,1,0,100.0,0.0,inf,2023-04-14_2023-05-13
0.0,4,CPI m/m|Core CPI m/m|PPI m/m|CPI y/y,Neutral|Neutral|Bad|Good,2,1,1,50.0,50.0,1.0,2023-07-14_2023-08-12|2025-07-17_2025-08-15
0.0,4,CPI m/m|Core CPI m/m|PPI m/m|CPI y/y,Bad|Neutral|Bad|Bad,1,0,1,0.0,100.0,0.0,2023-09-15_2023-10-14
0.0,4,CPI m/m|Core CPI m/m|PPI m/m|CPI y/y,Bad|Neutral|Neutral|Neutral,1,0,1,0.0,100.0,0.0,2023-11-16_2023-12-15
0.0,4,CPI m/m|Core CPI m/m|PPI m/m|CPI y/y,Bad|Bad|Good|Bad,2,0,2,0.0,100.0,0.0,2024-03-15_2024-04-13|2024-09-13_2024-10-12
0.0,4,CPI m/m|Core CPI m/m|PPI m/m|CPI y/y,Neutral|Bad|Bad|Good,1,1,0,100.0,0.0,inf,2024-08-14_2024-09-12
0.0,4,CPI m/m|Core CPI m/m|PPI m/m|CPI y/y,Neutral|Neutral|Bad|Neutral,2,2,0,100.0,0.0,inf,2024-11-15_2024-12-14|2018-02-16_2018-03-17
0.0,4,CPI m/m|Core CPI m/m|PPI m/m|CPI y/y,Good|Neutral|Bad|Good,2,2,0,100.0,0.0,inf,2026-01-31_2026-03-01|2026-01-15_2026-02-13
0.1,4,CPI m/m|Core CPI m/m|PPI m/m|CPI y/y,Neutral|Neutral|Bad|Neutral,4,1,3,25.0,75.0,0.33,2018-03-15_2018-04-13|2024-11-15_2024-12-14|2025-07-17_2025-08-15|2025-01-15_2025-02-13
0.1,4,CPI m/m|Core CPI m/m|PPI m/m|CPI y/y,Neutral|Neutral|Neutral|Neutral,9,8,1,88.9,11.1,8.0,2018-04-11_2018-05-10|2018-06-14_2018-07-13|2018-09-13_2018-10-12|2020-11-14_2020-12-13|2021-02-18_2021-03-19|2023-07-14_2023-08-12|2023-11-16_2023-12-15|2024-08-14_2024-09-12|2018-02-16_2018-03-17
0.1,4,CPI m/m|Core CPI m/m|PPI m/m|CPI y/y,Neutral|Neutral|Good|Neutral,6,3,3,50.0,50.0,1.0,2018-07-12_2018-08-10|2020-02-20_2020-03-20|2021-12-15_2022-01-13|2022-02-16_2022-03-17|2023-02-17_2023-03-18|2023-03-16_2023-04-14
0.1,4,CPI m/m|Core CPI m/m|PPI m/m|CPI y/y,Neutral|Neutral|Bad|Good,4,3,1,75.0,25.0,3.0,2018-10-11_2018-11-09|2020-05-14_2020-06-12|2026-01-31_2026-03-01|2026-01-15_2026-02-13
0.1,4,CPI m/m|Core CPI m/m|PPI m/m|CPI y/y,Neutral|Neutral|Good|Bad,3,2,1,66.7,33.3,2.0,2019-01-16_2019-02-14|2019-11-15_2019-12-14|2023-12-14_2024-01-12
0.1,4,CPI m/m|Core CPI m/m|PPI m/m|CPI y/y,Neutral|Neutral|Neutral|Good,2,2,0,100.0,0.0,inf,2019-02-15_2019-03-16|2023-06-15_2023-07-14
0.1,4,CPI m/m|Core CPI m/m|PPI m/m|CPI y/y,Bad|Neutral|Bad|Neutral,1,0,1,0.0,100.0,0.0,2019-03-14_2019-04-12
0.1,4,CPI m/m|Core CPI m/m|PPI m/m|CPI y/y,Good|Neutral|Neutral|Good,3,1,2,33.3,66.7,0.5,2019-04-12_2019-05-11|2022-11-16_2022-12-15|2024-06-14_2024-07-13
0.1,4,CPI m/m|Core CPI m/m|PPI m/m|CPI y/y,Neutral|Neutral|Good|Good,2,0,2,0.0,100.0,0.0,2019-09-12_2019-10-11|2025-02-14_2025-03-15
0.1,4,CPI m/m|Core CPI m/m|PPI m/m|CPI y/y,Good|Good|Neutral|Good,1,0,1,0.0,100.0,0.0,2020-03-13_2020-04-11
0.1,4,CPI m/m|Core CPI m/m|PPI m/m|CPI y/y,Bad|Bad|Neutral|Bad,3,1,2,33.3,66.7,0.5,2020-08-12_2020-09-10|2021-10-15_2021-11-13|2024-03-15_2024-04-13
0.1,4,CPI m/m|Core CPI m/m|PPI m/m|CPI y/y,Neutral|Good|Neutral|Good,2,2,0,100.0,0.0,inf,2020-10-15_2020-11-13|2025-05-16_2025-06-14
0.1,4,CPI m/m|Core CPI m/m|PPI m/m|CPI y/y,Bad|Bad|Bad|Bad,2,2,0,100.0,0.0,inf,2021-06-16_2021-07-15|2022-06-15_2022-07-14
0.1,4,CPI m/m|Core CPI m/m|PPI m/m|CPI y/y,Neutral|Good|Bad|Bad,1,0,1,0.0,100.0,0.0,2021-07-15_2021-08-13
0.1,4,CPI m/m|Core CPI m/m|PPI m/m|CPI y/y,Neutral|Bad|Neutral|Bad,1,1,0,100.0,0.0,inf,2022-04-14_2022-05-13
0.1,4,CPI m/m|Core CPI m/m|PPI m/m|CPI y/y,Good|Good|Good|Good,2,2,0,100.0,0.0,inf,2022-07-15_2022-08-13|2025-03-14_2025-04-12
0.1,4,CPI m/m|Core CPI m/m|PPI m/m|CPI y/y,Bad|Bad|Bad|Neutral,1,1,0,100.0,0.0,inf,2022-09-15_2022-10-14
0.1,4,CPI m/m|Core CPI m/m|PPI m/m|CPI y/y,Neutral|Neutral|Bad|Bad,1,1,0,100.0,0.0,inf,2023-01-19_2023-02-17
0.1,4,CPI m/m|Core CPI m/m|PPI m/m|CPI y/y,Neutral|Bad|Neutral|Neutral,1,1,0,100.0,0.0,inf,2023-04-14_2023-05-13
0.1,4,CPI m/m|Core CPI m/m|PPI m/m|CPI y/y,Bad|Neutral|Bad|Bad,1,0,1,0.0,100.0,0.0,2023-09-15_2023-10-14
0.1,4,CPI m/m|Core CPI m/m|PPI m/m|CPI y/y,Good|Neutral|Good|Neutral,1,0,1,0.0,100.0,0.0,2024-05-15_2024-06-13
0.1,4,CPI m/m|Core CPI m/m|PPI m/m|CPI y/y,Neutral|Neutral|Neutral|Bad,1,0,1,0.0,100.0,0.0,2024-09-13_2024-10-12
0.2,4,CPI m/m|Core CPI m/m|PPI m/m|CPI y/y,Neutral|Neutral|Neutral|Neutral,31,20,11,64.5,35.5,1.82,2018-03-15_2018-04-13|2018-04-11_2018-05-10|2018-06-14_2018-07-13|2018-07-12_2018-08-10|2018-09-13_2018-10-12|2019-01-16_2019-02-14|2019-02-15_2019-03-16|2019-04-12_2019-05-11|2019-11-15_2019-12-14|2020-03-13_2020-04-11|2020-10-15_2020-11-13|2020-11-14_2020-12-13|2021-02-18_2021-03-19|2021-12-15_2022-01-13|2022-02-16_2022-03-17|2022-09-15_2022-10-14|2023-04-14_2023-05-13|2023-06-15_2023-07-14|2023-07-14_2023-08-12|2023-09-15_2023-10-14|2023-11-16_2023-12-15|2023-12-14_2024-01-12|2024-03-15_2024-04-13|2024-06-14_2024-07-13|2024-08-14_2024-09-12|2024-11-15_2024-12-14|2025-05-16_2025-06-14|2026-01-31_2026-03-01|2018-02-16_2018-03-17|2024-09-13_2024-10-12|2025-01-15_2025-02-13
0.2,4,CPI m/m|Core CPI m/m|PPI m/m|CPI y/y,Neutral|Neutral|Bad|Neutral,6,2,4,33.3,66.7,0.5,2018-10-11_2018-11-09|2019-03-14_2019-04-12|2020-05-14_2020-06-12|2021-07-15_2021-08-13|2025-07-17_2025-08-15|2026-01-15_2026-02-13
0.2,4,CPI m/m|Core CPI m/m|PPI m/m|CPI y/y,Neutral|Neutral|Good|Neutral,8,4,4,50.0,50.0,1.0,2019-09-12_2019-10-11|2020-02-20_2020-03-20|2022-07-15_2022-08-13|2023-02-17_2023-03-18|2023-03-16_2023-04-14|2024-05-15_2024-06-13|2025-02-14_2025-03-15|2025-03-14_2025-04-12
0.2,4,CPI m/m|Core CPI m/m|PPI m/m|CPI y/y,Bad|Bad|Neutral|Bad,1,0,1,0.0,100.0,0.0,2020-08-12_2020-09-10
0.2,4,CPI m/m|Core CPI m/m|PPI m/m|CPI y/y,Bad|Bad|Bad|Bad,1,1,0,100.0,0.0,inf,2021-06-16_2021-07-15
0.2,4,CPI m/m|Core CPI m/m|PPI m/m|CPI y/y,Bad|Neutral|Neutral|Bad,1,1,0,100.0,0.0,inf,2021-10-15_2021-11-13
0.2,4,CPI m/m|Core CPI m/m|PPI m/m|CPI y/y,Neutral|Neutral|Neutral|Bad,1,1,0,100.0,0.0,inf,2022-04-14_2022-05-13
0.2,4,CPI m/m|Core CPI m/m|PPI m/m|CPI y/y,Neutral|Neutral|Bad|Bad,2,2,0,100.0,0.0,inf,2022-06-15_2022-07-14|2023-01-19_2023-02-17
0.2,4,CPI m/m|Core CPI m/m|PPI m/m|CPI y/y,Neutral|Neutral|Neutral|Good,1,0,1,0.0,100.0,0.0,2022-11-16_2022-12-15
0.3,4,CPI m/m|Core CPI m/m|PPI m/m|CPI y/y,Neutral|Neutral|Neutral|Neutral,37,23,14,62.2,37.8,1.64,2018-03-15_2018-04-13|2018-04-11_2018-05-10|2018-06-14_2018-07-13|2018-07-12_2018-08-10|2018-09-13_2018-10-12|2019-01-16_2019-02-14|2019-02-15_2019-03-16|2019-03-14_2019-04-12|2019-04-12_2019-05-11|2019-11-15_2019-12-14|2020-03-13_2020-04-11|2020-10-15_2020-11-13|2020-11-14_2020-12-13|2021-02-18_2021-03-19|2021-12-15_2022-01-13|2022-02-16_2022-03-17|2022-04-14_2022-05-13|2022-09-15_2022-10-14|2022-11-16_2022-12-15|2023-01-19_2023-02-17|2023-04-14_2023-05-13|2023-06-15_2023-07-14|2023-07-14_2023-08-12|2023-09-15_2023-10-14|2023-11-16_2023-12-15|2023-12-14_2024-01-12|2024-03-15_2024-04-13|2024-06-14_2024-07-13|2024-08-14_2024-09-12|2024-11-15_2024-12-14|2025-02-14_2025-03-15|2025-05-16_2025-06-14|2026-01-31_2026-03-01|2018-02-16_2018-03-17|2024-09-13_2024-10-12|2025-01-15_2025-02-13|2026-01-15_2026-02-13
0.3,4,CPI m/m|Core CPI m/m|PPI m/m|CPI y/y,Neutral|Neutral|Bad|Neutral,4,1,3,25.0,75.0,0.33,2018-10-11_2018-11-09|2020-05-14_2020-06-12|2021-07-15_2021-08-13|2025-07-17_2025-08-15
0.3,4,CPI m/m|Core CPI m/m|PPI m/m|CPI y/y,Neutral|Neutral|Good|Neutral,7,4,3,57.1,42.9,1.33,2019-09-12_2019-10-11|2020-02-20_2020-03-20|2022-07-15_2022-08-13|2023-02-17_2023-03-18|2023-03-16_2023-04-14|2024-05-15_2024-06-13|2025-03-14_2025-04-12
0.3,4,CPI m/m|Core CPI m/m|PPI m/m|CPI y/y,Neutral|Bad|Neutral|Bad,1,0,1,0.0,100.0,0.0,2020-08-12_2020-09-10
0.3,4,CPI m/m|Core CPI m/m|PPI m/m|CPI y/y,Bad|Bad|Bad|Bad,1,1,0,100.0,0.0,inf,2021-06-16_2021-07-15
0.3,4,CPI m/m|Core CPI m/m|PPI m/m|CPI y/y,Bad|Neutral|Neutral|Neutral,1,1,0,100.0,0.0,inf,2021-10-15_2021-11-13
0.3,4,CPI m/m|Core CPI m/m|PPI m/m|CPI y/y,Neutral|Neutral|Bad|Bad,1,1,0,100.0,0.0,inf,2022-06-15_2022-07-14
0.0,4,CPI m/m|Core CPI m/m|Core PPI m/m|FOMC,Good|Neutral|Good|Neutral,1,0,1,0.0,100.0,0.0,2023-03-16_2023-04-14
0.0,4,CPI m/m|Core CPI m/m|Core PPI m/m|FOMC,Neutral|Bad|Neutral|Neutral,1,1,0,100.0,0.0,inf,2023-04-14_2023-05-13
0.0,4,CPI m/m|Core CPI m/m|Core PPI m/m|FOMC,Neutral|Neutral|Bad|Neutral,1,1,0,100.0,0.0,inf,2023-07-14_2023-08-12
0.0,4,CPI m/m|Core CPI m/m|Core PPI m/m|FOMC,Bad|Neutral|Bad|Neutral,1,0,1,0.0,100.0,0.0,2023-09-15_2023-10-14
0.0,4,CPI m/m|Core CPI m/m|Core PPI m/m|FOMC,Bad|Neutral|Good|Neutral,2,1,1,50.0,50.0,1.0,2023-11-16_2023-12-15|2023-12-14_2024-01-12
0.0,4,CPI m/m|Core CPI m/m|Core PPI m/m|FOMC,Good|Good|Good|Neutral,1,0,1,0.0,100.0,0.0,2024-05-15_2024-06-13
0.0,4,CPI m/m|Core CPI m/m|Core PPI m/m|FOMC,Bad|Bad|Neutral|Good,1,0,1,0.0,100.0,0.0,2024-09-13_2024-10-12
0.0,4,CPI m/m|Core CPI m/m|Core PPI m/m|FOMC,Bad|Bad|Neutral|Neutral,1,0,1,0.0,100.0,0.0,2025-01-15_2025-02-13
0.1,4,CPI m/m|Core CPI m/m|Core PPI m/m|FOMC,Neutral|Neutral|Good|Neutral,3,1,2,33.3,66.7,0.5,2023-03-16_2023-04-14|2023-11-16_2023-12-15|2023-12-14_2024-01-12
0.1,4,CPI m/m|Core CPI m/m|Core PPI m/m|FOMC,Neutral|Bad|Neutral|Neutral,1,1,0,100.0,0.0,inf,2023-04-14_2023-05-13
0.1,4,CPI m/m|Core CPI m/m|Core PPI m/m|FOMC,Neutral|Neutral|Neutral|Neutral,2,1,1,50.0,50.0,1.0,2023-07-14_2023-08-12|2025-01-15_2025-02-13
0.1,4,CPI m/m|Core CPI m/m|Core PPI m/m|FOMC,Bad|Neutral|Neutral|Neutral,1,0,1,0.0,100.0,0.0,2023-09-15_2023-10-14
0.1,4,CPI m/m|Core CPI m/m|Core PPI m/m|FOMC,Good|Neutral|Good|Neutral,1,0,1,0.0,100.0,0.0,2024-05-15_2024-06-13
0.1,4,CPI m/m|Core CPI m/m|Core PPI m/m|FOMC,Neutral|Neutral|Neutral|Good,1,0,1,0.0,100.0,0.0,2024-09-13_2024-10-12
0.2,4,CPI m/m|Core CPI m/m|Core PPI m/m|FOMC,Neutral|Neutral|Good|Neutral,2,0,2,0.0,100.0,0.0,2023-03-16_2023-04-14|2024-05-15_2024-06-13
0.2,4,CPI m/m|Core CPI m/m|Core PPI m/m|FOMC,Neutral|Neutral|Neutral|Neutral,6,3,3,50.0,50.0,1.0,2023-04-14_2023-05-13|2023-07-14_2023-08-12|2023-09-15_2023-10-14|2023-11-16_2023-12-15|2023-12-14_2024-01-12|2025-01-15_2025-02-13
0.2,4,CPI m/m|Core CPI m/m|Core PPI m/m|FOMC,Neutral|Neutral|Neutral|Good,1,0,1,0.0,100.0,0.0,2024-09-13_2024-10-12
0.3,4,CPI m/m|Core CPI m/m|Core PPI m/m|FOMC,Neutral|Neutral|Good|Neutral,1,0,1,0.0,100.0,0.0,2023-03-16_2023-04-14
0.3,4,CPI m/m|Core CPI m/m|Core PPI m/m|FOMC,Neutral|Neutral|Neutral|Neutral,8,3,5,37.5,62.5,0.6,2023-04-14_2023-05-13|2023-07-14_2023-08-12|2023-09-15_2023-10-14|2023-11-16_2023-12-15|2023-12-14_2024-01-12|2024-05-15_2024-06-13|2024-09-13_2024-10-12|2025-01-15_2025-02-13
0.0,4,CPI m/m|Core CPI m/m|Core PPI m/m|CPI y/y,Good|Neutral|Bad|Neutral,2,1,1,50.0,50.0,1.0,2018-03-15_2018-04-13|2018-06-14_2018-07-13
0.0,4,CPI m/m|Core CPI m/m|Core PPI m/m|CPI y/y,Good|Good|Neutral|Neutral,1,1,0,100.0,0.0,inf,2018-04-11_2018-05-10
0.0,4,CPI m/m|Core CPI m/m|Core PPI m/m|CPI y/y,Good|Neutral|Good|Neutral,1,0,1,0.0,100.0,0.0,2018-07-12_2018-08-10
0.0,4,CPI m/m|Core CPI m/m|Core PPI m/m|CPI y/y,Good|Good|Neutral|Good,2,1,1,50.0,50.0,1.0,2018-09-13_2018-10-12|2020-05-14_2020-06-12
0.0,4,CPI m/m|Core CPI m/m|Core PPI m/m|CPI y/y,Good|Good|Bad|Good,4,1,3,25.0,75.0,0.33,2018-10-11_2018-11-09|2020-03-13_2020-04-11|2022-11-16_2022-12-15|2024-06-14_2024-07-13
0.0,4,CPI m/m|Core CPI m/m|Core PPI m/m|CPI y/y,Good|Neutral|Bad|Bad,1,0,1,0.0,100.0,0.0,2019-01-16_2019-02-14
0.0,4,CPI m/m|Core CPI m/m|Core PPI m/m|CPI y/y,Neutral|Good|Good|Good,1,1,0,100.0,0.0,inf,2019-02-15_2019-03-16
0.0,4,CPI m/m|Core CPI m/m|Core PPI m/m|CPI y/y,Bad|Good|Bad|Bad,1,0,1,0.0,100.0,0.0,2019-03-14_2019-04-12
0.0,4,CPI m/m|Core CPI m/m|Core PPI m/m|CPI y/y,Good|Good|Good|Good,9,6,3,66.7,33.3,2.0,2019-04-12_2019-05-11|2019-09-12_2019-10-11|2020-10-15_2020-11-13|2022-07-15_2022-08-13|2023-06-15_2023-07-14|2024-05-15_2024-06-13|2025-02-14_2025-03-15|2025-03-14_2025-04-12|2025-05-16_2025-06-14
0.0,4,CPI m/m|Core CPI m/m|Core PPI m/m|CPI y/y,Bad|Neutral|Good|Bad,3,3,0,100.0,0.0,inf,2019-11-15_2019-12-14|2020-02-20_2020-03-20|2023-12-14_2024-01-12
0.0,4,CPI m/m|Core CPI m/m|Core PPI m/m|CPI y/y,Bad|Bad|Bad|Bad,2,1,1,50.0,50.0,1.0,2020-08-12_2020-09-10|2021-06-16_2021-07-15
0.0,4,CPI m/m|Core CPI m/m|Core PPI m/m|CPI y/y,Bad|Bad|Good|Neutral,1,1,0,100.0,0.0,inf,2020-11-14_2020-12-13
0.0,4,CPI m/m|Core CPI m/m|Core PPI m/m|CPI y/y,Neutral|Good|Neutral|Neutral,1,1,0,100.0,0.0,inf,2021-02-18_2021-03-19
0.0,4,CPI m/m|Core CPI m/m|Core PPI m/m|CPI y/y,Neutral|Good|Bad|Bad,1,0,1,0.0,100.0,0.0,2021-07-15_2021-08-13
0.0,4,CPI m/m|Core CPI m/m|Core PPI m/m|CPI y/y,Bad|Bad|Good|Bad,3,3,0,100.0,0.0,inf,2021-10-15_2021-11-13|2022-04-14_2022-05-13|2022-06-15_2022-07-14
0.0,4,CPI m/m|Core CPI m/m|Core PPI m/m|CPI y/y,Bad|Bad|Neutral|Neutral,1,1,0,100.0,0.0,inf,2021-12-15_2022-01-13
0.0,4,CPI m/m|Core CPI m/m|Core PPI m/m|CPI y/y,Neutral|Neutral|Good|Neutral,1,0,1,0.0,100.0,0.0,2022-02-16_2022-03-17
0.0,4,CPI m/m|Core CPI m/m|Core PPI m/m|CPI y/y,Bad|Bad|Neutral|Bad,4,1,3,25.0,75.0,0.33,2022-09-15_2022-10-14|2024-03-15_2024-04-13|2024-09-13_2024-10-12|2025-01-15_2025-02-13
0.0,4,CPI m/m|Core CPI m/m|Core PPI m/m|CPI y/y,Neutral|Neutral|Bad|Bad,1,1,0,100.0,0.0,inf,2023-01-19_2023-02-17
0.0,4,CPI m/m|Core CPI m/m|Core PPI m/m|CPI y/y,Neutral|Bad|Good|Neutral,1,1,0,100.0,0.0,inf,2023-02-17_2023-03-18
0.0,4,CPI m/m|Core CPI m/m|Core PPI m/m|CPI y/y,Good|Neutral|Good|Good,1,0,1,0.0,100.0,0.0,2023-03-16_2023-04-14
0.0,4,CPI m/m|Core CPI m/m|Core PPI m/m|CPI y/y,Neutral|Bad|Neutral|Good,1,1,0,100.0,0.0,inf,2023-04-14_2023-05-13
0.0,4,CPI m/m|Core CPI m/m|Core PPI m/m|CPI y/y,Neutral|Neutral|Bad|Good,2,1,1,50.0,50.0,1.0,2023-07-14_2023-08-12|2025-07-17_2025-08-15
0.0,4,CPI m/m|Core CPI m/m|Core PPI m/m|CPI y/y,Bad|Neutral|Bad|Bad,1,0,1,0.0,100.0,0.0,2023-09-15_2023-10-14
0.0,4,CPI m/m|Core CPI m/m|Core PPI m/m|CPI y/y,Bad|Neutral|Good|Neutral,1,0,1,0.0,100.0,0.0,2023-11-16_2023-12-15
0.0,4,CPI m/m|Core CPI m/m|Core PPI m/m|CPI y/y,Neutral|Bad|Bad|Good,1,1,0,100.0,0.0,inf,2024-08-14_2024-09-12
0.0,4,CPI m/m|Core CPI m/m|Core PPI m/m|CPI y/y,Neutral|Neutral|Neutral|Neutral,2,2,0,100.0,0.0,inf,2024-11-15_2024-12-14|2018-02-16_2018-03-17
0.0,4,CPI m/m|Core CPI m/m|Core PPI m/m|CPI y/y,Good|Neutral|Bad|Good,2,2,0,100.0,0.0,inf,2026-01-31_2026-03-01|2026-01-15_2026-02-13
0.1,4,CPI m/m|Core CPI m/m|Core PPI m/m|CPI y/y,Neutral|Neutral|Neutral|Neutral,13,10,3,76.9,23.1,3.33,2018-03-15_2018-04-13|2018-04-11_2018-05-10|2018-06-14_2018-07-13|2018-07-12_2018-08-10|2018-09-13_2018-10-12|2020-11-14_2020-12-13|2021-02-18_2021-03-19|2021-12-15_2022-01-13|2023-07-14_2023-08-12|2024-08-14_2024-09-12|2024-11-15_2024-12-14|2018-02-16_2018-03-17|2025-01-15_2025-02-13
0.1,4,CPI m/m|Core CPI m/m|Core PPI m/m|CPI y/y,Neutral|Neutral|Bad|Good,3,3,0,100.0,0.0,inf,2018-10-11_2018-11-09|2026-01-31_2026-03-01|2026-01-15_2026-02-13
0.1,4,CPI m/m|Core CPI m/m|Core PPI m/m|CPI y/y,Neutral|Neutral|Neutral|Bad,2,0,2,0.0,100.0,0.0,2019-01-16_2019-02-14|2024-09-13_2024-10-12
0.1,4,CPI m/m|Core CPI m/m|Core PPI m/m|CPI y/y,Neutral|Neutral|Neutral|Good,3,2,1,66.7,33.3,2.0,2019-02-15_2019-03-16|2020-05-14_2020-06-12|2023-06-15_2023-07-14
0.1,4,CPI m/m|Core CPI m/m|Core PPI m/m|CPI y/y,Bad|Neutral|Neutral|Neutral,1,0,1,0.0,100.0,0.0,2019-03-14_2019-04-12
0.1,4,CPI m/m|Core CPI m/m|Core PPI m/m|CPI y/y,Good|Neutral|Neutral|Good,1,1,0,100.0,0.0,inf,2019-04-12_2019-05-11
0.1,4,CPI m/m|Core CPI m/m|Core PPI m/m|CPI y/y,Neutral|Neutral|Good|Good,2,0,2,0.0,100.0,0.0,2019-09-12_2019-10-11|2025-02-14_2025-03-15
0.1,4,CPI m/m|Core CPI m/m|Core PPI m/m|CPI y/y,Neutral|Neutral|Good|Bad,2,2,0,100.0,0.0,inf,2019-11-15_2019-12-14|2023-12-14_2024-01-12
0.1,4,CPI m/m|Core CPI m/m|Core PPI m/m|CPI y/y,Neutral|Neutral|Good|Neutral,5,2,3,40.0,60.0,0.67,2020-02-20_2020-03-20|2022-02-16_2022-03-17|2023-02-17_2023-03-18|2023-03-16_2023-04-14|2023-11-16_2023-12-15
0.1,4,CPI m/m|Core CPI m/m|Core PPI m/m|CPI y/y,Good|Good|Bad|Good,1,0,1,0.0,100.0,0.0,2020-03-13_2020-04-11
0.1,4,CPI m/m|Core CPI m/m|Core PPI m/m|CPI y/y,Bad|Bad|Bad|Bad,2,1,1,50.0,50.0,1.0,2020-08-12_2020-09-10|2021-06-16_2021-07-15
0.1,4,CPI m/m|Core CPI m/m|Core PPI m/m|CPI y/y,Neutral|Good|Neutral|Good,1,1,0,100.0,0.0,inf,2020-10-15_2020-11-13
0.1,4,CPI m/m|Core CPI m/m|Core PPI m/m|CPI y/y,Neutral|Good|Bad|Bad,1,0,1,0.0,100.0,0.0,2021-07-15_2021-08-13
0.1,4,CPI m/m|Core CPI m/m|Core PPI m/m|CPI y/y,Bad|Bad|Neutral|Bad,3,2,1,66.7,33.3,2.0,2021-10-15_2021-11-13|2022-06-15_2022-07-14|2024-03-15_2024-04-13
0.1,4,CPI m/m|Core CPI m/m|Core PPI m/m|CPI y/y,Neutral|Bad|Good|Bad,1,1,0,100.0,0.0,inf,2022-04-14_2022-05-13
0.1,4,CPI m/m|Core CPI m/m|Core PPI m/m|CPI y/y,Good|Good|Good|Good,2,2,0,100.0,0.0,inf,2022-07-15_2022-08-13|2025-03-14_2025-04-12
0.1,4,CPI m/m|Core CPI m/m|Core PPI m/m|CPI y/y,Bad|Bad|Neutral|Neutral,1,1,0,100.0,0.0,inf,2022-09-15_2022-10-14
0.1,4,CPI m/m|Core CPI m/m|Core PPI m/m|CPI y/y,Good|Neutral|Bad|Good,2,0,2,0.0,100.0,0.0,2022-11-16_2022-12-15|2024-06-14_2024-07-13
0.1,4,CPI m/m|Core CPI m/m|Core PPI m/m|CPI y/y,Neutral|Neutral|Bad|Bad,1,1,0,100.0,0.0,inf,2023-01-19_2023-02-17
0.1,4,CPI m/m|Core CPI m/m|Core PPI m/m|CPI y/y,Neutral|Bad|Neutral|Neutral,1,1,0,100.0,0.0,inf,2023-04-14_2023-05-13
0.1,4,CPI m/m|Core CPI m/m|Core PPI m/m|CPI y/y,Bad|Neutral|Neutral|Bad,1,0,1,0.0,100.0,0.0,2023-09-15_2023-10-14
0.1,4,CPI m/m|Core CPI m/m|Core PPI m/m|CPI y/y,Good|Neutral|Good|Neutral,1,0,1,0.0,100.0,0.0,2024-05-15_2024-06-13
0.1,4,CPI m/m|Core CPI m/m|Core PPI m/m|CPI y/y,Neutral|Good|Good|Good,1,1,0,100.0,0.0,inf,2025-05-16_2025-06-14
0.1,4,CPI m/m|Core CPI m/m|Core PPI m/m|CPI y/y,Neutral|Neutral|Bad|Neutral,1,0,1,0.0,100.0,0.0,2025-07-17_2025-08-15
0.2,4,CPI m/m|Core CPI m/m|Core PPI m/m|CPI y/y,Neutral|Neutral|Neutral|Neutral,31,19,12,61.3,38.7,1.58,2018-03-15_2018-04-13|2018-04-11_2018-05-10|2018-06-14_2018-07-13|2018-07-12_2018-08-10|2018-09-13_2018-10-12|2019-01-16_2019-02-14|2019-02-15_2019-03-16|2019-03-14_2019-04-12|2019-04-12_2019-05-11|2020-03-13_2020-04-11|2020-05-14_2020-06-12|2020-10-15_2020-11-13|2020-11-14_2020-12-13|2021-02-18_2021-03-19|2021-12-15_2022-01-13|2022-07-15_2022-08-13|2022-09-15_2022-10-14|2023-04-14_2023-05-13|2023-06-15_2023-07-14|2023-07-14_2023-08-12|2023-09-15_2023-10-14|2023-11-16_2023-12-15|2023-12-14_2024-01-12|2024-03-15_2024-04-13|2024-06-14_2024-07-13|2024-08-14_2024-09-12|2024-11-15_2024-12-14|2025-05-16_2025-06-14|2018-02-16_2018-03-17|2024-09-13_2024-10-12|2025-01-15_2025-02-13
0.2,4,CPI m/m|Core CPI m/m|Core PPI m/m|CPI y/y,Neutral|Neutral|Bad|Neutral,5,3,2,60.0,40.0,1.5,2018-10-11_2018-11-09|2021-07-15_2021-08-13|2025-07-17_2025-08-15|2026-01-31_2026-03-01|2026-01-15_2026-02-13
0.2,4,CPI m/m|Core CPI m/m|Core PPI m/m|CPI y/y,Neutral|Neutral|Good|Neutral,9,4,5,44.4,55.6,0.8,2019-09-12_2019-10-11|2019-11-15_2019-12-14|2020-02-20_2020-03-20|2022-02-16_2022-03-17|2023-02-17_2023-03-18|2023-03-16_2023-04-14|2024-05-15_2024-06-13|2025-02-14_2025-03-15|2025-03-14_2025-04-12
0.2,4,CPI m/m|Core CPI m/m|Core PPI m/m|CPI y/y,Bad|Bad|Neutral|Bad,1,0,1,0.0,100.0,0.0,2020-08-12_2020-09-10
0.2,4,CPI m/m|Core CPI m/m|Core PPI m/m|CPI y/y,Bad|Bad|Bad|Bad,1,1,0,100.0,0.0,inf,2021-06-16_2021-07-15
0.2,4,CPI m/m|Core CPI m/m|Core PPI m/m|CPI y/y,Bad|Neutral|Neutral|Bad,1,1,0,100.0,0.0,inf,2021-10-15_2021-11-13
0.2,4,CPI m/m|Core CPI m/m|Core PPI m/m|CPI y/y,Neutral|Neutral|Neutral|Bad,3,3,0,100.0,0.0,inf,2022-04-14_2022-05-13|2022-06-15_2022-07-14|2023-01-19_2023-02-17
0.2,4,CPI m/m|Core CPI m/m|Core PPI m/m|CPI y/y,Neutral|Neutral|Neutral|Good,1,0,1,0.0,100.0,0.0,2022-11-16_2022-12-15
0.3,4,CPI m/m|Core CPI m/m|Core PPI m/m|CPI y/y,Neutral|Neutral|Neutral|Neutral,36,22,14,61.1,38.9,1.57,2018-03-15_2018-04-13|2018-04-11_2018-05-10|2018-06-14_2018-07-13|2018-07-12_2018-08-10|2018-09-13_2018-10-12|2018-10-11_2018-11-09|2019-01-16_2019-02-14|2019-02-15_2019-03-16|2019-03-14_2019-04-12|2019-04-12_2019-05-11|2020-03-13_2020-04-11|2020-05-14_2020-06-12|2020-10-15_2020-11-13|2020-11-14_2020-12-13|2021-02-18_2021-03-19|2021-12-15_2022-01-13|2022-04-14_2022-05-13|2022-07-15_2022-08-13|2022-09-15_2022-10-14|2022-11-16_2022-12-15|2023-01-19_2023-02-17|2023-04-14_2023-05-13|2023-06-15_2023-07-14|2023-07-14_2023-08-12|2023-09-15_2023-10-14|2023-11-16_2023-12-15|2023-12-14_2024-01-12|2024-03-15_2024-04-13|2024-05-15_2024-06-13|2024-06-14_2024-07-13|2024-08-14_2024-09-12|2024-11-15_2024-12-14|2025-05-16_2025-06-14|2018-02-16_2018-03-17|2024-09-13_2024-10-12|2025-01-15_2025-02-13
0.3,4,CPI m/m|Core CPI m/m|Core PPI m/m|CPI y/y,Neutral|Neutral|Good|Neutral,8,4,4,50.0,50.0,1.0,2019-09-12_2019-10-11|2019-11-15_2019-12-14|2020-02-20_2020-03-20|2022-02-16_2022-03-17|2023-02-17_2023-03-18|2023-03-16_2023-04-14|2025-02-14_2025-03-15|2025-03-14_2025-04-12
0.3,4,CPI m/m|Core CPI m/m|Core PPI m/m|CPI y/y,Neutral|Bad|Neutral|Bad,1,0,1,0.0,100.0,0.0,2020-08-12_2020-09-10
0.3,4,CPI m/m|Core CPI m/m|Core PPI m/m|CPI y/y,Bad|Bad|Bad|Bad,1,1,0,100.0,0.0,inf,2021-06-16_2021-07-15
0.3,4,CPI m/m|Core CPI m/m|Core PPI m/m|CPI y/y,Neutral|Neutral|Bad|Neutral,4,2,2,50.0,50.0,1.0,2021-07-15_2021-08-13|2025-07-17_2025-08-15|2026-01-31_2026-03-01|2026-01-15_2026-02-13
0.3,4,CPI m/m|Core CPI m/m|Core PPI m/m|CPI y/y,Bad|Neutral|Neutral|Neutral,1,1,0,100.0,0.0,inf,2021-10-15_2021-11-13
0.3,4,CPI m/m|Core CPI m/m|Core PPI m/m|CPI y/y,Neutral|Neutral|Neutral|Bad,1,1,0,100.0,0.0,inf,2022-06-15_2022-07-14
0.0,4,CPI m/m|Core CPI m/m|FOMC|CPI y/y,Good|Neutral|Neutral|Good,1,0,1,0.0,100.0,0.0,2023-03-16_2023-04-14
0.0,4,CPI m/m|Core CPI m/m|FOMC|CPI y/y,Neutral|Bad|Neutral|Good,1,1,0,100.0,0.0,inf,2023-04-14_2023-05-13
0.0,4,CPI m/m|Core CPI m/m|FOMC|CPI y/y,Neutral|Neutral|Neutral|Good,1,1,0,100.0,0.0,inf,2023-07-14_2023-08-12
0.0,4,CPI m/m|Core CPI m/m|FOMC|CPI y/y,Bad|Neutral|Neutral|Bad,3,2,1,66.7,33.3,2.0,2023-09-15_2023-10-14|2023-10-12_2023-11-10|2023-12-14_2024-01-12
0.0,4,CPI m/m|Core CPI m/m|FOMC|CPI y/y,Bad|Neutral|Neutral|Neutral,1,0,1,0.0,100.0,0.0,2023-11-16_2023-12-15
0.0,4,CPI m/m|Core CPI m/m|FOMC|CPI y/y,Good|Good|Neutral|Good,1,0,1,0.0,100.0,0.0,2024-05-15_2024-06-13
0.0,4,CPI m/m|Core CPI m/m|FOMC|CPI y/y,Bad|Bad|Good|Bad,1,0,1,0.0,100.0,0.0,2024-09-13_2024-10-12
0.0,4,CPI m/m|Core CPI m/m|FOMC|CPI y/y,Bad|Bad|Neutral|Bad,1,0,1,0.0,100.0,0.0,2025-01-15_2025-02-13
0.1,4,CPI m/m|Core CPI m/m|FOMC|CPI y/y,Neutral|Neutral|Neutral|Neutral,4,1,3,25.0,75.0,0.33,2023-03-16_2023-04-14|2023-07-14_2023-08-12|2023-11-16_2023-12-15|2025-01-15_2025-02-13
0.1,4,CPI m/m|Core CPI m/m|FOMC|CPI y/y,Neutral|Bad|Neutral|Neutral,1,1,0,100.0,0.0,inf,2023-04-14_2023-05-13
0.1,4,CPI m/m|Core CPI m/m|FOMC|CPI y/y,Bad|Neutral|Neutral|Bad,2,1,1,50.0,50.0,1.0,2023-09-15_2023-10-14|2023-10-12_2023-11-10
0.1,4,CPI m/m|Core CPI m/m|FOMC|CPI y/y,Neutral|Neutral|Neutral|Bad,1,1,0,100.0,0.0,inf,2023-12-14_2024-01-12
0.1,4,CPI m/m|Core CPI m/m|FOMC|CPI y/y,Good|Neutral|Neutral|Neutral,1,0,1,0.0,100.0,0.0,2024-05-15_2024-06-13
0.1,4,CPI m/m|Core CPI m/m|FOMC|CPI y/y,Neutral|Neutral|Good|Bad,1,0,1,0.0,100.0,0.0,2024-09-13_2024-10-12
0.2,4,CPI m/m|Core CPI m/m|FOMC|CPI y/y,Neutral|Neutral|Neutral|Neutral,9,4,5,44.4,55.6,0.8,2023-03-16_2023-04-14|2023-04-14_2023-05-13|2023-07-14_2023-08-12|2023-09-15_2023-10-14|2023-10-12_2023-11-10|2023-11-16_2023-12-15|2023-12-14_2024-01-12|2024-05-15_2024-06-13|2025-01-15_2025-02-13
0.2,4,CPI m/m|Core CPI m/m|FOMC|CPI y/y,Neutral|Neutral|Good|Neutral,1,0,1,0.0,100.0,0.0,2024-09-13_2024-10-12
0.3,4,CPI m/m|Core CPI m/m|FOMC|CPI y/y,Neutral|Neutral|Neutral|Neutral,10,4,6,40.0,60.0,0.67,2023-03-16_2023-04-14|2023-04-14_2023-05-13|2023-07-14_2023-08-12|2023-09-15_2023-10-14|2023-10-12_2023-11-10|2023-11-16_2023-12-15|2023-12-14_2024-01-12|2024-05-15_2024-06-13|2024-09-13_2024-10-12|2025-01-15_2025-02-13
0.0,4,CPI m/m|PPI m/m|Core PPI m/m|FOMC,Good|Good|Good|Neutral,2,0,2,0.0,100.0,0.0,2023-03-16_2023-04-14|2024-05-15_2024-06-13
0.0,4,CPI m/m|PPI m/m|Core PPI m/m|FOMC,Neutral|Good|Neutral|Neutral,1,1,0,100.0,0.0,inf,2023-04-14_2023-05-13
0.0,4,CPI m/m|PPI m/m|Core PPI m/m|FOMC,Neutral|Bad|Bad|Neutral,1,1,0,100.0,0.0,inf,2023-07-14_2023-08-12
0.0,4,CPI m/m|PPI m/m|Core PPI m/m|FOMC,Bad|Bad|Bad|Neutral,1,0,1,0.0,100.0,0.0,2023-09-15_2023-10-14
0.0,4,CPI m/m|PPI m/m|Core PPI m/m|FOMC,Bad|Neutral|Good|Neutral,1,0,1,0.0,100.0,0.0,2023-11-16_2023-12-15
0.0,4,CPI m/m|PPI m/m|Core PPI m/m|FOMC,Bad|Good|Good|Neutral,1,1,0,100.0,0.0,inf,2023-12-14_2024-01-12
0.0,4,CPI m/m|PPI m/m|Core PPI m/m|FOMC,Bad|Good|Neutral|Good,1,0,1,0.0,100.0,0.0,2024-09-13_2024-10-12
0.0,4,CPI m/m|PPI m/m|Core PPI m/m|FOMC,Bad|Bad|Neutral|Neutral,1,0,1,0.0,100.0,0.0,2025-01-15_2025-02-13
0.1,4,CPI m/m|PPI m/m|Core PPI m/m|FOMC,Neutral|Good|Good|Neutral,2,1,1,50.0,50.0,1.0,2023-03-16_2023-04-14|2023-12-14_2024-01-12
0.1,4,CPI m/m|PPI m/m|Core PPI m/m|FOMC,Neutral|Neutral|Neutral|Neutral,2,2,0,100.0,0.0,inf,2023-04-14_2023-05-13|2023-07-14_2023-08-12
0.1,4,CPI m/m|PPI m/m|Core PPI m/m|FOMC,Bad|Bad|Neutral|Neutral,1,0,1,0.0,100.0,0.0,2023-09-15_2023-10-14
0.1,4,CPI m/m|PPI m/m|Core PPI m/m|FOMC,Neutral|Neutral|Good|Neutral,1,0,1,0.0,100.0,0.0,2023-11-16_2023-12-15
0.1,4,CPI m/m|PPI m/m|Core PPI m/m|FOMC,Good|Good|Good|Neutral,1,0,1,0.0,100.0,0.0,2024-05-15_2024-06-13
0.1,4,CPI m/m|PPI m/m|Core PPI m/m|FOMC,Neutral|Neutral|Neutral|Good,1,0,1,0.0,100.0,0.0,2024-09-13_2024-10-12
0.1,4,CPI m/m|PPI m/m|Core PPI m/m|FOMC,Neutral|Bad|Neutral|Neutral,1,0,1,0.0,100.0,0.0,2025-01-15_2025-02-13
0.2,4,CPI m/m|PPI m/m|Core PPI m/m|FOMC,Neutral|Good|Good|Neutral,2,0,2,0.0,100.0,0.0,2023-03-16_2023-04-14|2024-05-15_2024-06-13
0.2,4,CPI m/m|PPI m/m|Core PPI m/m|FOMC,Neutral|Neutral|Neutral|Neutral,6,3,3,50.0,50.0,1.0,2023-04-14_2023-05-13|2023-07-14_2023-08-12|2023-09-15_2023-10-14|2023-11-16_2023-12-15|2023-12-14_2024-01-12|2025-01-15_2025-02-13
0.2,4,CPI m/m|PPI m/m|Core PPI m/m|FOMC,Neutral|Neutral|Neutral|Good,1,0,1,0.0,100.0,0.0,2024-09-13_2024-10-12
0.3,4,CPI m/m|PPI m/m|Core PPI m/m|FOMC,Neutral|Good|Good|Neutral,1,0,1,0.0,100.0,0.0,2023-03-16_2023-04-14
0.3,4,CPI m/m|PPI m/m|Core PPI m/m|FOMC,Neutral|Neutral|Neutral|Neutral,7,3,4,42.9,57.1,0.75,2023-04-14_2023-05-13|2023-07-14_2023-08-12|2023-09-15_2023-10-14|2023-11-16_2023-12-15|2023-12-14_2024-01-12|2024-09-13_2024-10-12|2025-01-15_2025-02-13
0.3,4,CPI m/m|PPI m/m|Core PPI m/m|FOMC,Neutral|Good|Neutral|Neutral,1,0,1,0.0,100.0,0.0,2024-05-15_2024-06-13
0.0,4,CPI m/m|PPI m/m|Core PPI m/m|CPI y/y,Good|Bad|Bad|Neutral,2,1,1,50.0,50.0,1.0,2018-03-15_2018-04-13|2018-06-14_2018-07-13
0.0,4,CPI m/m|PPI m/m|Core PPI m/m|CPI y/y,Good|Good|Neutral|Neutral,1,1,0,100.0,0.0,inf,2018-04-11_2018-05-10
0.0,4,CPI m/m|PPI m/m|Core PPI m/m|CPI y/y,Good|Good|Good|Neutral,1,0,1,0.0,100.0,0.0,2018-07-12_2018-08-10
0.0,4,CPI m/m|PPI m/m|Core PPI m/m|CPI y/y,Good|Neutral|Neutral|Good,1,1,0,100.0,0.0,inf,2018-09-13_2018-10-12
0.0,4,CPI m/m|PPI m/m|Core PPI m/m|CPI y/y,Good|Bad|Bad|Good,6,3,3,50.0,50.0,1.0,2018-10-11_2018-11-09|2020-03-13_2020-04-11|2022-11-16_2022-12-15|2024-06-14_2024-07-13|2026-01-31_2026-03-01|2026-01-15_2026-02-13
0.0,4,CPI m/m|PPI m/m|Core PPI m/m|CPI y/y,Good|Good|Bad|Bad,1,0,1,0.0,100.0,0.0,2019-01-16_2019-02-14
0.0,4,CPI m/m|PPI m/m|Core PPI m/m|CPI y/y,Neutral|Good|Good|Good,1,1,0,100.0,0.0,inf,2019-02-15_2019-03-16
0.0,4,CPI m/m|PPI m/m|Core PPI m/m|CPI y/y,Bad|Bad|Bad|Bad,4,1,3,25.0,75.0,0.33,2019-03-14_2019-04-12|2020-08-12_2020-09-10|2021-06-16_2021-07-15|2023-09-15_2023-10-14
0.0,4,CPI m/m|PPI m/m|Core PPI m/m|CPI y/y,Good|Neutral|Good|Good,1,1,0,100.0,0.0,inf,2019-04-12_2019-05-11
0.0,4,CPI m/m|PPI m/m|Core PPI m/m|CPI y/y,Good|Good|Good|Good,8,4,4,50.0,50.0,1.0,2019-09-12_2019-10-11|2022-07-15_2022-08-13|2023-03-16_2023-04-14|2023-06-15_2023-07-14|2024-05-15_2024-06-13|2025-02-14_2025-03-15|2025-03-14_2025-04-12|2025-05-16_2025-06-14
0.0,4,CPI m/m|PPI m/m|Core PPI m/m|CPI y/y,Bad|Good|Good|Bad,3,3,0,100.0,0.0,inf,2019-11-15_2019-12-14|2020-02-20_2020-03-20|2023-12-14_2024-01-12
0.0,4,CPI m/m|PPI m/m|Core PPI m/m|CPI y/y,Good|Bad|Neutral|Good,1,0,1,0.0,100.0,0.0,2020-05-14_2020-06-12
0.0,4,CPI m/m|PPI m/m|Core PPI m/m|CPI y/y,Good|Bad|Good|Good,1,1,0,100.0,0.0,inf,2020-10-15_2020-11-13
0.0,4,CPI m/m|PPI m/m|Core PPI m/m|CPI y/y,Bad|Neutral|Good|Neutral,2,1,1,50.0,50.0,1.0,2020-11-14_2020-12-13|2023-11-16_2023-12-15
0.0,4,CPI m/m|PPI m/m|Core PPI m/m|CPI y/y,Neutral|Bad|Neutral|Neutral,3,3,0,100.0,0.0,inf,2021-02-18_2021-03-19|2024-11-15_2024-12-14|2018-02-16_2018-03-17
0.0,4,CPI m/m|PPI m/m|Core PPI m/m|CPI y/y,Neutral|Bad|Bad|Bad,2,1,1,50.0,50.0,1.0,2021-07-15_2021-08-13|2023-01-19_2023-02-17
0.0,4,CPI m/m|PPI m/m|Core PPI m/m|CPI y/y,Bad|Neutral|Good|Bad,2,2,0,100.0,0.0,inf,2021-10-15_2021-11-13|2022-04-14_2022-05-13
0.0,4,CPI m/m|PPI m/m|Core PPI m/m|CPI y/y,Bad|Good|Neutral|Neutral,1,1,0,100.0,0.0,inf,2021-12-15_2022-01-13
0.0,4,CPI m/m|PPI m/m|Core PPI m/m|CPI y/y,Neutral|Good|Good|Neutral,2,1,1,50.0,50.0,1.0,2022-02-16_2022-03-17|2023-02-17_2023-03-18
0.0,4,CPI m/m|PPI m/m|Core PPI m/m|CPI y/y,Bad|Bad|Good|Bad,1,1,0,100.0,0.0,inf,2022-06-15_2022-07-14
0.0,4,CPI m/m|PPI m/m|Core PPI m/m|CPI y/y,Bad|Bad|Neutral|Bad,2,1,1,50.0,50.0,1.0,2022-09-15_2022-10-14|2025-01-15_2025-02-13
0.0,4,CPI m/m|PPI m/m|Core PPI m/m|CPI y/y,Neutral|Good|Neutral|Good,1,1,0,100.0,0.0,inf,2023-04-14_2023-05-13
0.0,4,CPI m/m|PPI m/m|Core PPI m/m|CPI y/y,Neutral|Bad|Bad|Good,3,2,1,66.7,33.3,2.0,2023-07-14_2023-08-12|2024-08-14_2024-09-12|2025-07-17_2025-08-15
0.0,4,CPI m/m|PPI m/m|Core PPI m/m|CPI y/y,Bad|Good|Neutral|Bad,2,0,2,0.0,100.0,0.0,2024-03-15_2024-04-13|2024-09-13_2024-10-12
0.1,4,CPI m/m|PPI m/m|Core PPI m/m|CPI y/y,Neutral|Bad|Neutral|Neutral,3,1,2,33.3,66.7,0.5,2018-03-15_2018-04-13|2024-11-15_2024-12-14|2025-01-15_2025-02-13
0.1,4,CPI m/m|PPI m/m|Core PPI m/m|CPI y/y,Neutral|Neutral|Neutral|Neutral,9,9,0,100.0,0.0,inf,2018-04-11_2018-05-10|2018-06-14_2018-07-13|2018-09-13_2018-10-12|2020-11-14_2020-12-13|2021-02-18_2021-03-19|2023-04-14_2023-05-13|2023-07-14_2023-08-12|2024-08-14_2024-09-12|2018-02-16_2018-03-17
0.1,4,CPI m/m|PPI m/m|Core PPI m/m|CPI y/y,Neutral|Good|Neutral|Neutral,2,1,1,50.0,50.0,1.0,2018-07-12_2018-08-10|2021-12-15_2022-01-13
0.1,4,CPI m/m|PPI m/m|Core PPI m/m|CPI y/y,Neutral|Bad|Bad|Good,3,3,0,100.0,0.0,inf,2018-10-11_2018-11-09|2026-01-31_2026-03-01|2026-01-15_2026-02-13
0.1,4,CPI m/m|PPI m/m|Core PPI m/m|CPI y/y,Neutral|Good|Neutral|Bad,1,0,1,0.0,100.0,0.0,2019-01-16_2019-02-14
0.1,4,CPI m/m|PPI m/m|Core PPI m/m|CPI y/y,Neutral|Neutral|Neutral|Good,3,3,0,100.0,0.0,inf,2019-02-15_2019-03-16|2020-10-15_2020-11-13|2023-06-15_2023-07-14
0.1,4,CPI m/m|PPI m/m|Core PPI m/m|CPI y/y,Bad|Bad|Neutral|Neutral,2,1,1,50.0,50.0,1.0,2019-03-14_2019-04-12|2022-09-15_2022-10-14
0.1,4,CPI m/m|PPI m/m|Core PPI m/m|CPI y/y,Good|Neutral|Neutral|Good,1,1,0,100.0,0.0,inf,2019-04-12_2019-05-11
0.1,4,CPI m/m|PPI m/m|Core PPI m/m|CPI y/y,Neutral|Good|Good|Good,2,0,2,0.0,100.0,0.0,2019-09-12_2019-10-11|2025-02-14_2025-03-15
0.1,4,CPI m/m|PPI m/m|Core PPI m/m|CPI y/y,Neutral|Good|Good|Bad,2,2,0,100.0,0.0,inf,2019-11-15_2019-12-14|2023-12-14_2024-01-12
0.1,4,CPI m/m|PPI m/m|Core PPI m/m|CPI y/y,Neutral|Good|Good|Neutral,4,2,2,50.0,50.0,1.0,2020-02-20_2020-03-20|2022-02-16_2022-03-17|2023-02-17_2023-03-18|2023-03-16_2023-04-14
0.1,4,CPI m/m|PPI m/m|Core PPI m/m|CPI y/y,Good|Neutral|Bad|Good,3,0,3,0.0,100.0,0.0,2020-03-13_2020-04-11|2022-11-16_2022-12-15|2024-06-14_2024-07-13
0.1,4,CPI m/m|PPI m/m|Core PPI m/m|CPI y/y,Neutral|Bad|Neutral|Good,1,0,1,0.0,100.0,0.0,2020-05-14_2020-06-12
0.1,4,CPI m/m|PPI m/m|Core PPI m/m|CPI y/y,Bad|Neutral|Bad|Bad,1,0,1,0.0,100.0,0.0,2020-08-12_2020-09-10
0.1,4,CPI m/m|PPI m/m|Core PPI m/m|CPI y/y,Bad|Bad|Bad|Bad,1,1,0,100.0,0.0,inf,2021-06-16_2021-07-15
0.1,4,CPI m/m|PPI m/m|Core PPI m/m|CPI y/y,Neutral|Bad|Bad|Bad,2,1,1,50.0,50.0,1.0,2021-07-15_2021-08-13|2023-01-19_2023-02-17
0.1,4,CPI m/m|PPI m/m|Core PPI m/m|CPI y/y,Bad|Neutral|Neutral|Bad,2,1,1,50.0,50.0,1.0,2021-10-15_2021-11-13|2024-03-15_2024-04-13
0.1,4,CPI m/m|PPI m/m|Core PPI m/m|CPI y/y,Neutral|Neutral|Good|Bad,1,1,0,100.0,0.0,inf,2022-04-14_2022-05-13
0.1,4,CPI m/m|PPI m/m|Core PPI m/m|CPI y/y,Bad|Bad|Neutral|Bad,2,1,1,50.0,50.0,1.0,2022-06-15_2022-07-14|2023-09-15_2023-10-14
0.1,4,CPI m/m|PPI m/m|Core PPI m/m|CPI y/y,Good|Good|Good|Good,2,2,0,100.0,0.0,inf,2022-07-15_2022-08-13|2025-03-14_2025-04-12
0.1,4,CPI m/m|PPI m/m|Core PPI m/m|CPI y/y,Neutral|Neutral|Good|Neutral,1,0,1,0.0,100.0,0.0,2023-11-16_2023-12-15
0.1,4,CPI m/m|PPI m/m|Core PPI m/m|CPI y/y,Good|Good|Good|Neutral,1,0,1,0.0,100.0,0.0,2024-05-15_2024-06-13
0.1,4,CPI m/m|PPI m/m|Core PPI m/m|CPI y/y,Neutral|Neutral|Good|Good,1,1,0,100.0,0.0,inf,2025-05-16_2025-06-14
0.1,4,CPI m/m|PPI m/m|Core PPI m/m|CPI y/y,Neutral|Bad|Bad|Neutral,1,0,1,0.0,100.0,0.0,2025-07-17_2025-08-15
0.1,4,CPI m/m|PPI m/m|Core PPI m/m|CPI y/y,Neutral|Neutral|Neutral|Bad,1,0,1,0.0,100.0,0.0,2024-09-13_2024-10-12
0.2,4,CPI m/m|PPI m/m|Core PPI m/m|CPI y/y,Neutral|Neutral|Neutral|Neutral,28,18,10,64.3,35.7,1.8,2018-03-15_2018-04-13|2018-04-11_2018-05-10|2018-06-14_2018-07-13|2018-07-12_2018-08-10|2018-09-13_2018-10-12|2019-01-16_2019-02-14|2019-02-15_2019-03-16|2019-04-12_2019-05-11|2020-03-13_2020-04-11|2020-10-15_2020-11-13|2020-11-14_2020-12-13|2021-02-18_2021-03-19|2021-12-15_2022-01-13|2022-09-15_2022-10-14|2023-04-14_2023-05-13|2023-06-15_2023-07-14|2023-07-14_2023-08-12|2023-09-15_2023-10-14|2023-11-16_2023-12-15|2023-12-14_2024-01-12|2024-03-15_2024-04-13|2024-06-14_2024-07-13|2024-08-14_2024-09-12|2024-11-15_2024-12-14|2025-05-16_2025-06-14|2018-02-16_2018-03-17|2024-09-13_2024-10-12|2025-01-15_2025-02-13
0.2,4,CPI m/m|PPI m/m|Core PPI m/m|CPI y/y,Neutral|Bad|Bad|Neutral,4,2,2,50.0,50.0,1.0,2018-10-11_2018-11-09|2021-07-15_2021-08-13|2025-07-17_2025-08-15|2026-01-15_2026-02-13
0.2,4,CPI m/m|PPI m/m|Core PPI m/m|CPI y/y,Neutral|Bad|Neutral|Neutral,2,0,2,0.0,100.0,0.0,2019-03-14_2019-04-12|2020-05-14_2020-06-12
0.2,4,CPI m/m|PPI m/m|Core PPI m/m|CPI y/y,Neutral|Good|Good|Neutral,7,3,4,42.9,57.1,0.75,2019-09-12_2019-10-11|2020-02-20_2020-03-20|2023-02-17_2023-03-18|2023-03-16_2023-04-14|2024-05-15_2024-06-13|2025-02-14_2025-03-15|2025-03-14_2025-04-12
0.2,4,CPI m/m|PPI m/m|Core PPI m/m|CPI y/y,Neutral|Neutral|Good|Neutral,2,1,1,50.0,50.0,1.0,2019-11-15_2019-12-14|2022-02-16_2022-03-17
0.2,4,CPI m/m|PPI m/m|Core PPI m/m|CPI y/y,Bad|Neutral|Neutral|Bad,2,1,1,50.0,50.0,1.0,2020-08-12_2020-09-10|2021-10-15_2021-11-13
0.2,4,CPI m/m|PPI m/m|Core PPI m/m|CPI y/y,Bad|Bad|Bad|Bad,1,1,0,100.0,0.0,inf,2021-06-16_2021-07-15
0.2,4,CPI m/m|PPI m/m|Core PPI m/m|CPI y/y,Neutral|Neutral|Neutral|Bad,1,1,0,100.0,0.0,inf,2022-04-14_2022-05-13
0.2,4,CPI m/m|PPI m/m|Core PPI m/m|CPI y/y,Neutral|Bad|Neutral|Bad,2,2,0,100.0,0.0,inf,2022-06-15_2022-07-14|2023-01-19_2023-02-17
0.2,4,CPI m/m|PPI m/m|Core PPI m/m|CPI y/y,Neutral|Good|Neutral|Neutral,1,1,0,100.0,0.0,inf,2022-07-15_2022-08-13
0.2,4,CPI m/m|PPI m/m|Core PPI m/m|CPI y/y,Neutral|Neutral|Neutral|Good,1,0,1,0.0,100.0,0.0,2022-11-16_2022-12-15
0.2,4,CPI m/m|PPI m/m|Core PPI m/m|CPI y/y,Neutral|Neutral|Bad|Neutral,1,1,0,100.0,0.0,inf,2026-01-31_2026-03-01
0.3,4,CPI m/m|PPI m/m|Core PPI m/m|CPI y/y,Neutral|Neutral|Neutral|Neutral,32,20,12,62.5,37.5,1.67,2018-03-15_2018-04-13|2018-04-11_2018-05-10|2018-06-14_2018-07-13|2018-07-12_2018-08-10|2018-09-13_2018-10-12|2019-01-16_2019-02-14|2019-02-15_2019-03-16|2019-03-14_2019-04-12|2019-04-12_2019-05-11|2020-03-13_2020-04-11|2020-10-15_2020-11-13|2020-11-14_2020-12-13|2021-02-18_2021-03-19|2021-12-15_2022-01-13|2022-04-14_2022-05-13|2022-09-15_2022-10-14|2022-11-16_2022-12-15|2023-01-19_2023-02-17|2023-04-14_2023-05-13|2023-06-15_2023-07-14|2023-07-14_2023-08-12|2023-09-15_2023-10-14|2023-11-16_2023-12-15|2023-12-14_2024-01-12|2024-03-15_2024-04-13|2024-06-14_2024-07-13|2024-08-14_2024-09-12|2024-11-15_2024-12-14|2025-05-16_2025-06-14|2018-02-16_2018-03-17|2024-09-13_2024-10-12|2025-01-15_2025-02-13
0.3,4,CPI m/m|PPI m/m|Core PPI m/m|CPI y/y,Neutral|Bad|Neutral|Neutral,2,1,1,50.0,50.0,1.0,2018-10-11_2018-11-09|2020-05-14_2020-06-12
0.3,4,CPI m/m|PPI m/m|Core PPI m/m|CPI y/y,Neutral|Good|Good|Neutral,5,3,2,60.0,40.0,1.5,2019-09-12_2019-10-11|2020-02-20_2020-03-20|2023-02-17_2023-03-18|2023-03-16_2023-04-14|2025-03-14_2025-04-12
0.3,4,CPI m/m|PPI m/m|Core PPI m/m|CPI y/y,Neutral|Neutral|Good|Neutral,3,1,2,33.3,66.7,0.5,2019-11-15_2019-12-14|2022-02-16_2022-03-17|2025-02-14_2025-03-15
0.3,4,CPI m/m|PPI m/m|Core PPI m/m|CPI y/y,Neutral|Neutral|Neutral|Bad,1,0,1,0.0,100.0,0.0,2020-08-12_2020-09-10
0.3,4,CPI m/m|PPI m/m|Core PPI m/m|CPI y/y,Bad|Bad|Bad|Bad,1,1,0,100.0,0.0,inf,2021-06-16_2021-07-15
0.3,4,CPI m/m|PPI m/m|Core PPI m/m|CPI y/y,Neutral|Bad|Bad|Neutral,2,0,2,0.0,100.0,0.0,2021-07-15_2021-08-13|2025-07-17_2025-08-15
0.3,4,CPI m/m|PPI m/m|Core PPI m/m|CPI y/y,Bad|Neutral|Neutral|Neutral,1,1,0,100.0,0.0,inf,2021-10-15_2021-11-13
0.3,4,CPI m/m|PPI m/m|Core PPI m/m|CPI y/y,Neutral|Bad|Neutral|Bad,1,1,0,100.0,0.0,inf,2022-06-15_2022-07-14
0.3,4,CPI m/m|PPI m/m|Core PPI m/m|CPI y/y,Neutral|Good|Neutral|Neutral,2,1,1,50.0,50.0,1.0,2022-07-15_2022-08-13|2024-05-15_2024-06-13
0.3,4,CPI m/m|PPI m/m|Core PPI m/m|CPI y/y,Neutral|Neutral|Bad|Neutral,2,2,0,100.0,0.0,inf,2026-01-31_2026-03-01|2026-01-15_2026-02-13
0.0,4,CPI m/m|PPI m/m|FOMC|CPI y/y,Good|Good|Neutral|Good,2,0,2,0.0,100.0,0.0,2023-03-16_2023-04-14|2024-05-15_2024-06-13
0.0,4,CPI m/m|PPI m/m|FOMC|CPI y/y,Neutral|Good|Neutral|Good,1,1,0,100.0,0.0,inf,2023-04-14_2023-05-13
0.0,4,CPI m/m|PPI m/m|FOMC|CPI y/y,Neutral|Bad|Neutral|Good,1,1,0,100.0,0.0,inf,2023-07-14_2023-08-12
0.0,4,CPI m/m|PPI m/m|FOMC|CPI y/y,Bad|Bad|Neutral|Bad,2,0,2,0.0,100.0,0.0,2023-09-15_2023-10-14|2025-01-15_2025-02-13
0.0,4,CPI m/m|PPI m/m|FOMC|CPI y/y,Bad|Neutral|Neutral|Neutral,1,0,1,0.0,100.0,0.0,2023-11-16_2023-12-15
0.0,4,CPI m/m|PPI m/m|FOMC|CPI y/y,Bad|Good|Neutral|Bad,1,1,0,100.0,0.0,inf,2023-12-14_2024-01-12
0.0,4,CPI m/m|PPI m/m|FOMC|CPI y/y,Bad|Good|Good|Bad,1,0,1,0.0,100.0,0.0,2024-09-13_2024-10-12
0.1,4,CPI m/m|PPI m/m|FOMC|CPI y/y,Neutral|Good|Neutral|Neutral,1,0,1,0.0,100.0,0.0,2023-03-16_2023-04-14
0.1,4,CPI m/m|PPI m/m|FOMC|CPI y/y,Neutral|Neutral|Neutral|Neutral,3,2,1,66.7,33.3,2.0,2023-04-14_2023-05-13|2023-07-14_2023-08-12|2023-11-16_2023-12-15
0.1,4,CPI m/m|PPI m/m|FOMC|CPI y/y,Bad|Bad|Neutral|Bad,1,0,1,0.0,100.0,0.0,2023-09-15_2023-10-14
0.1,4,CPI m/m|PPI m/m|FOMC|CPI y/y,Neutral|Good|Neutral|Bad,1,1,0,100.0,0.0,inf,2023-12-14_2024-01-12
0.1,4,CPI m/m|PPI m/m|FOMC|CPI y/y,Good|Good|Neutral|Neutral,1,0,1,0.0,100.0,0.0,2024-05-15_2024-06-13
0.1,4,CPI m/m|PPI m/m|FOMC|CPI y/y,Neutral|Neutral|Good|Bad,1,0,1,0.0,100.0,0.0,2024-09-13_2024-10-12
0.1,4,CPI m/m|PPI m/m|FOMC|CPI y/y,Neutral|Bad|Neutral|Neutral,1,0,1,0.0,100.0,0.0,2025-01-15_2025-02-13
0.2,4,CPI m/m|PPI m/m|FOMC|CPI y/y,Neutral|Good|Neutral|Neutral,2,0,2,0.0,100.0,0.0,2023-03-16_2023-04-14|2024-05-15_2024-06-13
0.2,4,CPI m/m|PPI m/m|FOMC|CPI y/y,Neutral|Neutral|Neutral|Neutral,6,3,3,50.0,50.0,1.0,2023-04-14_2023-05-13|2023-07-14_2023-08-12|2023-09-15_2023-10-14|2023-11-16_2023-12-15|2023-12-14_2024-01-12|2025-01-15_2025-02-13
0.2,4,CPI m/m|PPI m/m|FOMC|CPI y/y,Neutral|Neutral|Good|Neutral,1,0,1,0.0,100.0,0.0,2024-09-13_2024-10-12
0.3,4,CPI m/m|PPI m/m|FOMC|CPI y/y,Neutral|Good|Neutral|Neutral,2,0,2,0.0,100.0,0.0,2023-03-16_2023-04-14|2024-05-15_2024-06-13
0.3,4,CPI m/m|PPI m/m|FOMC|CPI y/y,Neutral|Neutral|Neutral|Neutral,7,3,4,42.9,57.1,0.75,2023-04-14_2023-05-13|2023-07-14_2023-08-12|2023-09-15_2023-10-14|2023-11-16_2023-12-15|2023-12-14_2024-01-12|2024-09-13_2024-10-12|2025-01-15_2025-02-13
0.0,4,CPI m/m|Core PPI m/m|FOMC|CPI y/y,Good|Good|Neutral|Good,2,0,2,0.0,100.0,0.0,2023-03-16_2023-04-14|2024-05-15_2024-06-13
0.0,4,CPI m/m|Core PPI m/m|FOMC|CPI y/y,Neutral|Neutral|Neutral|Good,1,1,0,100.0,0.0,inf,2023-04-14_2023-05-13
0.0,4,CPI m/m|Core PPI m/m|FOMC|CPI y/y,Neutral|Bad|Neutral|Good,1,1,0,100.0,0.0,inf,2023-07-14_2023-08-12
0.0,4,CPI m/m|Core PPI m/m|FOMC|CPI y/y,Bad|Bad|Neutral|Bad,1,0,1,0.0,100.0,0.0,2023-09-15_2023-10-14
0.0,4,CPI m/m|Core PPI m/m|FOMC|CPI y/y,Bad|Good|Neutral|Neutral,1,0,1,0.0,100.0,0.0,2023-11-16_2023-12-15
0.0,4,CPI m/m|Core PPI m/m|FOMC|CPI y/y,Bad|Good|Neutral|Bad,1,1,0,100.0,0.0,inf,2023-12-14_2024-01-12
0.0,4,CPI m/m|Core PPI m/m|FOMC|CPI y/y,Bad|Neutral|Good|Bad,1,0,1,0.0,100.0,0.0,2024-09-13_2024-10-12
0.0,4,CPI m/m|Core PPI m/m|FOMC|CPI y/y,Bad|Neutral|Neutral|Bad,1,0,1,0.0,100.0,0.0,2025-01-15_2025-02-13
0.1,4,CPI m/m|Core PPI m/m|FOMC|CPI y/y,Neutral|Good|Neutral|Neutral,2,0,2,0.0,100.0,0.0,2023-03-16_2023-04-14|2023-11-16_2023-12-15
0.1,4,CPI m/m|Core PPI m/m|FOMC|CPI y/y,Neutral|Neutral|Neutral|Neutral,3,2,1,66.7,33.3,2.0,2023-04-14_2023-05-13|2023-07-14_2023-08-12|2025-01-15_2025-02-13
0.1,4,CPI m/m|Core PPI m/m|FOMC|CPI y/y,Bad|Neutral|Neutral|Bad,1,0,1,0.0,100.0,0.0,2023-09-15_2023-10-14
0.1,4,CPI m/m|Core PPI m/m|FOMC|CPI y/y,Neutral|Good|Neutral|Bad,1,1,0,100.0,0.0,inf,2023-12-14_2024-01-12
0.1,4,CPI m/m|Core PPI m/m|FOMC|CPI y/y,Good|Good|Neutral|Neutral,1,0,1,0.0,100.0,0.0,2024-05-15_2024-06-13
0.1,4,CPI m/m|Core PPI m/m|FOMC|CPI y/y,Neutral|Neutral|Good|Bad,1,0,1,0.0,100.0,0.0,2024-09-13_2024-10-12
0.2,4,CPI m/m|Core PPI m/m|FOMC|CPI y/y,Neutral|Good|Neutral|Neutral,2,0,2,0.0,100.0,0.0,2023-03-16_2023-04-14|2024-05-15_2024-06-13
0.2,4,CPI m/m|Core PPI m/m|FOMC|CPI y/y,Neutral|Neutral|Neutral|Neutral,6,3,3,50.0,50.0,1.0,2023-04-14_2023-05-13|2023-07-14_2023-08-12|2023-09-15_2023-10-14|2023-11-16_2023-12-15|2023-12-14_2024-01-12|2025-01-15_2025-02-13
0.2,4,CPI m/m|Core PPI m/m|FOMC|CPI y/y,Neutral|Neutral|Good|Neutral,1,0,1,0.0,100.0,0.0,2024-09-13_2024-10-12
0.3,4,CPI m/m|Core PPI m/m|FOMC|CPI y/y,Neutral|Good|Neutral|Neutral,1,0,1,0.0,100.0,0.0,2023-03-16_2023-04-14
0.3,4,CPI m/m|Core PPI m/m|FOMC|CPI y/y,Neutral|Neutral|Neutral|Neutral,8,3,5,37.5,62.5,0.6,2023-04-14_2023-05-13|2023-07-14_2023-08-12|2023-09-15_2023-10-14|2023-11-16_2023-12-15|2023-12-14_2024-01-12|2024-05-15_2024-06-13|2024-09-13_2024-10-12|2025-01-15_2025-02-13
0.0,4,Core CPI m/m|PPI m/m|Core PPI m/m|FOMC,Neutral|Good|Good|Neutral,2,1,1,50.0,50.0,1.0,2023-03-16_2023-04-14|2023-12-14_2024-01-12
0.0,4,Core CPI m/m|PPI m/m|Core PPI m/m|FOMC,Bad|Good|Neutral|Neutral,1,1,0,100.0,0.0,inf,2023-04-14_2023-05-13
0.0,4,Core CPI m/m|PPI m/m|Core PPI m/m|FOMC,Neutral|Bad|Bad|Neutral,2,1,1,50.0,50.0,1.0,2023-07-14_2023-08-12|2023-09-15_2023-10-14
0.0,4,Core CPI m/m|PPI m/m|Core PPI m/m|FOMC,Neutral|Neutral|Good|Neutral,1,0,1,0.0,100.0,0.0,2023-11-16_2023-12-15
0.0,4,Core CPI m/m|PPI m/m|Core PPI m/m|FOMC,Good|Good|Good|Neutral,1,0,1,0.0,100.0,0.0,2024-05-15_2024-06-13
0.0,4,Core CPI m/m|PPI m/m|Core PPI m/m|FOMC,Bad|Good|Neutral|Good,1,0,1,0.0,100.0,0.0,2024-09-13_2024-10-12
0.0,4,Core CPI m/m|PPI m/m|Core PPI m/m|FOMC,Bad|Bad|Neutral|Neutral,1,0,1,0.0,100.0,0.0,2025-01-15_2025-02-13
0.1,4,Core CPI m/m|PPI m/m|Core PPI m/m|FOMC,Neutral|Good|Good|Neutral,3,1,2,33.3,66.7,0.5,2023-03-16_2023-04-14|2023-12-14_2024-01-12|2024-05-15_2024-06-13
0.1,4,Core CPI m/m|PPI m/m|Core PPI m/m|FOMC,Bad|Neutral|Neutral|Neutral,1,1,0,100.0,0.0,inf,2023-04-14_2023-05-13
0.1,4,Core CPI m/m|PPI m/m|Core PPI m/m|FOMC,Neutral|Neutral|Neutral|Neutral,1,1,0,100.0,0.0,inf,2023-07-14_2023-08-12
0.1,4,Core CPI m/m|PPI m/m|Core PPI m/m|FOMC,Neutral|Bad|Neutral|Neutral,2,0,2,0.0,100.0,0.0,2023-09-15_2023-10-14|2025-01-15_2025-02-13
0.1,4,Core CPI m/m|PPI m/m|Core PPI m/m|FOMC,Neutral|Neutral|Good|Neutral,1,0,1,0.0,100.0,0.0,2023-11-16_2023-12-15
0.1,4,Core CPI m/m|PPI m/m|Core PPI m/m|FOMC,Neutral|Neutral|Neutral|Good,1,0,1,0.0,100.0,0.0,2024-09-13_2024-10-12
0.2,4,Core CPI m/m|PPI m/m|Core PPI m/m|FOMC,Neutral|Good|Good|Neutral,2,0,2,0.0,100.0,0.0,2023-03-16_2023-04-14|2024-05-15_2024-06-13
0.2,4,Core CPI m/m|PPI m/m|Core PPI m/m|FOMC,Neutral|Neutral|Neutral|Neutral,6,3,3,50.0,50.0,1.0,2023-04-14_2023-05-13|2023-07-14_2023-08-12|2023-09-15_2023-10-14|2023-11-16_2023-12-15|2023-12-14_2024-01-12|2025-01-15_2025-02-13
0.2,4,Core CPI m/m|PPI m/m|Core PPI m/m|FOMC,Neutral|Neutral|Neutral|Good,1,0,1,0.0,100.0,0.0,2024-09-13_2024-10-12
0.3,4,Core CPI m/m|PPI m/m|Core PPI m/m|FOMC,Neutral|Good|Good|Neutral,1,0,1,0.0,100.0,0.0,2023-03-16_2023-04-14
0.3,4,Core CPI m/m|PPI m/m|Core PPI m/m|FOMC,Neutral|Neutral|Neutral|Neutral,7,3,4,42.9,57.1,0.75,2023-04-14_2023-05-13|2023-07-14_2023-08-12|2023-09-15_2023-10-14|2023-11-16_2023-12-15|2023-12-14_2024-01-12|2024-09-13_2024-10-12|2025-01-15_2025-02-13
0.3,4,Core CPI m/m|PPI m/m|Core PPI m/m|FOMC,Neutral|Good|Neutral|Neutral,1,0,1,0.0,100.0,0.0,2024-05-15_2024-06-13
0.0,4,Core CPI m/m|PPI m/m|Core PPI m/m|CPI y/y,Neutral|Bad|Bad|Neutral,2,1,1,50.0,50.0,1.0,2018-03-15_2018-04-13|2018-06-14_2018-07-13
0.0,4,Core CPI m/m|PPI m/m|Core PPI m/m|CPI y/y,Good|Good|Neutral|Neutral,1,1,0,100.0,0.0,inf,2018-04-11_2018-05-10
0.0,4,Core CPI m/m|PPI m/m|Core PPI m/m|CPI y/y,Neutral|Good|Good|Neutral,2,0,2,0.0,100.0,0.0,2018-07-12_2018-08-10|2022-02-16_2022-03-17
0.0,4,Core CPI m/m|PPI m/m|Core PPI m/m|CPI y/y,Good|Neutral|Neutral|Good,1,1,0,100.0,0.0,inf,2018-09-13_2018-10-12
0.0,4,Core CPI m/m|PPI m/m|Core PPI m/m|CPI y/y,Good|Bad|Bad|Good,4,1,3,25.0,75.0,0.33,2018-10-11_2018-11-09|2020-03-13_2020-04-11|2022-11-16_2022-12-15|2024-06-14_2024-07-13
0.0,4,Core CPI m/m|PPI m/m|Core PPI m/m|CPI y/y,Neutral|Good|Bad|Bad,1,0,1,0.0,100.0,0.0,2019-01-16_2019-02-14
0.0,4,Core CPI m/m|PPI m/m|Core PPI m/m|CPI y/y,Good|Good|Good|Good,8,5,3,62.5,37.5,1.67,2019-02-15_2019-03-16|2019-09-12_2019-10-11|2022-07-15_2022-08-13|2023-06-15_2023-07-14|2024-05-15_2024-06-13|2025-02-14_2025-03-15|2025-03-14_2025-04-12|2025-05-16_2025-06-14
0.0,4,Core CPI m/m|PPI m/m|Core PPI m/m|CPI y/y,Good|Bad|Bad|Bad,2,0,2,0.0,100.0,0.0,2019-03-14_2019-04-12|2021-07-15_2021-08-13
0.0,4,Core CPI m/m|PPI m/m|Core PPI m/m|CPI y/y,Good|Neutral|Good|Good,1,1,0,100.0,0.0,inf,2019-04-12_2019-05-11
0.0,4,Core CPI m/m|PPI m/m|Core PPI m/m|CPI y/y,Neutral|Good|Good|Bad,3,3,0,100.0,0.0,inf,2019-11-15_2019-12-14|2020-02-20_2020-03-20|2023-12-14_2024-01-12
0.0,4,Core CPI m/m|PPI m/m|Core PPI m/m|CPI y/y,Good|Bad|Neutral|Good,1,0,1,0.0,100.0,0.0,2020-05-14_2020-06-12
0.0,4,Core CPI m/m|PPI m/m|Core PPI m/m|CPI y/y,Bad|Bad|Bad|Bad,2,1,1,50.0,50.0,1.0,2020-08-12_2020-09-10|2021-06-16_2021-07-15
0.0,4,Core CPI m/m|PPI m/m|Core PPI m/m|CPI y/y,Good|Bad|Good|Good,1,1,0,100.0,0.0,inf,2020-10-15_2020-11-13
0.0,4,Core CPI m/m|PPI m/m|Core PPI m/m|CPI y/y,Bad|Neutral|Good|Neutral,1,1,0,100.0,0.0,inf,2020-11-14_2020-12-13
0.0,4,Core CPI m/m|PPI m/m|Core PPI m/m|CPI y/y,Good|Bad|Neutral|Neutral,1,1,0,100.0,0.0,inf,2021-02-18_2021-03-19
0.0,4,Core CPI m/m|PPI m/m|Core PPI m/m|CPI y/y,Bad|Neutral|Good|Bad,2,2,0,100.0,0.0,inf,2021-10-15_2021-11-13|2022-04-14_2022-05-13
0.0,4,Core CPI m/m|PPI m/m|Core PPI m/m|CPI y/y,Bad|Good|Neutral|Neutral,1,1,0,100.0,0.0,inf,2021-12-15_2022-01-13
0.0,4,Core CPI m/m|PPI m/m|Core PPI m/m|CPI y/y,Bad|Bad|Good|Bad,1,1,0,100.0,0.0,inf,2022-06-15_2022-07-14
0.0,4,Core CPI m/m|PPI m/m|Core PPI m/m|CPI y/y,Bad|Bad|Neutral|Bad,2,1,1,50.0,50.0,1.0,2022-09-15_2022-10-14|2025-01-15_2025-02-13
0.0,4,Core CPI m/m|PPI m/m|Core PPI m/m|CPI y/y,Neutral|Bad|Bad|Bad,2,1,1,50.0,50.0,1.0,2023-01-19_2023-02-17|2023-09-15_2023-10-14
0.0,4,Core CPI m/m|PPI m/m|Core PPI m/m|CPI y/y,Bad|Good|Good|Neutral,1,1,0,100.0,0.0,inf,2023-02-17_2023-03-18
0.0,4,Core CPI m/m|PPI m/m|Core PPI m/m|CPI y/y,Neutral|Good|Good|Good,1,0,1,0.0,100.0,0.0,2023-03-16_2023-04-14
0.0,4,Core CPI m/m|PPI m/m|Core PPI m/m|CPI y/y,Bad|Good|Neutral|Good,1,1,0,100.0,0.0,inf,2023-04-14_2023-05-13
0.0,4,Core CPI m/m|PPI m/m|Core PPI m/m|CPI y/y,Neutral|Bad|Bad|Good,4,3,1,75.0,25.0,3.0,2023-07-14_2023-08-12|2025-07-17_2025-08-15|2026-01-31_2026-03-01|2026-01-15_2026-02-13
0.0,4,Core CPI m/m|PPI m/m|Core PPI m/m|CPI y/y,Neutral|Neutral|Good|Neutral,1,0,1,0.0,100.0,0.0,2023-11-16_2023-12-15
0.0,4,Core CPI m/m|PPI m/m|Core PPI m/m|CPI y/y,Bad|Good|Neutral|Bad,2,0,2,0.0,100.0,0.0,2024-03-15_2024-04-13|2024-09-13_2024-10-12
0.0,4,Core CPI m/m|PPI m/m|Core PPI m/m|CPI y/y,Bad|Bad|Bad|Good,1,1,0,100.0,0.0,inf,2024-08-14_2024-09-12
0.0,4,Core CPI m/m|PPI m/m|Core PPI m/m|CPI y/y,Neutral|Bad|Neutral|Neutral,2,2,0,100.0,0.0,inf,2024-11-15_2024-12-14|2018-02-16_2018-03-17
0.1,4,Core CPI m/m|PPI m/m|Core PPI m/m|CPI y/y,Neutral|Bad|Neutral|Neutral,4,1,3,25.0,75.0,0.33,2018-03-15_2018-04-13|2019-03-14_2019-04-12|2024-11-15_2024-12-14|2025-01-15_2025-02-13
0.1,4,Core CPI m/m|PPI m/m|Core PPI m/m|CPI y/y,Neutral|Neutral|Neutral|Neutral,8,8,0,100.0,0.0,inf,2018-04-11_2018-05-10|2018-06-14_2018-07-13|2018-09-13_2018-10-12|2020-11-14_2020-12-13|2021-02-18_2021-03-19|2023-07-14_2023-08-12|2024-08-14_2024-09-12|2018-02-16_2018-03-17
0.1,4,Core CPI m/m|PPI m/m|Core PPI m/m|CPI y/y,Neutral|Good|Neutral|Neutral,2,1,1,50.0,50.0,1.0,2018-07-12_2018-08-10|2021-12-15_2022-01-13
0.1,4,Core CPI m/m|PPI m/m|Core PPI m/m|CPI y/y,Neutral|Bad|Bad|Good,3,3,0,100.0,0.0,inf,2018-10-11_2018-11-09|2026-01-31_2026-03-01|2026-01-15_2026-02-13
0.1,4,Core CPI m/m|PPI m/m|Core PPI m/m|CPI y/y,Neutral|Good|Neutral|Bad,1,0,1,0.0,100.0,0.0,2019-01-16_2019-02-14
0.1,4,Core CPI m/m|PPI m/m|Core PPI m/m|CPI y/y,Neutral|Neutral|Neutral|Good,3,3,0,100.0,0.0,inf,2019-02-15_2019-03-16|2019-04-12_2019-05-11|2023-06-15_2023-07-14
0.1,4,Core CPI m/m|PPI m/m|Core PPI m/m|CPI y/y,Neutral|Good|Good|Good,2,0,2,0.0,100.0,0.0,2019-09-12_2019-10-11|2025-02-14_2025-03-15
0.1,4,Core CPI m/m|PPI m/m|Core PPI m/m|CPI y/y,Neutral|Good|Good|Bad,2,2,0,100.0,0.0,inf,2019-11-15_2019-12-14|2023-12-14_2024-01-12
0.1,4,Core CPI m/m|PPI m/m|Core PPI m/m|CPI y/y,Neutral|Good|Good|Neutral,5,2,3,40.0,60.0,0.67,2020-02-20_2020-03-20|2022-02-16_2022-03-17|2023-02-17_2023-03-18|2023-03-16_2023-04-14|2024-05-15_2024-06-13
0.1,4,Core CPI m/m|PPI m/m|Core PPI m/m|CPI y/y,Good|Neutral|Bad|Good,1,0,1,0.0,100.0,0.0,2020-03-13_2020-04-11
0.1,4,Core CPI m/m|PPI m/m|Core PPI m/m|CPI y/y,Neutral|Bad|Neutral|Good,1,0,1,0.0,100.0,0.0,2020-05-14_2020-06-12
0.1,4,Core CPI m/m|PPI m/m|Core PPI m/m|CPI y/y,Bad|Neutral|Bad|Bad,1,0,1,0.0,100.0,0.0,2020-08-12_2020-09-10
0.1,4,Core CPI m/m|PPI m/m|Core PPI m/m|CPI y/y,Good|Neutral|Neutral|Good,1,1,0,100.0,0.0,inf,2020-10-15_2020-11-13
0.1,4,Core CPI m/m|PPI m/m|Core PPI m/m|CPI y/y,Bad|Bad|Bad|Bad,1,1,0,100.0,0.0,inf,2021-06-16_2021-07-15
0.1,4,Core CPI m/m|PPI m/m|Core PPI m/m|CPI y/y,Good|Bad|Bad|Bad,1,0,1,0.0,100.0,0.0,2021-07-15_2021-08-13
0.1,4,Core CPI m/m|PPI m/m|Core PPI m/m|CPI y/y,Bad|Neutral|Neutral|Bad,2,1,1,50.0,50.0,1.0,2021-10-15_2021-11-13|2024-03-15_2024-04-13
0.1,4,Core CPI m/m|PPI m/m|Core PPI m/m|CPI y/y,Bad|Neutral|Good|Bad,1,1,0,100.0,0.0,inf,2022-04-14_2022-05-13
0.1,4,Core CPI m/m|PPI m/m|Core PPI m/m|CPI y/y,Bad|Bad|Neutral|Bad,1,1,0,100.0,0.0,inf,2022-06-15_2022-07-14
0.1,4,Core CPI m/m|PPI m/m|Core PPI m/m|CPI y/y,Good|Good|Good|Good,2,2,0,100.0,0.0,inf,2022-07-15_2022-08-13|2025-03-14_2025-04-12
0.1,4,Core CPI m/m|PPI m/m|Core PPI m/m|CPI y/y,Bad|Bad|Neutral|Neutral,1,1,0,100.0,0.0,inf,2022-09-15_2022-10-14
0.1,4,Core CPI m/m|PPI m/m|Core PPI m/m|CPI y/y,Neutral|Neutral|Bad|Good,2,0,2,0.0,100.0,0.0,2022-11-16_2022-12-15|2024-06-14_2024-07-13
0.1,4,Core CPI m/m|PPI m/m|Core PPI m/m|CPI y/y,Neutral|Bad|Bad|Bad,1,1,0,100.0,0.0,inf,2023-01-19_2023-02-17
0.1,4,Core CPI m/m|PPI m/m|Core PPI m/m|CPI y/y,Bad|Neutral|Neutral|Neutral,1,1,0,100.0,0.0,inf,2023-04-14_2023-05-13
0.1,4,Core CPI m/m|PPI m/m|Core PPI m/m|CPI y/y,Neutral|Bad|Neutral|Bad,1,0,1,0.0,100.0,0.0,2023-09-15_2023-10-14
0.1,4,Core CPI m/m|PPI m/m|Core PPI m/m|CPI y/y,Neutral|Neutral|Good|Neutral,1,0,1,0.0,100.0,0.0,2023-11-16_2023-12-15
0.1,4,Core CPI m/m|PPI m/m|Core PPI m/m|CPI y/y,Good|Neutral|Good|Good,1,1,0,100.0,0.0,inf,2025-05-16_2025-06-14
0.1,4,Core CPI m/m|PPI m/m|Core PPI m/m|CPI y/y,Neutral|Bad|Bad|Neutral,1,0,1,0.0,100.0,0.0,2025-07-17_2025-08-15
0.1,4,Core CPI m/m|PPI m/m|Core PPI m/m|CPI y/y,Neutral|Neutral|Neutral|Bad,1,0,1,0.0,100.0,0.0,2024-09-13_2024-10-12
0.2,4,Core CPI m/m|PPI m/m|Core PPI m/m|CPI y/y,Neutral|Neutral|Neutral|Neutral,28,18,10,64.3,35.7,1.8,2018-03-15_2018-04-13|2018-04-11_2018-05-10|2018-06-14_2018-07-13|2018-07-12_2018-08-10|2018-09-13_2018-10-12|2019-01-16_2019-02-14|2019-02-15_2019-03-16|2019-04-12_2019-05-11|2020-03-13_2020-04-11|2020-10-15_2020-11-13|2020-11-14_2020-12-13|2021-02-18_2021-03-19|2021-12-15_2022-01-13|2022-09-15_2022-10-14|2023-04-14_2023-05-13|2023-06-15_2023-07-14|2023-07-14_2023-08-12|2023-09-15_2023-10-14|2023-11-16_2023-12-15|2023-12-14_2024-01-12|2024-03-15_2024-04-13|2024-06-14_2024-07-13|2024-08-14_2024-09-12|2024-11-15_2024-12-14|2025-05-16_2025-06-14|2018-02-16_2018-03-17|2024-09-13_2024-10-12|2025-01-15_2025-02-13
0.2,4,Core CPI m/m|PPI m/m|Core PPI m/m|CPI y/y,Neutral|Bad|Bad|Neutral,4,2,2,50.0,50.0,1.0,2018-10-11_2018-11-09|2021-07-15_2021-08-13|2025-07-17_2025-08-15|2026-01-15_2026-02-13
0.2,4,Core CPI m/m|PPI m/m|Core PPI m/m|CPI y/y,Neutral|Bad|Neutral|Neutral,2,0,2,0.0,100.0,0.0,2019-03-14_2019-04-12|2020-05-14_2020-06-12
0.2,4,Core CPI m/m|PPI m/m|Core PPI m/m|CPI y/y,Neutral|Good|Good|Neutral,7,3,4,42.9,57.1,0.75,2019-09-12_2019-10-11|2020-02-20_2020-03-20|2023-02-17_2023-03-18|2023-03-16_2023-04-14|2024-05-15_2024-06-13|2025-02-14_2025-03-15|2025-03-14_2025-04-12
0.2,4,Core CPI m/m|PPI m/m|Core PPI m/m|CPI y/y,Neutral|Neutral|Good|Neutral,2,1,1,50.0,50.0,1.0,2019-11-15_2019-12-14|2022-02-16_2022-03-17
0.2,4,Core CPI m/m|PPI m/m|Core PPI m/m|CPI y/y,Bad|Neutral|Neutral|Bad,1,0,1,0.0,100.0,0.0,2020-08-12_2020-09-10
0.2,4,Core CPI m/m|PPI m/m|Core PPI m/m|CPI y/y,Bad|Bad|Bad|Bad,1,1,0,100.0,0.0,inf,2021-06-16_2021-07-15
0.2,4,Core CPI m/m|PPI m/m|Core PPI m/m|CPI y/y,Neutral|Neutral|Neutral|Bad,2,2,0,100.0,0.0,inf,2021-10-15_2021-11-13|2022-04-14_2022-05-13
0.2,4,Core CPI m/m|PPI m/m|Core PPI m/m|CPI y/y,Neutral|Bad|Neutral|Bad,2,2,0,100.0,0.0,inf,2022-06-15_2022-07-14|2023-01-19_2023-02-17
0.2,4,Core CPI m/m|PPI m/m|Core PPI m/m|CPI y/y,Neutral|Good|Neutral|Neutral,1,1,0,100.0,0.0,inf,2022-07-15_2022-08-13
0.2,4,Core CPI m/m|PPI m/m|Core PPI m/m|CPI y/y,Neutral|Neutral|Neutral|Good,1,0,1,0.0,100.0,0.0,2022-11-16_2022-12-15
0.2,4,Core CPI m/m|PPI m/m|Core PPI m/m|CPI y/y,Neutral|Neutral|Bad|Neutral,1,1,0,100.0,0.0,inf,2026-01-31_2026-03-01
0.3,4,Core CPI m/m|PPI m/m|Core PPI m/m|CPI y/y,Neutral|Neutral|Neutral|Neutral,33,21,12,63.6,36.4,1.75,2018-03-15_2018-04-13|2018-04-11_2018-05-10|2018-06-14_2018-07-13|2018-07-12_2018-08-10|2018-09-13_2018-10-12|2019-01-16_2019-02-14|2019-02-15_2019-03-16|2019-03-14_2019-04-12|2019-04-12_2019-05-11|2020-03-13_2020-04-11|2020-10-15_2020-11-13|2020-11-14_2020-12-13|2021-02-18_2021-03-19|2021-10-15_2021-11-13|2021-12-15_2022-01-13|2022-04-14_2022-05-13|2022-09-15_2022-10-14|2022-11-16_2022-12-15|2023-01-19_2023-02-17|2023-04-14_2023-05-13|2023-06-15_2023-07-14|2023-07-14_2023-08-12|2023-09-15_2023-10-14|2023-11-16_2023-12-15|2023-12-14_2024-01-12|2024-03-15_2024-04-13|2024-06-14_2024-07-13|2024-08-14_2024-09-12|2024-11-15_2024-12-14|2025-05-16_2025-06-14|2018-02-16_2018-03-17|2024-09-13_2024-10-12|2025-01-15_2025-02-13
0.3,4,Core CPI m/m|PPI m/m|Core PPI m/m|CPI y/y,Neutral|Bad|Neutral|Neutral,2,1,1,50.0,50.0,1.0,2018-10-11_2018-11-09|2020-05-14_2020-06-12
0.3,4,Core CPI m/m|PPI m/m|Core PPI m/m|CPI y/y,Neutral|Good|Good|Neutral,5,3,2,60.0,40.0,1.5,2019-09-12_2019-10-11|2020-02-20_2020-03-20|2023-02-17_2023-03-18|2023-03-16_2023-04-14|2025-03-14_2025-04-12
0.3,4,Core CPI m/m|PPI m/m|Core PPI m/m|CPI y/y,Neutral|Neutral|Good|Neutral,3,1,2,33.3,66.7,0.5,2019-11-15_2019-12-14|2022-02-16_2022-03-17|2025-02-14_2025-03-15
0.3,4,Core CPI m/m|PPI m/m|Core PPI m/m|CPI y/y,Bad|Neutral|Neutral|Bad,1,0,1,0.0,100.0,0.0,2020-08-12_2020-09-10
0.3,4,Core CPI m/m|PPI m/m|Core PPI m/m|CPI y/y,Bad|Bad|Bad|Bad,1,1,0,100.0,0.0,inf,2021-06-16_2021-07-15
0.3,4,Core CPI m/m|PPI m/m|Core PPI m/m|CPI y/y,Neutral|Bad|Bad|Neutral,2,0,2,0.0,100.0,0.0,2021-07-15_2021-08-13|2025-07-17_2025-08-15
0.3,4,Core CPI m/m|PPI m/m|Core PPI m/m|CPI y/y,Neutral|Bad|Neutral|Bad,1,1,0,100.0,0.0,inf,2022-06-15_2022-07-14
0.3,4,Core CPI m/m|PPI m/m|Core PPI m/m|CPI y/y,Neutral|Good|Neutral|Neutral,2,1,1,50.0,50.0,1.0,2022-07-15_2022-08-13|2024-05-15_2024-06-13
0.3,4,Core CPI m/m|PPI m/m|Core PPI m/m|CPI y/y,Neutral|Neutral|Bad|Neutral,2,2,0,100.0,0.0,inf,2026-01-31_2026-03-01|2026-01-15_2026-02-13
0.0,4,Core CPI m/m|PPI m/m|FOMC|CPI y/y,Neutral|Good|Neutral|Good,1,0,1,0.0,100.0,0.0,2023-03-16_2023-04-14
0.0,4,Core CPI m/m|PPI m/m|FOMC|CPI y/y,Bad|Good|Neutral|Good,1,1,0,100.0,0.0,inf,2023-04-14_2023-05-13
0.0,4,Core CPI m/m|PPI m/m|FOMC|CPI y/y,Neutral|Bad|Neutral|Good,1,1,0,100.0,0.0,inf,2023-07-14_2023-08-12
0.0,4,Core CPI m/m|PPI m/m|FOMC|CPI y/y,Neutral|Bad|Neutral|Bad,1,0,1,0.0,100.0,0.0,2023-09-15_2023-10-14
0.0,4,Core CPI m/m|PPI m/m|FOMC|CPI y/y,Neutral|Neutral|Neutral|Neutral,1,0,1,0.0,100.0,0.0,2023-11-16_2023-12-15
0.0,4,Core CPI m/m|PPI m/m|FOMC|CPI y/y,Neutral|Good|Neutral|Bad,1,1,0,100.0,0.0,inf,2023-12-14_2024-01-12
0.0,4,Core CPI m/m|PPI m/m|FOMC|CPI y/y,Good|Good|Neutral|Good,1,0,1,0.0,100.0,0.0,2024-05-15_2024-06-13
0.0,4,Core CPI m/m|PPI m/m|FOMC|CPI y/y,Bad|Good|Good|Bad,1,0,1,0.0,100.0,0.0,2024-09-13_2024-10-12
0.0,4,Core CPI m/m|PPI m/m|FOMC|CPI y/y,Bad|Bad|Neutral|Bad,1,0,1,0.0,100.0,0.0,2025-01-15_2025-02-13
0.1,4,Core CPI m/m|PPI m/m|FOMC|CPI y/y,Neutral|Good|Neutral|Neutral,2,0,2,0.0,100.0,0.0,2023-03-16_2023-04-14|2024-05-15_2024-06-13
0.1,4,Core CPI m/m|PPI m/m|FOMC|CPI y/y,Bad|Neutral|Neutral|Neutral,1,1,0,100.0,0.0,inf,2023-04-14_2023-05-13
0.1,4,Core CPI m/m|PPI m/m|FOMC|CPI y/y,Neutral|Neutral|Neutral|Neutral,2,1,1,50.0,50.0,1.0,2023-07-14_2023-08-12|2023-11-16_2023-12-15
0.1,4,Core CPI m/m|PPI m/m|FOMC|CPI y/y,Neutral|Bad|Neutral|Bad,1,0,1,0.0,100.0,0.0,2023-09-15_2023-10-14
0.1,4,Core CPI m/m|PPI m/m|FOMC|CPI y/y,Neutral|Good|Neutral|Bad,1,1,0,100.0,0.0,inf,2023-12-14_2024-01-12
0.1,4,Core CPI m/m|PPI m/m|FOMC|CPI y/y,Neutral|Neutral|Good|Bad,1,0,1,0.0,100.0,0.0,2024-09-13_2024-10-12
0.1,4,Core CPI m/m|PPI m/m|FOMC|CPI y/y,Neutral|Bad|Neutral|Neutral,1,0,1,0.0,100.0,0.0,2025-01-15_2025-02-13
0.2,4,Core CPI m/m|PPI m/m|FOMC|CPI y/y,Neutral|Good|Neutral|Neutral,2,0,2,0.0,100.0,0.0,2023-03-16_2023-04-14|2024-05-15_2024-06-13
0.2,4,Core CPI m/m|PPI m/m|FOMC|CPI y/y,Neutral|Neutral|Neutral|Neutral,6,3,3,50.0,50.0,1.0,2023-04-14_2023-05-13|2023-07-14_2023-08-12|2023-09-15_2023-10-14|2023-11-16_2023-12-15|2023-12-14_2024-01-12|2025-01-15_2025-02-13
0.2,4,Core CPI m/m|PPI m/m|FOMC|CPI y/y,Neutral|Neutral|Good|Neutral,1,0,1,0.0,100.0,0.0,2024-09-13_2024-10-12
0.3,4,Core CPI m/m|PPI m/m|FOMC|CPI y/y,Neutral|Good|Neutral|Neutral,2,0,2,0.0,100.0,0.0,2023-03-16_2023-04-14|2024-05-15_2024-06-13
0.3,4,Core CPI m/m|PPI m/m|FOMC|CPI y/y,Neutral|Neutral|Neutral|Neutral,7,3,4,42.9,57.1,0.75,2023-04-14_2023-05-13|2023-07-14_2023-08-12|2023-09-15_2023-10-14|2023-11-16_2023-12-15|2023-12-14_2024-01-12|2024-09-13_2024-10-12|2025-01-15_2025-02-13
0.0,4,Core CPI m/m|Core PPI m/m|FOMC|CPI y/y,Neutral|Good|Neutral|Good,1,0,1,0.0,100.0,0.0,2023-03-16_2023-04-14
0.0,4,Core CPI m/m|Core PPI m/m|FOMC|CPI y/y,Bad|Neutral|Neutral|Good,1,1,0,100.0,0.0,inf,2023-04-14_2023-05-13
0.0,4,Core CPI m/m|Core PPI m/m|FOMC|CPI y/y,Neutral|Bad|Neutral|Good,1,1,0,100.0,0.0,inf,2023-07-14_2023-08-12
0.0,4,Core CPI m/m|Core PPI m/m|FOMC|CPI y/y,Neutral|Bad|Neutral|Bad,1,0,1,0.0,100.0,0.0,2023-09-15_2023-10-14
0.0,4,Core CPI m/m|Core PPI m/m|FOMC|CPI y/y,Neutral|Good|Neutral|Neutral,1,0,1,0.0,100.0,0.0,2023-11-16_2023-12-15
0.0,4,Core CPI m/m|Core PPI m/m|FOMC|CPI y/y,Neutral|Good|Neutral|Bad,1,1,0,100.0,0.0,inf,2023-12-14_2024-01-12
0.0,4,Core CPI m/m|Core PPI m/m|FOMC|CPI y/y,Good|Good|Neutral|Good,1,0,1,0.0,100.0,0.0,2024-05-15_2024-06-13
0.0,4,Core CPI m/m|Core PPI m/m|FOMC|CPI y/y,Bad|Neutral|Good|Bad,1,0,1,0.0,100.0,0.0,2024-09-13_2024-10-12
0.0,4,Core CPI m/m|Core PPI m/m|FOMC|CPI y/y,Bad|Neutral|Neutral|Bad,1,0,1,0.0,100.0,0.0,2025-01-15_2025-02-13
0.1,4,Core CPI m/m|Core PPI m/m|FOMC|CPI y/y,Neutral|Good|Neutral|Neutral,3,0,3,0.0,100.0,0.0,2023-03-16_2023-04-14|2023-11-16_2023-12-15|2024-05-15_2024-06-13
0.1,4,Core CPI m/m|Core PPI m/m|FOMC|CPI y/y,Bad|Neutral|Neutral|Neutral,1,1,0,100.0,0.0,inf,2023-04-14_2023-05-13
0.1,4,Core CPI m/m|Core PPI m/m|FOMC|CPI y/y,Neutral|Neutral|Neutral|Neutral,2,1,1,50.0,50.0,1.0,2023-07-14_2023-08-12|2025-01-15_2025-02-13
0.1,4,Core CPI m/m|Core PPI m/m|FOMC|CPI y/y,Neutral|Neutral|Neutral|Bad,1,0,1,0.0,100.0,0.0,2023-09-15_2023-10-14
0.1,4,Core CPI m/m|Core PPI m/m|FOMC|CPI y/y,Neutral|Good|Neutral|Bad,1,1,0,100.0,0.0,inf,2023-12-14_2024-01-12
0.1,4,Core CPI m/m|Core PPI m/m|FOMC|CPI y/y,Neutral|Neutral|Good|Bad,1,0,1,0.0,100.0,0.0,2024-09-13_2024-10-12
0.2,4,Core CPI m/m|Core PPI m/m|FOMC|CPI y/y,Neutral|Good|Neutral|Neutral,2,0,2,0.0,100.0,0.0,2023-03-16_2023-04-14|2024-05-15_2024-06-13
0.2,4,Core CPI m/m|Core PPI m/m|FOMC|CPI y/y,Neutral|Neutral|Neutral|Neutral,6,3,3,50.0,50.0,1.0,2023-04-14_2023-05-13|2023-07-14_2023-08-12|2023-09-15_2023-10-14|2023-11-16_2023-12-15|2023-12-14_2024-01-12|2025-01-15_2025-02-13
0.2,4,Core CPI m/m|Core PPI m/m|FOMC|CPI y/y,Neutral|Neutral|Good|Neutral,1,0,1,0.0,100.0,0.0,2024-09-13_2024-10-12
0.3,4,Core CPI m/m|Core PPI m/m|FOMC|CPI y/y,Neutral|Good|Neutral|Neutral,1,0,1,0.0,100.0,0.0,2023-03-16_2023-04-14
0.3,4,Core CPI m/m|Core PPI m/m|FOMC|CPI y/y,Neutral|Neutral|Neutral|Neutral,8,3,5,37.5,62.5,0.6,2023-04-14_2023-05-13|2023-07-14_2023-08-12|2023-09-15_2023-10-14|2023-11-16_2023-12-15|2023-12-14_2024-01-12|2024-05-15_2024-06-13|2024-09-13_2024-10-12|2025-01-15_2025-02-13
0.0,4,PPI m/m|Core PPI m/m|FOMC|CPI y/y,Good|Good|Neutral|Good,2,0,2,0.0,100.0,0.0,2023-03-16_2023-04-14|2024-05-15_2024-06-13
0.0,4,PPI m/m|Core PPI m/m|FOMC|CPI y/y,Good|Neutral|Neutral|Good,1,1,0,100.0,0.0,inf,2023-04-14_2023-05-13
0.0,4,PPI m/m|Core PPI m/m|FOMC|CPI y/y,Bad|Bad|Neutral|Good,1,1,0,100.0,0.0,inf,2023-07-14_2023-08-12
0.0,4,PPI m/m|Core PPI m/m|FOMC|CPI y/y,Bad|Bad|Neutral|Bad,1,0,1,0.0,100.0,0.0,2023-09-15_2023-10-14
0.0,4,PPI m/m|Core PPI m/m|FOMC|CPI y/y,Neutral|Good|Neutral|Neutral,1,0,1,0.0,100.0,0.0,2023-11-16_2023-12-15
0.0,4,PPI m/m|Core PPI m/m|FOMC|CPI y/y,Good|Good|Neutral|Bad,1,1,0,100.0,0.0,inf,2023-12-14_2024-01-12
0.0,4,PPI m/m|Core PPI m/m|FOMC|CPI y/y,Good|Neutral|Good|Bad,1,0,1,0.0,100.0,0.0,2024-09-13_2024-10-12
0.0,4,PPI m/m|Core PPI m/m|FOMC|CPI y/y,Bad|Neutral|Neutral|Bad,1,0,1,0.0,100.0,0.0,2025-01-15_2025-02-13
0.1,4,PPI m/m|Core PPI m/m|FOMC|CPI y/y,Good|Good|Neutral|Neutral,2,0,2,0.0,100.0,0.0,2023-03-16_2023-04-14|2024-05-15_2024-06-13
0.1,4,PPI m/m|Core PPI m/m|FOMC|CPI y/y,Neutral|Neutral|Neutral|Neutral,2,2,0,100.0,0.0,inf,2023-04-14_2023-05-13|2023-07-14_2023-08-12
0.1,4,PPI m/m|Core PPI m/m|FOMC|CPI y/y,Bad|Neutral|Neutral|Bad,1,0,1,0.0,100.0,0.0,2023-09-15_2023-10-14
0.1,4,PPI m/m|Core PPI m/m|FOMC|CPI y/y,Neutral|Good|Neutral|Neutral,1,0,1,0.0,100.0,0.0,2023-11-16_2023-12-15
0.1,4,PPI m/m|Core PPI m/m|FOMC|CPI y/y,Good|Good|Neutral|Bad,1,1,0,100.0,0.0,inf,2023-12-14_2024-01-12
0.1,4,PPI m/m|Core PPI m/m|FOMC|CPI y/y,Neutral|Neutral|Good|Bad,1,0,1,0.0,100.0,0.0,2024-09-13_2024-10-12
0.1,4,PPI m/m|Core PPI m/m|FOMC|CPI y/y,Bad|Neutral|Neutral|Neutral,1,0,1,0.0,100.0,0.0,2025-01-15_2025-02-13
0.2,4,PPI m/m|Core PPI m/m|FOMC|CPI y/y,Good|Good|Neutral|Neutral,2,0,2,0.0,100.0,0.0,2023-03-16_2023-04-14|2024-05-15_2024-06-13
0.2,4,PPI m/m|Core PPI m/m|FOMC|CPI y/y,Neutral|Neutral|Neutral|Neutral,6,3,3,50.0,50.0,1.0,2023-04-14_2023-05-13|2023-07-14_2023-08-12|2023-09-15_2023-10-14|2023-11-16_2023-12-15|2023-12-14_2024-01-12|2025-01-15_2025-02-13
0.2,4,PPI m/m|Core PPI m/m|FOMC|CPI y/y,Neutral|Neutral|Good|Neutral,1,0,1,0.0,100.0,0.0,2024-09-13_2024-10-12
0.3,4,PPI m/m|Core PPI m/m|FOMC|CPI y/y,Good|Good|Neutral|Neutral,1,0,1,0.0,100.0,0.0,2023-03-16_2023-04-14
0.3,4,PPI m/m|Core PPI m/m|FOMC|CPI y/y,Neutral|Neutral|Neutral|Neutral,7,3,4,42.9,57.1,0.75,2023-04-14_2023-05-13|2023-07-14_2023-08-12|2023-09-15_2023-10-14|2023-11-16_2023-12-15|2023-12-14_2024-01-12|2024-09-13_2024-10-12|2025-01-15_2025-02-13
0.3,4,PPI m/m|Core PPI m/m|FOMC|CPI y/y,Good|Neutral|Neutral|Neutral,1,0,1,0.0,100.0,0.0,2024-05-15_2024-06-13
0.0,5,CPI m/m|Core CPI m/m|PPI m/m|Core PPI m/m|FOMC,Good|Neutral|Good|Good|Neutral,1,0,1,0.0,100.0,0.0,2023-03-16_2023-04-14
0.0,5,CPI m/m|Core CPI m/m|PPI m/m|Core PPI m/m|FOMC,Neutral|Bad|Good|Neutral|Neutral,1,1,0,100.0,0.0,inf,2023-04-14_2023-05-13
0.0,5,CPI m/m|Core CPI m/m|PPI m/m|Core PPI m/m|FOMC,Neutral|Neutral|Bad|Bad|Neutral,1,1,0,100.0,0.0,inf,2023-07-14_2023-08-12
0.0,5,CPI m/m|Core CPI m/m|PPI m/m|Core PPI m/m|FOMC,Bad|Neutral|Bad|Bad|Neutral,1,0,1,0.0,100.0,0.0,2023-09-15_2023-10-14
0.0,5,CPI m/m|Core CPI m/m|PPI m/m|Core PPI m/m|FOMC,Bad|Neutral|Neutral|Good|Neutral,1,0,1,0.0,100.0,0.0,2023-11-16_2023-12-15
0.0,5,CPI m/m|Core CPI m/m|PPI m/m|Core PPI m/m|FOMC,Bad|Neutral|Good|Good|Neutral,1,1,0,100.0,0.0,inf,2023-12-14_2024-01-12
0.0,5,CPI m/m|Core CPI m/m|PPI m/m|Core PPI m/m|FOMC,Good|Good|Good|Good|Neutral,1,0,1,0.0,100.0,0.0,2024-05-15_2024-06-13
0.0,5,CPI m/m|Core CPI m/m|PPI m/m|Core PPI m/m|FOMC,Bad|Bad|Good|Neutral|Good,1,0,1,0.0,100.0,0.0,2024-09-13_2024-10-12
0.0,5,CPI m/m|Core CPI m/m|PPI m/m|Core PPI m/m|FOMC,Bad|Bad|Bad|Neutral|Neutral,1,0,1,0.0,100.0,0.0,2025-01-15_2025-02-13
0.1,5,CPI m/m|Core CPI m/m|PPI m/m|Core PPI m/m|FOMC,Neutral|Neutral|Good|Good|Neutral,2,1,1,50.0,50.0,1.0,2023-03-16_2023-04-14|2023-12-14_2024-01-12
0.1,5,CPI m/m|Core CPI m/m|PPI m/m|Core PPI m/m|FOMC,Neutral|Bad|Neutral|Neutral|Neutral,1,1,0,100.0,0.0,inf,2023-04-14_2023-05-13
0.1,5,CPI m/m|Core CPI m/m|PPI m/m|Core PPI m/m|FOMC,Neutral|Neutral|Neutral|Neutral|Neutral,1,1,0,100.0,0.0,inf,2023-07-14_2023-08-12
0.1,5,CPI m/m|Core CPI m/m|PPI m/m|Core PPI m/m|FOMC,Bad|Neutral|Bad|Neutral|Neutral,1,0,1,0.0,100.0,0.0,2023-09-15_2023-10-14
0.1,5,CPI m/m|Core CPI m/m|PPI m/m|Core PPI m/m|FOMC,Neutral|Neutral|Neutral|Good|Neutral,1,0,1,0.0,100.0,0.0,2023-11-16_2023-12-15
0.1,5,CPI m/m|Core CPI m/m|PPI m/m|Core PPI m/m|FOMC,Good|Neutral|Good|Good|Neutral,1,0,1,0.0,100.0,0.0,2024-05-15_2024-06-13
0.1,5,CPI m/m|Core CPI m/m|PPI m/m|Core PPI m/m|FOMC,Neutral|Neutral|Neutral|Neutral|Good,1,0,1,0.0,100.0,0.0,2024-09-13_2024-10-12
0.1,5,CPI m/m|Core CPI m/m|PPI m/m|Core PPI m/m|FOMC,Neutral|Neutral|Bad|Neutral|Neutral,1,0,1,0.0,100.0,0.0,2025-01-15_2025-02-13
0.2,5,CPI m/m|Core CPI m/m|PPI m/m|Core PPI m/m|FOMC,Neutral|Neutral|Good|Good|Neutral,2,0,2,0.0,100.0,0.0,2023-03-16_2023-04-14|2024-05-15_2024-06-13
0.2,5,CPI m/m|Core CPI m/m|PPI m/m|Core PPI m/m|FOMC,Neutral|Neutral|Neutral|Neutral|Neutral,6,3,3,50.0,50.0,1.0,2023-04-14_2023-05-13|2023-07-14_2023-08-12|2023-09-15_2023-10-14|2023-11-16_2023-12-15|2023-12-14_2024-01-12|2025-01-15_2025-02-13
0.2,5,CPI m/m|Core CPI m/m|PPI m/m|Core PPI m/m|FOMC,Neutral|Neutral|Neutral|Neutral|Good,1,0,1,0.0,100.0,0.0,2024-09-13_2024-10-12
0.3,5,CPI m/m|Core CPI m/m|PPI m/m|Core PPI m/m|FOMC,Neutral|Neutral|Good|Good|Neutral,1,0,1,0.0,100.0,0.0,2023-03-16_2023-04-14
0.3,5,CPI m/m|Core CPI m/m|PPI m/m|Core PPI m/m|FOMC,Neutral|Neutral|Neutral|Neutral|Neutral,7,3,4,42.9,57.1,0.75,2023-04-14_2023-05-13|2023-07-14_2023-08-12|2023-09-15_2023-10-14|2023-11-16_2023-12-15|2023-12-14_2024-01-12|2024-09-13_2024-10-12|2025-01-15_2025-02-13
0.3,5,CPI m/m|Core CPI m/m|PPI m/m|Core PPI m/m|FOMC,Neutral|Neutral|Good|Neutral|Neutral,1,0,1,0.0,100.0,0.0,2024-05-15_2024-06-13
0.0,5,CPI m/m|Core CPI m/m|PPI m/m|Core PPI m/m|CPI y/y,Good|Neutral|Bad|Bad|Neutral,2,1,1,50.0,50.0,1.0,2018-03-15_2018-04-13|2018-06-14_2018-07-13
0.0,5,CPI m/m|Core CPI m/m|PPI m/m|Core PPI m/m|CPI y/y,Good|Good|Good|Neutral|Neutral,1,1,0,100.0,0.0,inf,2018-04-11_2018-05-10
0.0,5,CPI m/m|Core CPI m/m|PPI m/m|Core PPI m/m|CPI y/y,Good|Neutral|Good|Good|Neutral,1,0,1,0.0,100.0,0.0,2018-07-12_2018-08-10
0.0,5,CPI m/m|Core CPI m/m|PPI m/m|Core PPI m/m|CPI y/y,Good|Good|Neutral|Neutral|Good,1,1,0,100.0,0.0,inf,2018-09-13_2018-10-12
0.0,5,CPI m/m|Core CPI m/m|PPI m/m|Core PPI m/m|CPI y/y,Good|Good|Bad|Bad|Good,4,1,3,25.0,75.0,0.33,2018-10-11_2018-11-09|2020-03-13_2020-04-11|2022-11-16_2022-12-15|2024-06-14_2024-07-13
0.0,5,CPI m/m|Core CPI m/m|PPI m/m|Core PPI m/m|CPI y/y,Good|Neutral|Good|Bad|Bad,1,0,1,0.0,100.0,0.0,2019-01-16_2019-02-14
0.0,5,CPI m/m|Core CPI m/m|PPI m/m|Core PPI m/m|CPI y/y,Neutral|Good|Good|Good|Good,1,1,0,100.0,0.0,inf,2019-02-15_2019-03-16
0.0,5,CPI m/m|Core CPI m/m|PPI m/m|Core PPI m/m|CPI y/y,Bad|Good|Bad|Bad|Bad,1,0,1,0.0,100.0,0.0,2019-03-14_2019-04-12
0.0,5,CPI m/m|Core CPI m/m|PPI m/m|Core PPI m/m|CPI y/y,Good|Good|Neutral|Good|Good,1,1,0,100.0,0.0,inf,2019-04-12_2019-05-11
0.0,5,CPI m/m|Core CPI m/m|PPI m/m|Core PPI m/m|CPI y/y,Good|Good|Good|Good|Good,7,4,3,57.1,42.9,1.33,2019-09-12_2019-10-11|2022-07-15_2022-08-13|2023-06-15_2023-07-14|2024-05-15_2024-06-13|2025-02-14_2025-03-15|2025-03-14_2025-04-12|2025-05-16_2025-06-14
0.0,5,CPI m/m|Core CPI m/m|PPI m/m|Core PPI m/m|CPI y/y,Bad|Neutral|Good|Good|Bad,3,3,0,100.0,0.0,inf,2019-11-15_2019-12-14|2020-02-20_2020-03-20|2023-12-14_2024-01-12
0.0,5,CPI m/m|Core CPI m/m|PPI m/m|Core PPI m/m|CPI y/y,Good|Good|Bad|Neutral|Good,1,0,1,0.0,100.0,0.0,2020-05-14_2020-06-12
0.0,5,CPI m/m|Core CPI m/m|PPI m/m|Core PPI m/m|CPI y/y,Bad|Bad|Bad|Bad|Bad,2,1,1,50.0,50.0,1.0,2020-08-12_2020-09-10|2021-06-16_2021-07-15
0.0,5,CPI m/m|Core CPI m/m|PPI m/m|Core PPI m/m|CPI y/y,Good|Good|Bad|Good|Good,1,1,0,100.0,0.0,inf,2020-10-15_2020-11-13
0.0,5,CPI m/m|Core CPI m/m|PPI m/m|Core PPI m/m|CPI y/y,Bad|Bad|Neutral|Good|Neutral,1,1,0,100.0,0.0,inf,2020-11-14_2020-12-13
0.0,5,CPI m/m|Core CPI m/m|PPI m/m|Core PPI m/m|CPI y/y,Neutral|Good|Bad|Neutral|Neutral,1,1,0,100.0,0.0,inf,2021-02-18_2021-03-19
0.0,5,CPI m/m|Core CPI m/m|PPI m/m|Core PPI m/m|CPI y/y,Neutral|Good|Bad|Bad|Bad,1,0,1,0.0,100.0,0.0,2021-07-15_2021-08-13
0.0,5,CPI m/m|Core CPI m/m|PPI m/m|Core PPI m/m|CPI y/y,Bad|Bad|Neutral|Good|Bad,2,2,0,100.0,0.0,inf,2021-10-15_2021-11-13|2022-04-14_2022-05-13
0.0,5,CPI m/m|Core CPI m/m|PPI m/m|Core PPI m/m|CPI y/y,Bad|Bad|Good|Neutral|Neutral,1,1,0,100.0,0.0,inf,2021-12-15_2022-01-13
0.0,5,CPI m/m|Core CPI m/m|PPI m/m|Core PPI m/m|CPI y/y,Neutral|Neutral|Good|Good|Neutral,1,0,1,0.0,100.0,0.0,2022-02-16_2022-03-17
0.0,5,CPI m/m|Core CPI m/m|PPI m/m|Core PPI m/m|CPI y/y,Bad|Bad|Bad|Good|Bad,1,1,0,100.0,0.0,inf,2022-06-15_2022-07-14
0.0,5,CPI m/m|Core CPI m/m|PPI m/m|Core PPI m/m|CPI y/y,Bad|Bad|Bad|Neutral|Bad,2,1,1,50.0,50.0,1.0,2022-09-15_2022-10-14|2025-01-15_2025-02-13
0.0,5,CPI m/m|Core CPI m/m|PPI m/m|Core PPI m/m|CPI y/y,Neutral|Neutral|Bad|Bad|Bad,1,1,0,100.0,0.0,inf,2023-01-19_2023-02-17
0.0,5,CPI m/m|Core CPI m/m|PPI m/m|Core PPI m/m|CPI y/y,Neutral|Bad|Good|Good|Neutral,1,1,0,100.0,0.0,inf,2023-02-17_2023-03-18
0.0,5,CPI m/m|Core CPI m/m|PPI m/m|Core PPI m/m|CPI y/y,Good|Neutral|Good|Good|Good,1,0,1,0.0,100.0,0.0,2023-03-16_2023-04-14
0.0,5,CPI m/m|Core CPI m/m|PPI m/m|Core PPI m/m|CPI y/y,Neutral|Bad|Good|Neutral|Good,1,1,0,100.0,0.0,inf,2023-04-14_2023-05-13
0.0,5,CPI m/m|Core CPI m/m|PPI m/m|Core PPI m/m|CPI y/y,Neutral|Neutral|Bad|Bad|Good,2,1,1,50.0,50.0,1.0,2023-07-14_2023-08-12|2025-07-17_2025-08-15
0.0,5,CPI m/m|Core CPI m/m|PPI m/m|Core PPI m/m|CPI y/y,Bad|Neutral|Bad|Bad|Bad,1,0,1,0.0,100.0,0.0,2023-09-15_2023-10-14
0.0,5,CPI m/m|Core CPI m/m|PPI m/m|Core PPI m/m|CPI y/y,Bad|Neutral|Neutral|Good|Neutral,1,0,1,0.0,100.0,0.0,2023-11-16_2023-12-15
0.0,5,CPI m/m|Core CPI m/m|PPI m/m|Core PPI m/m|CPI y/y,Bad|Bad|Good|Neutral|Bad,2,0,2,0.0,100.0,0.0,2024-03-15_2024-04-13|2024-09-13_2024-10-12
0.0,5,CPI m/m|Core CPI m/m|PPI m/m|Core PPI m/m|CPI y/y,Neutral|Bad|Bad|Bad|Good,1,1,0,100.0,0.0,inf,2024-08-14_2024-09-12
0.0,5,CPI m/m|Core CPI m/m|PPI m/m|Core PPI m/m|CPI y/y,Neutral|Neutral|Bad|Neutral|Neutral,2,2,0,100.0,0.0,inf,2024-11-15_2024-12-14|2018-02-16_2018-03-17
0.0,5,CPI m/m|Core CPI m/m|PPI m/m|Core PPI m/m|CPI y/y,Good|Neutral|Bad|Bad|Good,2,2,0,100.0,0.0,inf,2026-01-31_2026-03-01|2026-01-15_2026-02-13
0.1,5,CPI m/m|Core CPI m/m|PPI m/m|Core PPI m/m|CPI y/y,Neutral|Neutral|Bad|Neutral|Neutral,3,1,2,33.3,66.7,0.5,2018-03-15_2018-04-13|2024-11-15_2024-12-14|2025-01-15_2025-02-13
0.1,5,CPI m/m|Core CPI m/m|PPI m/m|Core PPI m/m|CPI y/y,Neutral|Neutral|Neutral|Neutral|Neutral,8,8,0,100.0,0.0,inf,2018-04-11_2018-05-10|2018-06-14_2018-07-13|2018-09-13_2018-10-12|2020-11-14_2020-12-13|2021-02-18_2021-03-19|2023-07-14_2023-08-12|2024-08-14_2024-09-12|2018-02-16_2018-03-17
0.1,5,CPI m/m|Core CPI m/m|PPI m/m|Core PPI m/m|CPI y/y,Neutral|Neutral|Good|Neutral|Neutral,2,1,1,50.0,50.0,1.0,2018-07-12_2018-08-10|2021-12-15_2022-01-13
0.1,5,CPI m/m|Core CPI m/m|PPI m/m|Core PPI m/m|CPI y/y,Neutral|Neutral|Bad|Bad|Good,3,3,0,100.0,0.0,inf,2018-10-11_2018-11-09|2026-01-31_2026-03-01|2026-01-15_2026-02-13
0.1,5,CPI m/m|Core CPI m/m|PPI m/m|Core PPI m/m|CPI y/y,Neutral|Neutral|Good|Neutral|Bad,1,0,1,0.0,100.0,0.0,2019-01-16_2019-02-14
0.1,5,CPI m/m|Core CPI m/m|PPI m/m|Core PPI m/m|CPI y/y,Neutral|Neutral|Neutral|Neutral|Good,2,2,0,100.0,0.0,inf,2019-02-15_2019-03-16|2023-06-15_2023-07-14
0.1,5,CPI m/m|Core CPI m/m|PPI m/m|Core PPI m/m|CPI y/y,Bad|Neutral|Bad|Neutral|Neutral,1,0,1,0.0,100.0,0.0,2019-03-14_2019-04-12
0.1,5,CPI m/m|Core CPI m/m|PPI m/m|Core PPI m/m|CPI y/y,Good|Neutral|Neutral|Neutral|Good,1,1,0,100.0,0.0,inf,2019-04-12_2019-05-11
0.1,5,CPI m/m|Core CPI m/m|PPI m/m|Core PPI m/m|CPI y/y,Neutral|Neutral|Good|Good|Good,2,0,2,0.0,100.0,0.0,2019-09-12_2019-10-11|2025-02-14_2025-03-15
0.1,5,CPI m/m|Core CPI m/m|PPI m/m|Core PPI m/m|CPI y/y,Neutral|Neutral|Good|Good|Bad,2,2,0,100.0,0.0,inf,2019-11-15_2019-12-14|2023-12-14_2024-01-12
0.1,5,CPI m/m|Core CPI m/m|PPI m/m|Core PPI m/m|CPI y/y,Neutral|Neutral|Good|Good|Neutral,4,2,2,50.0,50.0,1.0,2020-02-20_2020-03-20|2022-02-16_2022-03-17|2023-02-17_2023-03-18|2023-03-16_2023-04-14
0.1,5,CPI m/m|Core CPI m/m|PPI m/m|Core PPI m/m|CPI y/y,Good|Good|Neutral|Bad|Good,1,0,1,0.0,100.0,0.0,2020-03-13_2020-04-11
0.1,5,CPI m/m|Core CPI m/m|PPI m/m|Core PPI m/m|CPI y/y,Neutral|Neutral|Bad|Neutral|Good,1,0,1,0.0,100.0,0.0,2020-05-14_2020-06-12
0.1,5,CPI m/m|Core CPI m/m|PPI m/m|Core PPI m/m|CPI y/y,Bad|Bad|Neutral|Bad|Bad,1,0,1,0.0,100.0,0.0,2020-08-12_2020-09-10
0.1,5,CPI m/m|Core CPI m/m|PPI m/m|Core PPI m/m|CPI y/y,Neutral|Good|Neutral|Neutral|Good,1,1,0,100.0,0.0,inf,2020-10-15_2020-11-13
0.1,5,CPI m/m|Core CPI m/m|PPI m/m|Core PPI m/m|CPI y/y,Bad|Bad|Bad|Bad|Bad,1,1,0,100.0,0.0,inf,2021-06-16_2021-07-15
0.1,5,CPI m/m|Core CPI m/m|PPI m/m|Core PPI m/m|CPI y/y,Neutral|Good|Bad|Bad|Bad,1,0,1,0.0,100.0,0.0,2021-07-15_2021-08-13
0.1,5,CPI m/m|Core CPI m/m|PPI m/m|Core PPI m/m|CPI y/y,Bad|Bad|Neutral|Neutral|Bad,2,1,1,50.0,50.0,1.0,2021-10-15_2021-11-13|2024-03-15_2024-04-13
0.1,5,CPI m/m|Core CPI m/m|PPI m/m|Core PPI m/m|CPI y/y,Neutral|Bad|Neutral|Good|Bad,1,1,0,100.0,0.0,inf,2022-04-14_2022-05-13
0.1,5,CPI m/m|Core CPI m/m|PPI m/m|Core PPI m/m|CPI y/y,Bad|Bad|Bad|Neutral|Bad,1,1,0,100.0,0.0,inf,2022-06-15_2022-07-14
0.1,5,CPI m/m|Core CPI m/m|PPI m/m|Core PPI m/m|CPI y/y,Good|Good|Good|Good|Good,2,2,0,100.0,0.0,inf,2022-07-15_2022-08-13|2025-03-14_2025-04-12
0.1,5,CPI m/m|Core CPI m/m|PPI m/m|Core PPI m/m|CPI y/y,Bad|Bad|Bad|Neutral|Neutral,1,1,0,100.0,0.0,inf,2022-09-15_2022-10-14
0.1,5,CPI m/m|Core CPI m/m|PPI m/m|Core PPI m/m|CPI y/y,Good|Neutral|Neutral|Bad|Good,2,0,2,0.0,100.0,0.0,2022-11-16_2022-12-15|2024-06-14_2024-07-13
0.1,5,CPI m/m|Core CPI m/m|PPI m/m|Core PPI m/m|CPI y/y,Neutral|Neutral|Bad|Bad|Bad,1,1,0,100.0,0.0,inf,2023-01-19_2023-02-17
0.1,5,CPI m/m|Core CPI m/m|PPI m/m|Core PPI m/m|CPI y/y,Neutral|Bad|Neutral|Neutral|Neutral,1,1,0,100.0,0.0,inf,2023-04-14_2023-05-13
0.1,5,CPI m/m|Core CPI m/m|PPI m/m|Core PPI m/m|CPI y/y,Bad|Neutral|Bad|Neutral|Bad,1,0,1,0.0,100.0,0.0,2023-09-15_2023-10-14
0.1,5,CPI m/m|Core CPI m/m|PPI m/m|Core PPI m/m|CPI y/y,Neutral|Neutral|Neutral|Good|Neutral,1,0,1,0.0,100.0,0.0,2023-11-16_2023-12-15
0.1,5,CPI m/m|Core CPI m/m|PPI m/m|Core PPI m/m|CPI y/y,Good|Neutral|Good|Good|Neutral,1,0,1,0.0,100.0,0.0,2024-05-15_2024-06-13
0.1,5,CPI m/m|Core CPI m/m|PPI m/m|Core PPI m/m|CPI y/y,Neutral|Good|Neutral|Good|Good,1,1,0,100.0,0.0,inf,2025-05-16_2025-06-14
0.1,5,CPI m/m|Core CPI m/m|PPI m/m|Core PPI m/m|CPI y/y,Neutral|Neutral|Bad|Bad|Neutral,1,0,1,0.0,100.0,0.0,2025-07-17_2025-08-15
0.1,5,CPI m/m|Core CPI m/m|PPI m/m|Core PPI m/m|CPI y/y,Neutral|Neutral|Neutral|Neutral|Bad,1,0,1,0.0,100.0,0.0,2024-09-13_2024-10-12
0.2,5,CPI m/m|Core CPI m/m|PPI m/m|Core PPI m/m|CPI y/y,Neutral|Neutral|Neutral|Neutral|Neutral,28,18,10,64.3,35.7,1.8,2018-03-15_2018-04-13|2018-04-11_2018-05-10|2018-06-14_2018-07-13|2018-07-12_2018-08-10|2018-09-13_2018-10-12|2019-01-16_2019-02-14|2019-02-15_2019-03-16|2019-04-12_2019-05-11|2020-03-13_2020-04-11|2020-10-15_2020-11-13|2020-11-14_2020-12-13|2021-02-18_2021-03-19|2021-12-15_2022-01-13|2022-09-15_2022-10-14|2023-04-14_2023-05-13|2023-06-15_2023-07-14|2023-07-14_2023-08-12|2023-09-15_2023-10-14|2023-11-16_2023-12-15|2023-12-14_2024-01-12|2024-03-15_2024-04-13|2024-06-14_2024-07-13|2024-08-14_2024-09-12|2024-11-15_2024-12-14|2025-05-16_2025-06-14|2018-02-16_2018-03-17|2024-09-13_2024-10-12|2025-01-15_2025-02-13
0.2,5,CPI m/m|Core CPI m/m|PPI m/m|Core PPI m/m|CPI y/y,Neutral|Neutral|Bad|Bad|Neutral,4,2,2,50.0,50.0,1.0,2018-10-11_2018-11-09|2021-07-15_2021-08-13|2025-07-17_2025-08-15|2026-01-15_2026-02-13
0.2,5,CPI m/m|Core CPI m/m|PPI m/m|Core PPI m/m|CPI y/y,Neutral|Neutral|Bad|Neutral|Neutral,2,0,2,0.0,100.0,0.0,2019-03-14_2019-04-12|2020-05-14_2020-06-12
0.2,5,CPI m/m|Core CPI m/m|PPI m/m|Core PPI m/m|CPI y/y,Neutral|Neutral|Good|Good|Neutral,7,3,4,42.9,57.1,0.75,2019-09-12_2019-10-11|2020-02-20_2020-03-20|2023-02-17_2023-03-18|2023-03-16_2023-04-14|2024-05-15_2024-06-13|2025-02-14_2025-03-15|2025-03-14_2025-04-12
0.2,5,CPI m/m|Core CPI m/m|PPI m/m|Core PPI m/m|CPI y/y,Neutral|Neutral|Neutral|Good|Neutral,2,1,1,50.0,50.0,1.0,2019-11-15_2019-12-14|2022-02-16_2022-03-17
0.2,5,CPI m/m|Core CPI m/m|PPI m/m|Core PPI m/m|CPI y/y,Bad|Bad|Neutral|Neutral|Bad,1,0,1,0.0,100.0,0.0,2020-08-12_2020-09-10
0.2,5,CPI m/m|Core CPI m/m|PPI m/m|Core PPI m/m|CPI y/y,Bad|Bad|Bad|Bad|Bad,1,1,0,100.0,0.0,inf,2021-06-16_2021-07-15
0.2,5,CPI m/m|Core CPI m/m|PPI m/m|Core PPI m/m|CPI y/y,Bad|Neutral|Neutral|Neutral|Bad,1,1,0,100.0,0.0,inf,2021-10-15_2021-11-13
0.2,5,CPI m/m|Core CPI m/m|PPI m/m|Core PPI m/m|CPI y/y,Neutral|Neutral|Neutral|Neutral|Bad,1,1,0,100.0,0.0,inf,2022-04-14_2022-05-13
0.2,5,CPI m/m|Core CPI m/m|PPI m/m|Core PPI m/m|CPI y/y,Neutral|Neutral|Bad|Neutral|Bad,2,2,0,100.0,0.0,inf,2022-06-15_2022-07-14|2023-01-19_2023-02-17
0.2,5,CPI m/m|Core CPI m/m|PPI m/m|Core PPI m/m|CPI y/y,Neutral|Neutral|Good|Neutral|Neutral,1,1,0,100.0,0.0,inf,2022-07-15_2022-08-13
0.2,5,CPI m/m|Core CPI m/m|PPI m/m|Core PPI m/m|CPI y/y,Neutral|Neutral|Neutral|Neutral|Good,1,0,1,0.0,100.0,0.0,2022-11-16_2022-12-15
0.2,5,CPI m/m|Core CPI m/m|PPI m/m|Core PPI m/m|CPI y/y,Neutral|Neutral|Neutral|Bad|Neutral,1,1,0,100.0,0.0,inf,2026-01-31_2026-03-01
0.3,5,CPI m/m|Core CPI m/m|PPI m/m|Core PPI m/m|CPI y/y,Neutral|Neutral|Neutral|Neutral|Neutral,32,20,12,62.5,37.5,1.67,2018-03-15_2018-04-13|2018-04-11_2018-05-10|2018-06-14_2018-07-13|2018-07-12_2018-08-10|2018-09-13_2018-10-12|2019-01-16_2019-02-14|2019-02-15_2019-03-16|2019-03-14_2019-04-12|2019-04-12_2019-05-11|2020-03-13_2020-04-11|2020-10-15_2020-11-13|2020-11-14_2020-12-13|2021-02-18_2021-03-19|2021-12-15_2022-01-13|2022-04-14_2022-05-13|2022-09-15_2022-10-14|2022-11-16_2022-12-15|2023-01-19_2023-02-17|2023-04-14_2023-05-13|2023-06-15_2023-07-14|2023-07-14_2023-08-12|2023-09-15_2023-10-14|2023-11-16_2023-12-15|2023-12-14_2024-01-12|2024-03-15_2024-04-13|2024-06-14_2024-07-13|2024-08-14_2024-09-12|2024-11-15_2024-12-14|2025-05-16_2025-06-14|2018-02-16_2018-03-17|2024-09-13_2024-10-12|2025-01-15_2025-02-13
0.3,5,CPI m/m|Core CPI m/m|PPI m/m|Core PPI m/m|CPI y/y,Neutral|Neutral|Bad|Neutral|Neutral,2,1,1,50.0,50.0,1.0,2018-10-11_2018-11-09|2020-05-14_2020-06-12
0.3,5,CPI m/m|Core CPI m/m|PPI m/m|Core PPI m/m|CPI y/y,Neutral|Neutral|Good|Good|Neutral,5,3,2,60.0,40.0,1.5,2019-09-12_2019-10-11|2020-02-20_2020-03-20|2023-02-17_2023-03-18|2023-03-16_2023-04-14|2025-03-14_2025-04-12
0.3,5,CPI m/m|Core CPI m/m|PPI m/m|Core PPI m/m|CPI y/y,Neutral|Neutral|Neutral|Good|Neutral,3,1,2,33.3,66.7,0.5,2019-11-15_2019-12-14|2022-02-16_2022-03-17|2025-02-14_2025-03-15
0.3,5,CPI m/m|Core CPI m/m|PPI m/m|Core PPI m/m|CPI y/y,Neutral|Bad|Neutral|Neutral|Bad,1,0,1,0.0,100.0,0.0,2020-08-12_2020-09-10
0.3,5,CPI m/m|Core CPI m/m|PPI m/m|Core PPI m/m|CPI y/y,Bad|Bad|Bad|Bad|Bad,1,1,0,100.0,0.0,inf,2021-06-16_2021-07-15
0.3,5,CPI m/m|Core CPI m/m|PPI m/m|Core PPI m/m|CPI y/y,Neutral|Neutral|Bad|Bad|Neutral,2,0,2,0.0,100.0,0.0,2021-07-15_2021-08-13|2025-07-17_2025-08-15
0.3,5,CPI m/m|Core CPI m/m|PPI m/m|Core PPI m/m|CPI y/y,Bad|Neutral|Neutral|Neutral|Neutral,1,1,0,100.0,0.0,inf,2021-10-15_2021-11-13
0.3,5,CPI m/m|Core CPI m/m|PPI m/m|Core PPI m/m|CPI y/y,Neutral|Neutral|Bad|Neutral|Bad,1,1,0,100.0,0.0,inf,2022-06-15_2022-07-14
0.3,5,CPI m/m|Core CPI m/m|PPI m/m|Core PPI m/m|CPI y/y,Neutral|Neutral|Good|Neutral|Neutral,2,1,1,50.0,50.0,1.0,2022-07-15_2022-08-13|2024-05-15_2024-06-13
0.3,5,CPI m/m|Core CPI m/m|PPI m/m|Core PPI m/m|CPI y/y,Neutral|Neutral|Neutral|Bad|Neutral,2,2,0,100.0,0.0,inf,2026-01-31_2026-03-01|2026-01-15_2026-02-13
0.0,5,CPI m/m|Core CPI m/m|PPI m/m|FOMC|CPI y/y,Good|Neutral|Good|Neutral|Good,1,0,1,0.0,100.0,0.0,2023-03-16_2023-04-14
0.0,5,CPI m/m|Core CPI m/m|PPI m/m|FOMC|CPI y/y,Neutral|Bad|Good|Neutral|Good,1,1,0,100.0,0.0,inf,2023-04-14_2023-05-13
0.0,5,CPI m/m|Core CPI m/m|PPI m/m|FOMC|CPI y/y,Neutral|Neutral|Bad|Neutral|Good,1,1,0,100.0,0.0,inf,2023-07-14_2023-08-12
0.0,5,CPI m/m|Core CPI m/m|PPI m/m|FOMC|CPI y/y,Bad|Neutral|Bad|Neutral|Bad,1,0,1,0.0,100.0,0.0,2023-09-15_2023-10-14
0.0,5,CPI m/m|Core CPI m/m|PPI m/m|FOMC|CPI y/y,Bad|Neutral|Neutral|Neutral|Neutral,1,0,1,0.0,100.0,0.0,2023-11-16_2023-12-15
0.0,5,CPI m/m|Core CPI m/m|PPI m/m|FOMC|CPI y/y,Bad|Neutral|Good|Neutral|Bad,1,1,0,100.0,0.0,inf,2023-12-14_2024-01-12
0.0,5,CPI m/m|Core CPI m/m|PPI m/m|FOMC|CPI y/y,Good|Good|Good|Neutral|Good,1,0,1,0.0,100.0,0.0,2024-05-15_2024-06-13
0.0,5,CPI m/m|Core CPI m/m|PPI m/m|FOMC|CPI y/y,Bad|Bad|Good|Good|Bad,1,0,1,0.0,100.0,0.0,2024-09-13_2024-10-12
0.0,5,CPI m/m|Core CPI m/m|PPI m/m|FOMC|CPI y/y,Bad|Bad|Bad|Neutral|Bad,1,0,1,0.0,100.0,0.0,2025-01-15_2025-02-13
0.1,5,CPI m/m|Core CPI m/m|PPI m/m|FOMC|CPI y/y,Neutral|Neutral|Good|Neutral|Neutral,1,0,1,0.0,100.0,0.0,2023-03-16_2023-04-14
0.1,5,CPI m/m|Core CPI m/m|PPI m/m|FOMC|CPI y/y,Neutral|Bad|Neutral|Neutral|Neutral,1,1,0,100.0,0.0,inf,2023-04-14_2023-05-13
0.1,5,CPI m/m|Core CPI m/m|PPI m/m|FOMC|CPI y/y,Neutral|Neutral|Neutral|Neutral|Neutral,2,1,1,50.0,50.0,1.0,2023-07-14_2023-08-12|2023-11-16_2023-12-15
0.1,5,CPI m/m|Core CPI m/m|PPI m/m|FOMC|CPI y/y,Bad|Neutral|Bad|Neutral|Bad,1,0,1,0.0,100.0,0.0,2023-09-15_2023-10-14
0.1,5,CPI m/m|Core CPI m/m|PPI m/m|FOMC|CPI y/y,Neutral|Neutral|Good|Neutral|Bad,1,1,0,100.0,0.0,inf,2023-12-14_2024-01-12
0.1,5,CPI m/m|Core CPI m/m|PPI m/m|FOMC|CPI y/y,Good|Neutral|Good|Neutral|Neutral,1,0,1,0.0,100.0,0.0,2024-05-15_2024-06-13
0.1,5,CPI m/m|Core CPI m/m|PPI m/m|FOMC|CPI y/y,Neutral|Neutral|Neutral|Good|Bad,1,0,1,0.0,100.0,0.0,2024-09-13_2024-10-12
0.1,5,CPI m/m|Core CPI m/m|PPI m/m|FOMC|CPI y/y,Neutral|Neutral|Bad|Neutral|Neutral,1,0,1,0.0,100.0,0.0,2025-01-15_2025-02-13
0.2,5,CPI m/m|Core CPI m/m|PPI m/m|FOMC|CPI y/y,Neutral|Neutral|Good|Neutral|Neutral,2,0,2,0.0,100.0,0.0,2023-03-16_2023-04-14|2024-05-15_2024-06-13
0.2,5,CPI m/m|Core CPI m/m|PPI m/m|FOMC|CPI y/y,Neutral|Neutral|Neutral|Neutral|Neutral,6,3,3,50.0,50.0,1.0,2023-04-14_2023-05-13|2023-07-14_2023-08-12|2023-09-15_2023-10-14|2023-11-16_2023-12-15|2023-12-14_2024-01-12|2025-01-15_2025-02-13
0.2,5,CPI m/m|Core CPI m/m|PPI m/m|FOMC|CPI y/y,Neutral|Neutral|Neutral|Good|Neutral,1,0,1,0.0,100.0,0.0,2024-09-13_2024-10-12
0.3,5,CPI m/m|Core CPI m/m|PPI m/m|FOMC|CPI y/y,Neutral|Neutral|Good|Neutral|Neutral,2,0,2,0.0,100.0,0.0,2023-03-16_2023-04-14|2024-05-15_2024-06-13
0.3,5,CPI m/m|Core CPI m/m|PPI m/m|FOMC|CPI y/y,Neutral|Neutral|Neutral|Neutral|Neutral,7,3,4,42.9,57.1,0.75,2023-04-14_2023-05-13|2023-07-14_2023-08-12|2023-09-15_2023-10-14|2023-11-16_2023-12-15|2023-12-14_2024-01-12|2024-09-13_2024-10-12|2025-01-15_2025-02-13
0.0,5,CPI m/m|Core CPI m/m|Core PPI m/m|FOMC|CPI y/y,Good|Neutral|Good|Neutral|Good,1,0,1,0.0,100.0,0.0,2023-03-16_2023-04-14
0.0,5,CPI m/m|Core CPI m/m|Core PPI m/m|FOMC|CPI y/y,Neutral|Bad|Neutral|Neutral|Good,1,1,0,100.0,0.0,inf,2023-04-14_2023-05-13
0.0,5,CPI m/m|Core CPI m/m|Core PPI m/m|FOMC|CPI y/y,Neutral|Neutral|Bad|Neutral|Good,1,1,0,100.0,0.0,inf,2023-07-14_2023-08-12
0.0,5,CPI m/m|Core CPI m/m|Core PPI m/m|FOMC|CPI y/y,Bad|Neutral|Bad|Neutral|Bad,1,0,1,0.0,100.0,0.0,2023-09-15_2023-10-14
0.0,5,CPI m/m|Core CPI m/m|Core PPI m/m|FOMC|CPI y/y,Bad|Neutral|Good|Neutral|Neutral,1,0,1,0.0,100.0,0.0,2023-11-16_2023-12-15
0.0,5,CPI m/m|Core CPI m/m|Core PPI m/m|FOMC|CPI y/y,Bad|Neutral|Good|Neutral|Bad,1,1,0,100.0,0.0,inf,2023-12-14_2024-01-12
0.0,5,CPI m/m|Core CPI m/m|Core PPI m/m|FOMC|CPI y/y,Good|Good|Good|Neutral|Good,1,0,1,0.0,100.0,0.0,2024-05-15_2024-06-13
0.0,5,CPI m/m|Core CPI m/m|Core PPI m/m|FOMC|CPI y/y,Bad|Bad|Neutral|Good|Bad,1,0,1,0.0,100.0,0.0,2024-09-13_2024-10-12
0.0,5,CPI m/m|Core CPI m/m|Core PPI m/m|FOMC|CPI y/y,Bad|Bad|Neutral|Neutral|Bad,1,0,1,0.0,100.0,0.0,2025-01-15_2025-02-13
0.1,5,CPI m/m|Core CPI m/m|Core PPI m/m|FOMC|CPI y/y,Neutral|Neutral|Good|Neutral|Neutral,2,0,2,0.0,100.0,0.0,2023-03-16_2023-04-14|2023-11-16_2023-12-15
0.1,5,CPI m/m|Core CPI m/m|Core PPI m/m|FOMC|CPI y/y,Neutral|Bad|Neutral|Neutral|Neutral,1,1,0,100.0,0.0,inf,2023-04-14_2023-05-13
0.1,5,CPI m/m|Core CPI m/m|Core PPI m/m|FOMC|CPI y/y,Neutral|Neutral|Neutral|Neutral|Neutral,2,1,1,50.0,50.0,1.0,2023-07-14_2023-08-12|2025-01-15_2025-02-13
0.1,5,CPI m/m|Core CPI m/m|Core PPI m/m|FOMC|CPI y/y,Bad|Neutral|Neutral|Neutral|Bad,1,0,1,0.0,100.0,0.0,2023-09-15_2023-10-14
0.1,5,CPI m/m|Core CPI m/m|Core PPI m/m|FOMC|CPI y/y,Neutral|Neutral|Good|Neutral|Bad,1,1,0,100.0,0.0,inf,2023-12-14_2024-01-12
0.1,5,CPI m/m|Core CPI m/m|Core PPI m/m|FOMC|CPI y/y,Good|Neutral|Good|Neutral|Neutral,1,0,1,0.0,100.0,0.0,2024-05-15_2024-06-13
0.1,5,CPI m/m|Core CPI m/m|Core PPI m/m|FOMC|CPI y/y,Neutral|Neutral|Neutral|Good|Bad,1,0,1,0.0,100.0,0.0,2024-09-13_2024-10-12
0.2,5,CPI m/m|Core CPI m/m|Core PPI m/m|FOMC|CPI y/y,Neutral|Neutral|Good|Neutral|Neutral,2,0,2,0.0,100.0,0.0,2023-03-16_2023-04-14|2024-05-15_2024-06-13
0.2,5,CPI m/m|Core CPI m/m|Core PPI m/m|FOMC|CPI y/y,Neutral|Neutral|Neutral|Neutral|Neutral,6,3,3,50.0,50.0,1.0,2023-04-14_2023-05-13|2023-07-14_2023-08-12|2023-09-15_2023-10-14|2023-11-16_2023-12-15|2023-12-14_2024-01-12|2025-01-15_2025-02-13
0.2,5,CPI m/m|Core CPI m/m|Core PPI m/m|FOMC|CPI y/y,Neutral|Neutral|Neutral|Good|Neutral,1,0,1,0.0,100.0,0.0,2024-09-13_2024-10-12
0.3,5,CPI m/m|Core CPI m/m|Core PPI m/m|FOMC|CPI y/y,Neutral|Neutral|Good|Neutral|Neutral,1,0,1,0.0,100.0,0.0,2023-03-16_2023-04-14
0.3,5,CPI m/m|Core CPI m/m|Core PPI m/m|FOMC|CPI y/y,Neutral|Neutral|Neutral|Neutral|Neutral,8,3,5,37.5,62.5,0.6,2023-04-14_2023-05-13|2023-07-14_2023-08-12|2023-09-15_2023-10-14|2023-11-16_2023-12-15|2023-12-14_2024-01-12|2024-05-15_2024-06-13|2024-09-13_2024-10-12|2025-01-15_2025-02-13
0.0,5,CPI m/m|PPI m/m|Core PPI m/m|FOMC|CPI y/y,Good|Good|Good|Neutral|Good,2,0,2,0.0,100.0,0.0,2023-03-16_2023-04-14|2024-05-15_2024-06-13
0.0,5,CPI m/m|PPI m/m|Core PPI m/m|FOMC|CPI y/y,Neutral|Good|Neutral|Neutral|Good,1,1,0,100.0,0.0,inf,2023-04-14_2023-05-13
0.0,5,CPI m/m|PPI m/m|Core PPI m/m|FOMC|CPI y/y,Neutral|Bad|Bad|Neutral|Good,1,1,0,100.0,0.0,inf,2023-07-14_2023-08-12
0.0,5,CPI m/m|PPI m/m|Core PPI m/m|FOMC|CPI y/y,Bad|Bad|Bad|Neutral|Bad,1,0,1,0.0,100.0,0.0,2023-09-15_2023-10-14
0.0,5,CPI m/m|PPI m/m|Core PPI m/m|FOMC|CPI y/y,Bad|Neutral|Good|Neutral|Neutral,1,0,1,0.0,100.0,0.0,2023-11-16_2023-12-15
0.0,5,CPI m/m|PPI m/m|Core PPI m/m|FOMC|CPI y/y,Bad|Good|Good|Neutral|Bad,1,1,0,100.0,0.0,inf,2023-12-14_2024-01-12
0.0,5,CPI m/m|PPI m/m|Core PPI m/m|FOMC|CPI y/y,Bad|Good|Neutral|Good|Bad,1,0,1,0.0,100.0,0.0,2024-09-13_2024-10-12
0.0,5,CPI m/m|PPI m/m|Core PPI m/m|FOMC|CPI y/y,Bad|Bad|Neutral|Neutral|Bad,1,0,1,0.0,100.0,0.0,2025-01-15_2025-02-13
0.1,5,CPI m/m|PPI m/m|Core PPI m/m|FOMC|CPI y/y,Neutral|Good|Good|Neutral|Neutral,1,0,1,0.0,100.0,0.0,2023-03-16_2023-04-14
0.1,5,CPI m/m|PPI m/m|Core PPI m/m|FOMC|CPI y/y,Neutral|Neutral|Neutral|Neutral|Neutral,2,2,0,100.0,0.0,inf,2023-04-14_2023-05-13|2023-07-14_2023-08-12
0.1,5,CPI m/m|PPI m/m|Core PPI m/m|FOMC|CPI y/y,Bad|Bad|Neutral|Neutral|Bad,1,0,1,0.0,100.0,0.0,2023-09-15_2023-10-14
0.1,5,CPI m/m|PPI m/m|Core PPI m/m|FOMC|CPI y/y,Neutral|Neutral|Good|Neutral|Neutral,1,0,1,0.0,100.0,0.0,2023-11-16_2023-12-15
0.1,5,CPI m/m|PPI m/m|Core PPI m/m|FOMC|CPI y/y,Neutral|Good|Good|Neutral|Bad,1,1,0,100.0,0.0,inf,2023-12-14_2024-01-12
0.1,5,CPI m/m|PPI m/m|Core PPI m/m|FOMC|CPI y/y,Good|Good|Good|Neutral|Neutral,1,0,1,0.0,100.0,0.0,2024-05-15_2024-06-13
0.1,5,CPI m/m|PPI m/m|Core PPI m/m|FOMC|CPI y/y,Neutral|Neutral|Neutral|Good|Bad,1,0,1,0.0,100.0,0.0,2024-09-13_2024-10-12
0.1,5,CPI m/m|PPI m/m|Core PPI m/m|FOMC|CPI y/y,Neutral|Bad|Neutral|Neutral|Neutral,1,0,1,0.0,100.0,0.0,2025-01-15_2025-02-13
0.2,5,CPI m/m|PPI m/m|Core PPI m/m|FOMC|CPI y/y,Neutral|Good|Good|Neutral|Neutral,2,0,2,0.0,100.0,0.0,2023-03-16_2023-04-14|2024-05-15_2024-06-13
0.2,5,CPI m/m|PPI m/m|Core PPI m/m|FOMC|CPI y/y,Neutral|Neutral|Neutral|Neutral|Neutral,6,3,3,50.0,50.0,1.0,2023-04-14_2023-05-13|2023-07-14_2023-08-12|2023-09-15_2023-10-14|2023-11-16_2023-12-15|2023-12-14_2024-01-12|2025-01-15_2025-02-13
0.2,5,CPI m/m|PPI m/m|Core PPI m/m|FOMC|CPI y/y,Neutral|Neutral|Neutral|Good|Neutral,1,0,1,0.0,100.0,0.0,2024-09-13_2024-10-12
0.3,5,CPI m/m|PPI m/m|Core PPI m/m|FOMC|CPI y/y,Neutral|Good|Good|Neutral|Neutral,1,0,1,0.0,100.0,0.0,2023-03-16_2023-04-14
0.3,5,CPI m/m|PPI m/m|Core PPI m/m|FOMC|CPI y/y,Neutral|Neutral|Neutral|Neutral|Neutral,7,3,4,42.9,57.1,0.75,2023-04-14_2023-05-13|2023-07-14_2023-08-12|2023-09-15_2023-10-14|2023-11-16_2023-12-15|2023-12-14_2024-01-12|2024-09-13_2024-10-12|2025-01-15_2025-02-13
0.3,5,CPI m/m|PPI m/m|Core PPI m/m|FOMC|CPI y/y,Neutral|Good|Neutral|Neutral|Neutral,1,0,1,0.0,100.0,0.0,2024-05-15_2024-06-13
0.0,5,Core CPI m/m|PPI m/m|Core PPI m/m|FOMC|CPI y/y,Neutral|Good|Good|Neutral|Good,1,0,1,0.0,100.0,0.0,2023-03-16_2023-04-14
0.0,5,Core CPI m/m|PPI m/m|Core PPI m/m|FOMC|CPI y/y,Bad|Good|Neutral|Neutral|Good,1,1,0,100.0,0.0,inf,2023-04-14_2023-05-13
0.0,5,Core CPI m/m|PPI m/m|Core PPI m/m|FOMC|CPI y/y,Neutral|Bad|Bad|Neutral|Good,1,1,0,100.0,0.0,inf,2023-07-14_2023-08-12
0.0,5,Core CPI m/m|PPI m/m|Core PPI m/m|FOMC|CPI y/y,Neutral|Bad|Bad|Neutral|Bad,1,0,1,0.0,100.0,0.0,2023-09-15_2023-10-14
0.0,5,Core CPI m/m|PPI m/m|Core PPI m/m|FOMC|CPI y/y,Neutral|Neutral|Good|Neutral|Neutral,1,0,1,0.0,100.0,0.0,2023-11-16_2023-12-15
0.0,5,Core CPI m/m|PPI m/m|Core PPI m/m|FOMC|CPI y/y,Neutral|Good|Good|Neutral|Bad,1,1,0,100.0,0.0,inf,2023-12-14_2024-01-12
0.0,5,Core CPI m/m|PPI m/m|Core PPI m/m|FOMC|CPI y/y,Good|Good|Good|Neutral|Good,1,0,1,0.0,100.0,0.0,2024-05-15_2024-06-13
0.0,5,Core CPI m/m|PPI m/m|Core PPI m/m|FOMC|CPI y/y,Bad|Good|Neutral|Good|Bad,1,0,1,0.0,100.0,0.0,2024-09-13_2024-10-12
0.0,5,Core CPI m/m|PPI m/m|Core PPI m/m|FOMC|CPI y/y,Bad|Bad|Neutral|Neutral|Bad,1,0,1,0.0,100.0,0.0,2025-01-15_2025-02-13
0.1,5,Core CPI m/m|PPI m/m|Core PPI m/m|FOMC|CPI y/y,Neutral|Good|Good|Neutral|Neutral,2,0,2,0.0,100.0,0.0,2023-03-16_2023-04-14|2024-05-15_2024-06-13
0.1,5,Core CPI m/m|PPI m/m|Core PPI m/m|FOMC|CPI y/y,Bad|Neutral|Neutral|Neutral|Neutral,1,1,0,100.0,0.0,inf,2023-04-14_2023-05-13
0.1,5,Core CPI m/m|PPI m/m|Core PPI m/m|FOMC|CPI y/y,Neutral|Neutral|Neutral|Neutral|Neutral,1,1,0,100.0,0.0,inf,2023-07-14_2023-08-12
0.1,5,Core CPI m/m|PPI m/m|Core PPI m/m|FOMC|CPI y/y,Neutral|Bad|Neutral|Neutral|Bad,1,0,1,0.0,100.0,0.0,2023-09-15_2023-10-14
0.1,5,Core CPI m/m|PPI m/m|Core PPI m/m|FOMC|CPI y/y,Neutral|Neutral|Good|Neutral|Neutral,1,0,1,0.0,100.0,0.0,2023-11-16_2023-12-15
0.1,5,Core CPI m/m|PPI m/m|Core PPI m/m|FOMC|CPI y/y,Neutral|Good|Good|Neutral|Bad,1,1,0,100.0,0.0,inf,2023-12-14_2024-01-12
0.1,5,Core CPI m/m|PPI m/m|Core PPI m/m|FOMC|CPI y/y,Neutral|Neutral|Neutral|Good|Bad,1,0,1,0.0,100.0,0.0,2024-09-13_2024-10-12
0.1,5,Core CPI m/m|PPI m/m|Core PPI m/m|FOMC|CPI y/y,Neutral|Bad|Neutral|Neutral|Neutral,1,0,1,0.0,100.0,0.0,2025-01-15_2025-02-13
0.2,5,Core CPI m/m|PPI m/m|Core PPI m/m|FOMC|CPI y/y,Neutral|Good|Good|Neutral|Neutral,2,0,2,0.0,100.0,0.0,2023-03-16_2023-04-14|2024-05-15_2024-06-13
0.2,5,Core CPI m/m|PPI m/m|Core PPI m/m|FOMC|CPI y/y,Neutral|Neutral|Neutral|Neutral|Neutral,6,3,3,50.0,50.0,1.0,2023-04-14_2023-05-13|2023-07-14_2023-08-12|2023-09-15_2023-10-14|2023-11-16_2023-12-15|2023-12-14_2024-01-12|2025-01-15_2025-02-13
0.2,5,Core CPI m/m|PPI m/m|Core PPI m/m|FOMC|CPI y/y,Neutral|Neutral|Neutral|Good|Neutral,1,0,1,0.0,100.0,0.0,2024-09-13_2024-10-12
0.3,5,Core CPI m/m|PPI m/m|Core PPI m/m|FOMC|CPI y/y,Neutral|Good|Good|Neutral|Neutral,1,0,1,0.0,100.0,0.0,2023-03-16_2023-04-14
0.3,5,Core CPI m/m|PPI m/m|Core PPI m/m|FOMC|CPI y/y,Neutral|Neutral|Neutral|Neutral|Neutral,7,3,4,42.9,57.1,0.75,2023-04-14_2023-05-13|2023-07-14_2023-08-12|2023-09-15_2023-10-14|2023-11-16_2023-12-15|2023-12-14_2024-01-12|2024-09-13_2024-10-12|2025-01-15_2025-02-13
0.3,5,Core CPI m/m|PPI m/m|Core PPI m/m|FOMC|CPI y/y,Neutral|Good|Neutral|Neutral|Neutral,1,0,1,0.0,100.0,0.0,2024-05-15_2024-06-13
0.0,6,CPI m/m|Core CPI m/m|PPI m/m|Core PPI m/m|FOMC|CPI y/y,Good|Neutral|Good|Good|Neutral|Good,1,0,1,0.0,100.0,0.0,2023-03-16_2023-04-14
0.0,6,CPI m/m|Core CPI m/m|PPI m/m|Core PPI m/m|FOMC|CPI y/y,Neutral|Bad|Good|Neutral|Neutral|Good,1,1,0,100.0,0.0,inf,2023-04-14_2023-05-13
0.0,6,CPI m/m|Core CPI m/m|PPI m/m|Core PPI m/m|FOMC|CPI y/y,Neutral|Neutral|Bad|Bad|Neutral|Good,1,1,0,100.0,0.0,inf,2023-07-14_2023-08-12
0.0,6,CPI m/m|Core CPI m/m|PPI m/m|Core PPI m/m|FOMC|CPI y/y,Bad|Neutral|Bad|Bad|Neutral|Bad,1,0,1,0.0,100.0,0.0,2023-09-15_2023-10-14
0.0,6,CPI m/m|Core CPI m/m|PPI m/m|Core PPI m/m|FOMC|CPI y/y,Bad|Neutral|Neutral|Good|Neutral|Neutral,1,0,1,0.0,100.0,0.0,2023-11-16_2023-12-15
0.0,6,CPI m/m|Core CPI m/m|PPI m/m|Core PPI m/m|FOMC|CPI y/y,Bad|Neutral|Good|Good|Neutral|Bad,1,1,0,100.0,0.0,inf,2023-12-14_2024-01-12
0.0,6,CPI m/m|Core CPI m/m|PPI m/m|Core PPI m/m|FOMC|CPI y/y,Good|Good|Good|Good|Neutral|Good,1,0,1,0.0,100.0,0.0,2024-05-15_2024-06-13
0.0,6,CPI m/m|Core CPI m/m|PPI m/m|Core PPI m/m|FOMC|CPI y/y,Bad|Bad|Good|Neutral|Good|Bad,1,0,1,0.0,100.0,0.0,2024-09-13_2024-10-12
0.0,6,CPI m/m|Core CPI m/m|PPI m/m|Core PPI m/m|FOMC|CPI y/y,Bad|Bad|Bad|Neutral|Neutral|Bad,1,0,1,0.0,100.0,0.0,2025-01-15_2025-02-13
0.1,6,CPI m/m|Core CPI m/m|PPI m/m|Core PPI m/m|FOMC|CPI y/y,Neutral|Neutral|Good|Good|Neutral|Neutral,1,0,1,0.0,100.0,0.0,2023-03-16_2023-04-14
0.1,6,CPI m/m|Core CPI m/m|PPI m/m|Core PPI m/m|FOMC|CPI y/y,Neutral|Bad|Neutral|Neutral|Neutral|Neutral,1,1,0,100.0,0.0,inf,2023-04-14_2023-05-13
0.1,6,CPI m/m|Core CPI m/m|PPI m/m|Core PPI m/m|FOMC|CPI y/y,Neutral|Neutral|Neutral|Neutral|Neutral|Neutral,1,1,0,100.0,0.0,inf,2023-07-14_2023-08-12
0.1,6,CPI m/m|Core CPI m/m|PPI m/m|Core PPI m/m|FOMC|CPI y/y,Bad|Neutral|Bad|Neutral|Neutral|Bad,1,0,1,0.0,100.0,0.0,2023-09-15_2023-10-14
0.1,6,CPI m/m|Core CPI m/m|PPI m/m|Core PPI m/m|FOMC|CPI y/y,Neutral|Neutral|Neutral|Good|Neutral|Neutral,1,0,1,0.0,100.0,0.0,2023-11-16_2023-12-15
0.1,6,CPI m/m|Core CPI m/m|PPI m/m|Core PPI m/m|FOMC|CPI y/y,Neutral|Neutral|Good|Good|Neutral|Bad,1,1,0,100.0,0.0,inf,2023-12-14_2024-01-12
0.1,6,CPI m/m|Core CPI m/m|PPI m/m|Core PPI m/m|FOMC|CPI y/y,Good|Neutral|Good|Good|Neutral|Neutral,1,0,1,0.0,100.0,0.0,2024-05-15_2024-06-13
0.1,6,CPI m/m|Core CPI m/m|PPI m/m|Core PPI m/m|FOMC|CPI y/y,Neutral|Neutral|Neutral|Neutral|Good|Bad,1,0,1,0.0,100.0,0.0,2024-09-13_2024-10-12
0.1,6,CPI m/m|Core CPI m/m|PPI m/m|Core PPI m/m|FOMC|CPI y/y,Neutral|Neutral|Bad|Neutral|Neutral|Neutral,1,0,1,0.0,100.0,0.0,2025-01-15_2025-02-13
0.2,6,CPI m/m|Core CPI m/m|PPI m/m|Core PPI m/m|FOMC|CPI y/y,Neutral|Neutral|Good|Good|Neutral|Neutral,2,0,2,0.0,100.0,0.0,2023-03-16_2023-04-14|2024-05-15_2024-06-13
0.2,6,CPI m/m|Core CPI m/m|PPI m/m|Core PPI m/m|FOMC|CPI y/y,Neutral|Neutral|Neutral|Neutral|Neutral|Neutral,6,3,3,50.0,50.0,1.0,2023-04-14_2023-05-13|2023-07-14_2023-08-12|2023-09-15_2023-10-14|2023-11-16_2023-12-15|2023-12-14_2024-01-12|2025-01-15_2025-02-13
0.2,6,CPI m/m|Core CPI m/m|PPI m/m|Core PPI m/m|FOMC|CPI y/y,Neutral|Neutral|Neutral|Neutral|Good|Neutral,1,0,1,0.0,100.0,0.0,2024-09-13_2024-10-12
0.3,6,CPI m/m|Core CPI m/m|PPI m/m|Core PPI m/m|FOMC|CPI y/y,Neutral|Neutral|Good|Good|Neutral|Neutral,1,0,1,0.0,100.0,0.0,2023-03-16_2023-04-14
0.3,6,CPI m/m|Core CPI m/m|PPI m/m|Core PPI m/m|FOMC|CPI y/y,Neutral|Neutral|Neutral|Neutral|Neutral|Neutral,7,3,4,42.9,57.1,0.75,2023-04-14_2023-05-13|2023-07-14_2023-08-12|2023-09-15_2023-10-14|2023-11-16_2023-12-15|2023-12-14_2024-01-12|2024-09-13_2024-10-12|2025-01-15_2025-02-13
0.3,6,CPI m/m|Core CPI m/m|PPI m/m|Core PPI m/m|FOMC|CPI y/y,Neutral|Neutral|Good|Neutral|Neutral|Neutral,1,0,1,0.0,100.0,0.0,2024-05-15_2024-06-13
