آستانه,تعداد_شاخص‌ها,لیست_شاخص‌ها,الگوی_وضعیت,تعداد_کل_وقوع,تعداد_ضررده,تعداد_سودده,درصد_ضررده,درصد_سودده,نسبت_شانس,دوره‌ها
0.0,1,CPI m/m,Bad,31,21,10,67.7,32.3,2.1,2018-02-10_2018-02-24|2019-11-02_2019-11-16|2019-12-02_2019-12-16|2020-03-01_2020-03-15|2020-07-14_2020-07-28|2020-08-28_2020-09-11|2021-04-10_2021-04-24|2021-05-10_2021-05-24|2021-11-06_2021-11-20|2021-12-06_2021-12-20|2022-05-05_2022-05-19|2022-07-04_2022-07-18|2022-09-02_2022-09-16|2023-10-12_2023-10-26|2023-12-11_2023-12-25|2025-09-01_2025-09-15|2019-04-06_2019-04-20|2020-11-26_2020-12-10|2021-07-09_2021-07-23|2021-10-07_2021-10-21|2022-01-05_2022-01-19|2022-02-04_2022-02-18|2022-06-04_2022-06-18|2024-02-09_2024-02-23|2024-10-06_2024-10-20|2021-06-09_2021-06-23|2024-01-10_2024-01-24|2025-02-03_2025-02-17|2019-07-05_2019-07-19|2020-07-29_2020-08-12|2024-04-09_2024-04-23
0.0,1,CPI m/m,Neutral,30,23,7,76.7,23.3,3.29,2018-03-12_2018-03-26|2018-08-09_2018-08-23|2018-11-07_2018-11-21|2018-12-07_2018-12-21|2019-01-06_2019-01-20|2019-03-07_2019-03-21|2019-06-05_2019-06-19|2019-08-04_2019-08-18|2019-09-03_2019-09-17|2020-01-01_2020-01-15|2022-03-06_2022-03-20|2022-04-05_2022-04-19|2022-12-31_2023-01-14|2023-02-14_2023-02-28|2023-03-01_2023-03-15|2023-07-29_2023-08-12|2024-03-10_2024-03-24|2024-09-06_2024-09-20|2024-11-05_2024-11-19|2025-07-03_2025-07-17|2025-08-02_2025-08-16|2025-12-30_2026-01-13|2020-10-12_2020-10-26|2023-04-30_2023-05-14|2024-08-07_2024-08-21|2025-01-04_2025-01-18|2021-01-10_2021-01-24|2021-02-24_2021-03-10|2024-12-05_2024-12-19|2023-09-12_2023-09-26
0.0,1,CPI m/m,Good,27,15,12,55.6,44.4,1.25,2018-04-11_2018-04-25|2018-04-26_2018-05-10|2018-07-10_2018-07-24|2018-10-08_2018-10-22|2019-02-05_2019-02-19|2020-03-31_2020-04-14|2020-04-30_2020-05-14|2020-05-30_2020-06-13|2022-12-01_2022-12-15|2023-03-31_2023-04-14|2023-06-29_2023-07-13|2023-11-11_2023-11-25|2024-05-09_2024-05-23|2024-07-08_2024-07-22|2025-03-05_2025-03-19|2025-04-04_2025-04-18|2025-06-03_2025-06-17|2025-10-16_2025-10-30|2026-02-13_2026-02-27|2024-06-08_2024-06-22|2020-11-11_2020-11-25|2022-11-01_2022-11-15|2023-05-30_2023-06-13|2025-05-04_2025-05-18|2021-09-07_2021-09-21|2018-09-08_2018-09-22|2022-08-03_2022-08-17
0.1,1,CPI m/m,Bad,19,13,6,68.4,31.6,2.17,2018-02-10_2018-02-24|2019-11-02_2019-11-16|2020-08-28_2020-09-11|2021-05-10_2021-05-24|2021-11-06_2021-11-20|2021-12-06_2021-12-20|2022-07-04_2022-07-18|2022-09-02_2022-09-16|2023-10-12_2023-10-26|2025-09-01_2025-09-15|2019-04-06_2019-04-20|2021-07-09_2021-07-23|2021-10-07_2021-10-21|2022-02-04_2022-02-18|2022-06-04_2022-06-18|2021-06-09_2021-06-23|2025-02-03_2025-02-17|2020-07-29_2020-08-12|2024-04-09_2024-04-23
0.1,1,CPI m/m,Neutral,59,41,18,69.5,30.5,2.28,2018-03-12_2018-03-26|2018-04-11_2018-04-25|2018-04-26_2018-05-10|2018-07-10_2018-07-24|2018-08-09_2018-08-23|2018-10-08_2018-10-22|2018-11-07_2018-11-21|2018-12-07_2018-12-21|2019-01-06_2019-01-20|2019-02-05_2019-02-19|2019-03-07_2019-03-21|2019-06-05_2019-06-19|2019-08-04_2019-08-18|2019-09-03_2019-09-17|2019-12-02_2019-12-16|2020-01-01_2020-01-15|2020-03-01_2020-03-15|2020-05-30_2020-06-13|2020-07-14_2020-07-28|2021-04-10_2021-04-24|2022-03-06_2022-03-20|2022-04-05_2022-04-19|2022-05-05_2022-05-19|2022-12-31_2023-01-14|2023-02-14_2023-02-28|2023-03-01_2023-03-15|2023-03-31_2023-04-14|2023-06-29_2023-07-13|2023-07-29_2023-08-12|2023-11-11_2023-11-25|2023-12-11_2023-12-25|2024-03-10_2024-03-24|2024-09-06_2024-09-20|2024-11-05_2024-11-19|2025-03-05_2025-03-19|2025-06-03_2025-06-17|2025-07-03_2025-07-17|2025-08-02_2025-08-16|2025-12-30_2026-01-13|2026-02-13_2026-02-27|2020-10-12_2020-10-26|2020-11-26_2020-12-10|2022-01-05_2022-01-19|2023-04-30_2023-05-14|2024-02-09_2024-02-23|2024-06-08_2024-06-22|2024-08-07_2024-08-21|2024-10-06_2024-10-20|2025-01-04_2025-01-18|2020-11-11_2020-11-25|2021-01-10_2021-01-24|2021-02-24_2021-03-10|2023-05-30_2023-06-13|2024-01-10_2024-01-24|2024-12-05_2024-12-19|2025-05-04_2025-05-18|2023-09-12_2023-09-26|2018-09-08_2018-09-22|2019-07-05_2019-07-19
0.1,1,CPI m/m,Good,10,5,5,50.0,50.0,1.0,2020-03-31_2020-04-14|2020-04-30_2020-05-14|2022-12-01_2022-12-15|2024-05-09_2024-05-23|2024-07-08_2024-07-22|2025-04-04_2025-04-18|2025-10-16_2025-10-30|2022-11-01_2022-11-15|2021-09-07_2021-09-21|2022-08-03_2022-08-17
0.2,1,CPI m/m,Neutral,83,55,28,66.3,33.7,1.96,2018-02-10_2018-02-24|2018-03-12_2018-03-26|2018-04-11_2018-04-25|2018-04-26_2018-05-10|2018-07-10_2018-07-24|2018-08-09_2018-08-23|2018-10-08_2018-10-22|2018-11-07_2018-11-21|2018-12-07_2018-12-21|2019-01-06_2019-01-20|2019-02-05_2019-02-19|2019-03-07_2019-03-21|2019-06-05_2019-06-19|2019-08-04_2019-08-18|2019-09-03_2019-09-17|2019-11-02_2019-11-16|2019-12-02_2019-12-16|2020-01-01_2020-01-15|2020-03-01_2020-03-15|2020-03-31_2020-04-14|2020-04-30_2020-05-14|2020-05-30_2020-06-13|2020-07-14_2020-07-28|2020-08-28_2020-09-11|2021-04-10_2021-04-24|2021-12-06_2021-12-20|2022-03-06_2022-03-20|2022-04-05_2022-04-19|2022-05-05_2022-05-19|2022-07-04_2022-07-18|2022-09-02_2022-09-16|2022-12-01_2022-12-15|2022-12-31_2023-01-14|2023-02-14_2023-02-28|2023-03-01_2023-03-15|2023-03-31_2023-04-14|2023-06-29_2023-07-13|2023-07-29_2023-08-12|2023-10-12_2023-10-26|2023-11-11_2023-11-25|2023-12-11_2023-12-25|2024-03-10_2024-03-24|2024-05-09_2024-05-23|2024-07-08_2024-07-22|2024-09-06_2024-09-20|2024-11-05_2024-11-19|2025-03-05_2025-03-19|2025-04-04_2025-04-18|2025-06-03_2025-06-17|2025-07-03_2025-07-17|2025-08-02_2025-08-16|2025-09-01_2025-09-15|2025-10-16_2025-10-30|2025-12-30_2026-01-13|2026-02-13_2026-02-27|2019-04-06_2019-04-20|2020-10-12_2020-10-26|2020-11-26_2020-12-10|2021-10-07_2021-10-21|2022-01-05_2022-01-19|2022-02-04_2022-02-18|2023-04-30_2023-05-14|2024-02-09_2024-02-23|2024-06-08_2024-06-22|2024-08-07_2024-08-21|2024-10-06_2024-10-20|2025-01-04_2025-01-18|2020-11-11_2020-11-25|2021-01-10_2021-01-24|2021-02-24_2021-03-10|2021-06-09_2021-06-23|2022-11-01_2022-11-15|2023-05-30_2023-06-13|2024-01-10_2024-01-24|2024-12-05_2024-12-19|2025-02-03_2025-02-17|2025-05-04_2025-05-18|2021-09-07_2021-09-21|2023-09-12_2023-09-26|2018-09-08_2018-09-22|2019-07-05_2019-07-19|2022-08-03_2022-08-17|2024-04-09_2024-04-23
0.2,1,CPI m/m,Bad,5,4,1,80.0,20.0,4.0,2021-05-10_2021-05-24|2021-11-06_2021-11-20|2021-07-09_2021-07-23|2022-06-04_2022-06-18|2020-07-29_2020-08-12
0.3,1,CPI m/m,Neutral,84,56,28,66.7,33.3,2.0,2018-02-10_2018-02-24|2018-03-12_2018-03-26|2018-04-11_2018-04-25|2018-04-26_2018-05-10|2018-07-10_2018-07-24|2018-08-09_2018-08-23|2018-10-08_2018-10-22|2018-11-07_2018-11-21|2018-12-07_2018-12-21|2019-01-06_2019-01-20|2019-02-05_2019-02-19|2019-03-07_2019-03-21|2019-06-05_2019-06-19|2019-08-04_2019-08-18|2019-09-03_2019-09-17|2019-11-02_2019-11-16|2019-12-02_2019-12-16|2020-01-01_2020-01-15|2020-03-01_2020-03-15|2020-03-31_2020-04-14|2020-04-30_2020-05-14|2020-05-30_2020-06-13|2020-07-14_2020-07-28|2020-08-28_2020-09-11|2021-04-10_2021-04-24|2021-12-06_2021-12-20|2022-03-06_2022-03-20|2022-04-05_2022-04-19|2022-05-05_2022-05-19|2022-07-04_2022-07-18|2022-09-02_2022-09-16|2022-12-01_2022-12-15|2022-12-31_2023-01-14|2023-02-14_2023-02-28|2023-03-01_2023-03-15|2023-03-31_2023-04-14|2023-06-29_2023-07-13|2023-07-29_2023-08-12|2023-10-12_2023-10-26|2023-11-11_2023-11-25|2023-12-11_2023-12-25|2024-03-10_2024-03-24|2024-05-09_2024-05-23|2024-07-08_2024-07-22|2024-09-06_2024-09-20|2024-11-05_2024-11-19|2025-03-05_2025-03-19|2025-04-04_2025-04-18|2025-06-03_2025-06-17|2025-07-03_2025-07-17|2025-08-02_2025-08-16|2025-09-01_2025-09-15|2025-10-16_2025-10-30|2025-12-30_2026-01-13|2026-02-13_2026-02-27|2019-04-06_2019-04-20|2020-10-12_2020-10-26|2020-11-26_2020-12-10|2021-10-07_2021-10-21|2022-01-05_2022-01-19|2022-02-04_2022-02-18|2023-04-30_2023-05-14|2024-02-09_2024-02-23|2024-06-08_2024-06-22|2024-08-07_2024-08-21|2024-10-06_2024-10-20|2025-01-04_2025-01-18|2020-11-11_2020-11-25|2021-01-10_2021-01-24|2021-02-24_2021-03-10|2021-06-09_2021-06-23|2022-11-01_2022-11-15|2023-05-30_2023-06-13|2024-01-10_2024-01-24|2024-12-05_2024-12-19|2025-02-03_2025-02-17|2025-05-04_2025-05-18|2021-09-07_2021-09-21|2023-09-12_2023-09-26|2018-09-08_2018-09-22|2019-07-05_2019-07-19|2020-07-29_2020-08-12|2022-08-03_2022-08-17|2024-04-09_2024-04-23
0.3,1,CPI m/m,Bad,4,3,1,75.0,25.0,3.0,2021-05-10_2021-05-24|2021-11-06_2021-11-20|2021-07-09_2021-07-23|2022-06-04_2022-06-18
0.0,1,Core CPI m/m,Bad,28,18,10,64.3,35.7,1.8,2018-02-10_2018-02-24|2019-08-04_2019-08-18|2019-09-03_2019-09-17|2020-07-14_2020-07-28|2020-08-28_2020-09-11|2021-04-10_2021-04-24|2021-05-10_2021-05-24|2021-11-06_2021-11-20|2022-05-05_2022-05-19|2022-07-04_2022-07-18|2022-09-02_2022-09-16|2023-03-01_2023-03-15|2024-03-10_2024-03-24|2024-09-06_2024-09-20|2020-11-26_2020-12-10|2021-07-09_2021-07-23|2022-01-05_2022-01-19|2022-02-04_2022-02-18|2022-06-04_2022-06-18|2023-04-30_2023-05-14|2024-02-09_2024-02-23|2024-10-06_2024-10-20|2021-06-09_2021-06-23|2025-02-03_2025-02-17|2023-09-12_2023-09-26|2019-07-05_2019-07-19|2020-07-29_2020-08-12|2024-04-09_2024-04-23
0.0,1,Core CPI m/m,Neutral,31,18,13,58.1,41.9,1.38,2018-03-12_2018-03-26|2018-04-11_2018-04-25|2018-07-10_2018-07-24|2018-08-09_2018-08-23|2018-11-07_2018-11-21|2018-12-07_2018-12-21|2019-01-06_2019-01-20|2019-02-05_2019-02-19|2019-11-02_2019-11-16|2019-12-02_2019-12-16|2020-03-01_2020-03-15|2021-12-06_2021-12-20|2022-03-06_2022-03-20|2022-12-31_2023-01-14|2023-02-14_2023-02-28|2023-03-31_2023-04-14|2023-07-29_2023-08-12|2023-10-12_2023-10-26|2023-12-11_2023-12-25|2024-05-09_2024-05-23|2024-11-05_2024-11-19|2025-08-02_2025-08-16|2025-09-01_2025-09-15|2026-02-13_2026-02-27|2020-10-12_2020-10-26|2021-10-07_2021-10-21|2024-08-07_2024-08-21|2021-01-10_2021-01-24|2023-05-30_2023-06-13|2024-01-10_2024-01-24|2024-12-05_2024-12-19
0.0,1,Core CPI m/m,Good,29,23,6,79.3,20.7,3.83,2018-04-26_2018-05-10|2018-10-08_2018-10-22|2019-03-07_2019-03-21|2019-06-05_2019-06-19|2020-01-01_2020-01-15|2020-03-31_2020-04-14|2020-04-30_2020-05-14|2020-05-30_2020-06-13|2022-04-05_2022-04-19|2022-12-01_2022-12-15|2023-06-29_2023-07-13|2023-11-11_2023-11-25|2024-07-08_2024-07-22|2025-03-05_2025-03-19|2025-04-04_2025-04-18|2025-06-03_2025-06-17|2025-07-03_2025-07-17|2025-10-16_2025-10-30|2025-12-30_2026-01-13|2019-04-06_2019-04-20|2024-06-08_2024-06-22|2025-01-04_2025-01-18|2020-11-11_2020-11-25|2021-02-24_2021-03-10|2022-11-01_2022-11-15|2025-05-04_2025-05-18|2021-09-07_2021-09-21|2018-09-08_2018-09-22|2022-08-03_2022-08-17
0.1,1,Core CPI m/m,Neutral,65,42,23,64.6,35.4,1.83,2018-02-10_2018-02-24|2018-03-12_2018-03-26|2018-04-11_2018-04-25|2018-04-26_2018-05-10|2018-07-10_2018-07-24|2018-08-09_2018-08-23|2018-10-08_2018-10-22|2018-11-07_2018-11-21|2018-12-07_2018-12-21|2019-01-06_2019-01-20|2019-02-05_2019-02-19|2019-03-07_2019-03-21|2019-06-05_2019-06-19|2019-08-04_2019-08-18|2019-09-03_2019-09-17|2019-11-02_2019-11-16|2019-12-02_2019-12-16|2020-01-01_2020-01-15|2020-03-01_2020-03-15|2020-05-30_2020-06-13|2020-07-14_2020-07-28|2021-04-10_2021-04-24|2021-12-06_2021-12-20|2022-03-06_2022-03-20|2022-12-01_2022-12-15|2022-12-31_2023-01-14|2023-02-14_2023-02-28|2023-03-01_2023-03-15|2023-03-31_2023-04-14|2023-06-29_2023-07-13|2023-07-29_2023-08-12|2023-10-12_2023-10-26|2023-11-11_2023-11-25|2023-12-11_2023-12-25|2024-05-09_2024-05-23|2024-07-08_2024-07-22|2024-09-06_2024-09-20|2024-11-05_2024-11-19|2025-03-05_2025-03-19|2025-07-03_2025-07-17|2025-08-02_2025-08-16|2025-09-01_2025-09-15|2025-10-16_2025-10-30|2025-12-30_2026-01-13|2026-02-13_2026-02-27|2019-04-06_2019-04-20|2020-10-12_2020-10-26|2020-11-26_2020-12-10|2021-10-07_2021-10-21|2022-01-05_2022-01-19|2022-02-04_2022-02-18|2022-06-04_2022-06-18|2024-06-08_2024-06-22|2024-08-07_2024-08-21|2024-10-06_2024-10-20|2025-01-04_2025-01-18|2021-01-10_2021-01-24|2021-02-24_2021-03-10|2023-05-30_2023-06-13|2024-01-10_2024-01-24|2024-12-05_2024-12-19|2025-05-04_2025-05-18|2023-09-12_2023-09-26|2018-09-08_2018-09-22|2019-07-05_2019-07-19
0.1,1,Core CPI m/m,Good,9,8,1,88.9,11.1,8.0,2020-03-31_2020-04-14|2020-04-30_2020-05-14|2022-04-05_2022-04-19|2025-04-04_2025-04-18|2025-06-03_2025-06-17|2020-11-11_2020-11-25|2022-11-01_2022-11-15|2021-09-07_2021-09-21|2022-08-03_2022-08-17
0.1,1,Core CPI m/m,Bad,14,9,5,64.3,35.7,1.8,2020-08-28_2020-09-11|2021-05-10_2021-05-24|2021-11-06_2021-11-20|2022-05-05_2022-05-19|2022-07-04_2022-07-18|2022-09-02_2022-09-16|2024-03-10_2024-03-24|2021-07-09_2021-07-23|2023-04-30_2023-05-14|2024-02-09_2024-02-23|2021-06-09_2021-06-23|2025-02-03_2025-02-17|2020-07-29_2020-08-12|2024-04-09_2024-04-23
0.2,1,Core CPI m/m,Neutral,84,55,29,65.5,34.5,1.9,2018-02-10_2018-02-24|2018-03-12_2018-03-26|2018-04-11_2018-04-25|2018-04-26_2018-05-10|2018-07-10_2018-07-24|2018-08-09_2018-08-23|2018-10-08_2018-10-22|2018-11-07_2018-11-21|2018-12-07_2018-12-21|2019-01-06_2019-01-20|2019-02-05_2019-02-19|2019-03-07_2019-03-21|2019-06-05_2019-06-19|2019-08-04_2019-08-18|2019-09-03_2019-09-17|2019-11-02_2019-11-16|2019-12-02_2019-12-16|2020-01-01_2020-01-15|2020-03-01_2020-03-15|2020-03-31_2020-04-14|2020-04-30_2020-05-14|2020-05-30_2020-06-13|2020-07-14_2020-07-28|2020-08-28_2020-09-11|2021-04-10_2021-04-24|2021-11-06_2021-11-20|2021-12-06_2021-12-20|2022-03-06_2022-03-20|2022-04-05_2022-04-19|2022-05-05_2022-05-19|2022-07-04_2022-07-18|2022-12-01_2022-12-15|2022-12-31_2023-01-14|2023-02-14_2023-02-28|2023-03-01_2023-03-15|2023-03-31_2023-04-14|2023-06-29_2023-07-13|2023-07-29_2023-08-12|2023-10-12_2023-10-26|2023-11-11_2023-11-25|2023-12-11_2023-12-25|2024-03-10_2024-03-24|2024-05-09_2024-05-23|2024-07-08_2024-07-22|2024-09-06_2024-09-20|2024-11-05_2024-11-19|2025-03-05_2025-03-19|2025-04-04_2025-04-18|2025-06-03_2025-06-17|2025-07-03_2025-07-17|2025-08-02_2025-08-16|2025-09-01_2025-09-15|2025-10-16_2025-10-30|2025-12-30_2026-01-13|2026-02-13_2026-02-27|2019-04-06_2019-04-20|2020-10-12_2020-10-26|2020-11-26_2020-12-10|2021-10-07_2021-10-21|2022-01-05_2022-01-19|2022-02-04_2022-02-18|2022-06-04_2022-06-18|2023-04-30_2023-05-14|2024-02-09_2024-02-23|2024-06-08_2024-06-22|2024-08-07_2024-08-21|2024-10-06_2024-10-20|2025-01-04_2025-01-18|2020-11-11_2020-11-25|2021-01-10_2021-01-24|2021-02-24_2021-03-10|2021-06-09_2021-06-23|2022-11-01_2022-11-15|2023-05-30_2023-06-13|2024-01-10_2024-01-24|2024-12-05_2024-12-19|2025-02-03_2025-02-17|2025-05-04_2025-05-18|2021-09-07_2021-09-21|2023-09-12_2023-09-26|2018-09-08_2018-09-22|2019-07-05_2019-07-19|2022-08-03_2022-08-17|2024-04-09_2024-04-23
0.2,1,Core CPI m/m,Bad,4,4,0,100.0,0.0,inf,2021-05-10_2021-05-24|2022-09-02_2022-09-16|2021-07-09_2021-07-23|2020-07-29_2020-08-12
0.3,1,Core CPI m/m,Neutral,85,56,29,65.9,34.1,1.93,2018-02-10_2018-02-24|2018-03-12_2018-03-26|2018-04-11_2018-04-25|2018-04-26_2018-05-10|2018-07-10_2018-07-24|2018-08-09_2018-08-23|2018-10-08_2018-10-22|2018-11-07_2018-11-21|2018-12-07_2018-12-21|2019-01-06_2019-01-20|2019-02-05_2019-02-19|2019-03-07_2019-03-21|2019-06-05_2019-06-19|2019-08-04_2019-08-18|2019-09-03_2019-09-17|2019-11-02_2019-11-16|2019-12-02_2019-12-16|2020-01-01_2020-01-15|2020-03-01_2020-03-15|2020-03-31_2020-04-14|2020-04-30_2020-05-14|2020-05-30_2020-06-13|2020-07-14_2020-07-28|2020-08-28_2020-09-11|2021-04-10_2021-04-24|2021-11-06_2021-11-20|2021-12-06_2021-12-20|2022-03-06_2022-03-20|2022-04-05_2022-04-19|2022-05-05_2022-05-19|2022-07-04_2022-07-18|2022-09-02_2022-09-16|2022-12-01_2022-12-15|2022-12-31_2023-01-14|2023-02-14_2023-02-28|2023-03-01_2023-03-15|2023-03-31_2023-04-14|2023-06-29_2023-07-13|2023-07-29_2023-08-12|2023-10-12_2023-10-26|2023-11-11_2023-11-25|2023-12-11_2023-12-25|2024-03-10_2024-03-24|2024-05-09_2024-05-23|2024-07-08_2024-07-22|2024-09-06_2024-09-20|2024-11-05_2024-11-19|2025-03-05_2025-03-19|2025-04-04_2025-04-18|2025-06-03_2025-06-17|2025-07-03_2025-07-17|2025-08-02_2025-08-16|2025-09-01_2025-09-15|2025-10-16_2025-10-30|2025-12-30_2026-01-13|2026-02-13_2026-02-27|2019-04-06_2019-04-20|2020-10-12_2020-10-26|2020-11-26_2020-12-10|2021-10-07_2021-10-21|2022-01-05_2022-01-19|2022-02-04_2022-02-18|2022-06-04_2022-06-18|2023-04-30_2023-05-14|2024-02-09_2024-02-23|2024-06-08_2024-06-22|2024-08-07_2024-08-21|2024-10-06_2024-10-20|2025-01-04_2025-01-18|2020-11-11_2020-11-25|2021-01-10_2021-01-24|2021-02-24_2021-03-10|2021-06-09_2021-06-23|2022-11-01_2022-11-15|2023-05-30_2023-06-13|2024-01-10_2024-01-24|2024-12-05_2024-12-19|2025-02-03_2025-02-17|2025-05-04_2025-05-18|2021-09-07_2021-09-21|2023-09-12_2023-09-26|2018-09-08_2018-09-22|2019-07-05_2019-07-19|2022-08-03_2022-08-17|2024-04-09_2024-04-23
0.3,1,Core CPI m/m,Bad,3,3,0,100.0,0.0,inf,2021-05-10_2021-05-24|2021-07-09_2021-07-23|2020-07-29_2020-08-12
0.0,1,PPI m/m,Neutral,14,10,4,71.4,28.6,2.5,2018-02-10_2018-02-24|2018-10-08_2018-10-22|2019-06-05_2019-06-19|2019-08-04_2019-08-18|2020-12-11_2020-12-25|2021-11-06_2021-11-20|2022-05-05_2022-05-19|2022-09-02_2022-09-16|2023-12-11_2023-12-25|2024-11-05_2024-11-19|2025-11-15_2025-11-29|2022-06-04_2022-06-18|2026-01-14_2026-01-28|2019-07-05_2019-07-19
0.0,1,PPI m/m,Bad,40,24,16,60.0,40.0,1.5,2018-03-12_2018-03-26|2018-03-27_2018-04-10|2018-07-10_2018-07-24|2018-11-07_2018-11-21|2018-12-07_2018-12-21|2019-09-03_2019-09-17|2019-11-02_2019-11-16|2020-02-15_2020-02-29|2020-03-31_2020-04-14|2020-05-30_2020-06-13|2020-08-28_2020-09-11|2021-03-11_2021-03-25|2021-03-26_2021-04-09|2021-05-10_2021-05-24|2021-12-06_2021-12-20|2022-04-05_2022-04-19|2022-07-04_2022-07-18|2022-12-01_2022-12-15|2023-02-14_2023-02-28|2023-07-29_2023-08-12|2023-09-27_2023-10-11|2024-03-10_2024-03-24|2024-05-09_2024-05-23|2024-07-08_2024-07-22|2024-09-06_2024-09-20|2025-08-02_2025-08-16|2026-01-29_2026-02-12|2026-02-13_2026-02-27|2019-04-06_2019-04-20|2020-10-12_2020-10-26|2021-07-09_2021-07-23|2022-02-04_2022-02-18|2024-02-09_2024-02-23|2020-11-11_2020-11-25|2021-06-09_2021-06-23|2024-12-05_2024-12-19|2025-02-03_2025-02-17|2021-09-07_2021-09-21|2023-09-12_2023-09-26|2020-07-29_2020-08-12
0.0,1,PPI m/m,Good,36,27,9,75.0,25.0,3.0,2018-04-26_2018-05-10|2018-08-09_2018-08-23|2019-01-06_2019-01-20|2019-02-05_2019-02-19|2019-03-07_2019-03-21|2019-12-02_2019-12-16|2020-01-01_2020-01-15|2020-03-01_2020-03-15|2020-04-30_2020-05-14|2020-06-29_2020-07-13|2022-03-06_2022-03-20|2023-03-01_2023-03-15|2023-03-31_2023-04-14|2023-06-14_2023-06-28|2023-06-29_2023-07-13|2023-11-11_2023-11-25|2025-03-05_2025-03-19|2025-04-04_2025-04-18|2025-06-03_2025-06-17|2025-07-03_2025-07-17|2025-09-01_2025-09-15|2021-10-07_2021-10-21|2022-01-05_2022-01-19|2023-01-15_2023-01-29|2023-04-30_2023-05-14|2024-06-08_2024-06-22|2024-08-07_2024-08-21|2024-10-06_2024-10-20|2025-01-04_2025-01-18|2021-01-10_2021-01-24|2022-11-01_2022-11-15|2024-01-10_2024-01-24|2025-05-04_2025-05-18|2018-09-08_2018-09-22|2022-08-03_2022-08-17|2024-04-09_2024-04-23
0.1,1,PPI m/m,Neutral,38,29,9,76.3,23.7,3.22,2018-02-10_2018-02-24|2018-03-12_2018-03-26|2018-04-26_2018-05-10|2018-07-10_2018-07-24|2018-10-08_2018-10-22|2018-12-07_2018-12-21|2019-01-06_2019-01-20|2019-03-07_2019-03-21|2019-06-05_2019-06-19|2019-08-04_2019-08-18|2019-09-03_2019-09-17|2020-01-01_2020-01-15|2020-03-31_2020-04-14|2020-08-28_2020-09-11|2020-12-11_2020-12-25|2021-03-11_2021-03-25|2021-11-06_2021-11-20|2022-05-05_2022-05-19|2022-09-02_2022-09-16|2022-12-01_2022-12-15|2023-06-29_2023-07-13|2023-07-29_2023-08-12|2023-12-11_2023-12-25|2024-07-08_2024-07-22|2024-09-06_2024-09-20|2024-11-05_2024-11-19|2025-06-03_2025-06-17|2025-11-15_2025-11-29|2021-10-07_2021-10-21|2022-06-04_2022-06-18|2023-04-30_2023-05-14|2024-08-07_2024-08-21|2024-10-06_2024-10-20|2020-11-11_2020-11-25|2021-09-07_2021-09-21|2026-01-14_2026-01-28|2019-07-05_2019-07-19|2024-04-09_2024-04-23
0.1,1,PPI m/m,Bad,27,16,11,59.3,40.7,1.45,2018-03-27_2018-04-10|2018-11-07_2018-11-21|2019-11-02_2019-11-16|2020-02-15_2020-02-29|2020-05-30_2020-06-13|2021-03-26_2021-04-09|2021-05-10_2021-05-24|2021-12-06_2021-12-20|2022-04-05_2022-04-19|2022-07-04_2022-07-18|2023-02-14_2023-02-28|2023-09-27_2023-10-11|2024-03-10_2024-03-24|2024-05-09_2024-05-23|2025-08-02_2025-08-16|2026-01-29_2026-02-12|2026-02-13_2026-02-27|2019-04-06_2019-04-20|2020-10-12_2020-10-26|2021-07-09_2021-07-23|2022-02-04_2022-02-18|2024-02-09_2024-02-23|2021-06-09_2021-06-23|2024-12-05_2024-12-19|2025-02-03_2025-02-17|2023-09-12_2023-09-26|2020-07-29_2020-08-12
0.1,1,PPI m/m,Good,25,16,9,64.0,36.0,1.78,2018-08-09_2018-08-23|2019-02-05_2019-02-19|2019-12-02_2019-12-16|2020-03-01_2020-03-15|2020-04-30_2020-05-14|2020-06-29_2020-07-13|2022-03-06_2022-03-20|2023-03-01_2023-03-15|2023-03-31_2023-04-14|2023-06-14_2023-06-28|2023-11-11_2023-11-25|2025-03-05_2025-03-19|2025-04-04_2025-04-18|2025-07-03_2025-07-17|2025-09-01_2025-09-15|2022-01-05_2022-01-19|2023-01-15_2023-01-29|2024-06-08_2024-06-22|2025-01-04_2025-01-18|2021-01-10_2021-01-24|2022-11-01_2022-11-15|2024-01-10_2024-01-24|2025-05-04_2025-05-18|2018-09-08_2018-09-22|2022-08-03_2022-08-17
0.2,1,PPI m/m,Neutral,58,42,16,72.4,27.6,2.62,2018-02-10_2018-02-24|2018-03-12_2018-03-26|2018-03-27_2018-04-10|2018-04-26_2018-05-10|2018-07-10_2018-07-24|2018-08-09_2018-08-23|2018-10-08_2018-10-22|2018-12-07_2018-12-21|2019-01-06_2019-01-20|2019-02-05_2019-02-19|2019-03-07_2019-03-21|2019-06-05_2019-06-19|2019-08-04_2019-08-18|2019-09-03_2019-09-17|2019-11-02_2019-11-16|2019-12-02_2019-12-16|2020-01-01_2020-01-15|2020-03-31_2020-04-14|2020-08-28_2020-09-11|2020-12-11_2020-12-25|2021-03-11_2021-03-25|2021-11-06_2021-11-20|2022-03-06_2022-03-20|2022-05-05_2022-05-19|2022-09-02_2022-09-16|2022-12-01_2022-12-15|2023-06-14_2023-06-28|2023-06-29_2023-07-13|2023-07-29_2023-08-12|2023-09-27_2023-10-11|2023-12-11_2023-12-25|2024-05-09_2024-05-23|2024-07-08_2024-07-22|2024-09-06_2024-09-20|2024-11-05_2024-11-19|2025-06-03_2025-06-17|2025-07-03_2025-07-17|2025-11-15_2025-11-29|2026-02-13_2026-02-27|2020-10-12_2020-10-26|2021-10-07_2021-10-21|2022-01-05_2022-01-19|2022-06-04_2022-06-18|2023-04-30_2023-05-14|2024-02-09_2024-02-23|2024-08-07_2024-08-21|2024-10-06_2024-10-20|2025-01-04_2025-01-18|2020-11-11_2020-11-25|2021-01-10_2021-01-24|2022-11-01_2022-11-15|2024-01-10_2024-01-24|2024-12-05_2024-12-19|2025-02-03_2025-02-17|2021-09-07_2021-09-21|2026-01-14_2026-01-28|2019-07-05_2019-07-19|2024-04-09_2024-04-23
0.2,1,PPI m/m,Bad,18,11,7,61.1,38.9,1.57,2018-11-07_2018-11-21|2020-02-15_2020-02-29|2020-05-30_2020-06-13|2021-03-26_2021-04-09|2021-05-10_2021-05-24|2021-12-06_2021-12-20|2022-04-05_2022-04-19|2022-07-04_2022-07-18|2023-02-14_2023-02-28|2024-03-10_2024-03-24|2025-08-02_2025-08-16|2026-01-29_2026-02-12|2019-04-06_2019-04-20|2021-07-09_2021-07-23|2022-02-04_2022-02-18|2021-06-09_2021-06-23|2023-09-12_2023-09-26|2020-07-29_2020-08-12
0.2,1,PPI m/m,Good,14,8,6,57.1,42.9,1.33,2020-03-01_2020-03-15|2020-04-30_2020-05-14|2020-06-29_2020-07-13|2023-03-01_2023-03-15|2023-03-31_2023-04-14|2023-11-11_2023-11-25|2025-03-05_2025-03-19|2025-04-04_2025-04-18|2025-09-01_2025-09-15|2023-01-15_2023-01-29|2024-06-08_2024-06-22|2025-05-04_2025-05-18|2018-09-08_2018-09-22|2022-08-03_2022-08-17
0.3,1,PPI m/m,Neutral,67,49,18,73.1,26.9,2.72,2018-02-10_2018-02-24|2018-03-12_2018-03-26|2018-03-27_2018-04-10|2018-04-26_2018-05-10|2018-07-10_2018-07-24|2018-08-09_2018-08-23|2018-10-08_2018-10-22|2018-12-07_2018-12-21|2019-01-06_2019-01-20|2019-02-05_2019-02-19|2019-03-07_2019-03-21|2019-06-05_2019-06-19|2019-08-04_2019-08-18|2019-09-03_2019-09-17|2019-11-02_2019-11-16|2019-12-02_2019-12-16|2020-01-01_2020-01-15|2020-03-31_2020-04-14|2020-08-28_2020-09-11|2020-12-11_2020-12-25|2021-03-11_2021-03-25|2021-05-10_2021-05-24|2021-11-06_2021-11-20|2022-03-06_2022-03-20|2022-04-05_2022-04-19|2022-05-05_2022-05-19|2022-09-02_2022-09-16|2022-12-01_2022-12-15|2023-02-14_2023-02-28|2023-06-14_2023-06-28|2023-06-29_2023-07-13|2023-07-29_2023-08-12|2023-09-27_2023-10-11|2023-12-11_2023-12-25|2024-03-10_2024-03-24|2024-05-09_2024-05-23|2024-07-08_2024-07-22|2024-09-06_2024-09-20|2024-11-05_2024-11-19|2025-03-05_2025-03-19|2025-06-03_2025-06-17|2025-07-03_2025-07-17|2025-11-15_2025-11-29|2026-01-29_2026-02-12|2026-02-13_2026-02-27|2019-04-06_2019-04-20|2020-10-12_2020-10-26|2021-10-07_2021-10-21|2022-01-05_2022-01-19|2022-06-04_2022-06-18|2023-04-30_2023-05-14|2024-02-09_2024-02-23|2024-08-07_2024-08-21|2024-10-06_2024-10-20|2025-01-04_2025-01-18|2020-11-11_2020-11-25|2021-01-10_2021-01-24|2022-11-01_2022-11-15|2024-01-10_2024-01-24|2024-12-05_2024-12-19|2025-02-03_2025-02-17|2021-09-07_2021-09-21|2023-09-12_2023-09-26|2026-01-14_2026-01-28|2019-07-05_2019-07-19|2020-07-29_2020-08-12|2024-04-09_2024-04-23
0.3,1,PPI m/m,Bad,10,5,5,50.0,50.0,1.0,2018-11-07_2018-11-21|2020-02-15_2020-02-29|2020-05-30_2020-06-13|2021-03-26_2021-04-09|2021-12-06_2021-12-20|2022-07-04_2022-07-18|2025-08-02_2025-08-16|2021-07-09_2021-07-23|2022-02-04_2022-02-18|2021-06-09_2021-06-23
0.3,1,PPI m/m,Good,13,7,6,53.8,46.2,1.17,2020-03-01_2020-03-15|2020-04-30_2020-05-14|2020-06-29_2020-07-13|2023-03-01_2023-03-15|2023-03-31_2023-04-14|2023-11-11_2023-11-25|2025-04-04_2025-04-18|2025-09-01_2025-09-15|2023-01-15_2023-01-29|2024-06-08_2024-06-22|2025-05-04_2025-05-18|2018-09-08_2018-09-22|2022-08-03_2022-08-17
0.0,1,Core PPI m/m,Bad,36,22,14,61.1,38.9,1.57,2018-02-10_2018-02-24|2018-03-27_2018-04-10|2018-07-10_2018-07-24|2018-11-07_2018-11-21|2018-12-07_2018-12-21|2019-02-05_2019-02-19|2019-09-03_2019-09-17|2019-11-02_2019-11-16|2020-02-15_2020-02-29|2020-03-31_2020-04-14|2020-08-28_2020-09-11|2021-03-26_2021-04-09|2021-05-10_2021-05-24|2021-12-06_2021-12-20|2022-04-05_2022-04-19|2022-09-02_2022-09-16|2022-12-01_2022-12-15|2023-02-14_2023-02-28|2023-07-29_2023-08-12|2023-09-27_2023-10-11|2024-03-10_2024-03-24|2024-05-09_2024-05-23|2024-07-08_2024-07-22|2024-09-06_2024-09-20|2025-08-02_2025-08-16|2026-01-29_2026-02-12|2026-02-13_2026-02-27|2019-04-06_2019-04-20|2020-10-12_2020-10-26|2021-07-09_2021-07-23|2022-02-04_2022-02-18|2024-02-09_2024-02-23|2021-06-09_2021-06-23|2021-09-07_2021-09-21|2019-07-05_2019-07-19|2020-07-29_2020-08-12
0.0,1,Core PPI m/m,Neutral,17,13,4,76.5,23.5,3.25,2018-03-12_2018-03-26|2018-04-26_2018-05-10|2018-10-08_2018-10-22|2019-06-05_2019-06-19|2020-05-30_2020-06-13|2021-03-11_2021-03-25|2023-06-14_2023-06-28|2024-11-05_2024-11-19|2022-01-05_2022-01-19|2023-01-15_2023-01-29|2023-04-30_2023-05-14|2024-10-06_2024-10-20|2021-01-10_2021-01-24|2024-12-05_2024-12-19|2025-02-03_2025-02-17|2023-09-12_2023-09-26|2024-04-09_2024-04-23
0.0,1,Core PPI m/m,Good,37,26,11,70.3,29.7,2.36,2018-08-09_2018-08-23|2019-01-06_2019-01-20|2019-03-07_2019-03-21|2019-08-04_2019-08-18|2019-12-02_2019-12-16|2020-01-01_2020-01-15|2020-03-01_2020-03-15|2020-04-30_2020-05-14|2020-06-29_2020-07-13|2020-12-11_2020-12-25|2021-11-06_2021-11-20|2022-03-06_2022-03-20|2022-05-05_2022-05-19|2022-07-04_2022-07-18|2023-03-01_2023-03-15|2023-03-31_2023-04-14|2023-06-29_2023-07-13|2023-11-11_2023-11-25|2023-12-11_2023-12-25|2025-03-05_2025-03-19|2025-04-04_2025-04-18|2025-06-03_2025-06-17|2025-07-03_2025-07-17|2025-09-01_2025-09-15|2025-11-15_2025-11-29|2021-10-07_2021-10-21|2022-06-04_2022-06-18|2024-06-08_2024-06-22|2024-08-07_2024-08-21|2025-01-04_2025-01-18|2020-11-11_2020-11-25|2022-11-01_2022-11-15|2024-01-10_2024-01-24|2025-05-04_2025-05-18|2026-01-14_2026-01-28|2018-09-08_2018-09-22|2022-08-03_2022-08-17
0.1,1,Core PPI m/m,Bad,24,14,10,58.3,41.7,1.4,2018-02-10_2018-02-24|2018-11-07_2018-11-21|2018-12-07_2018-12-21|2020-02-15_2020-02-29|2020-03-31_2020-04-14|2020-08-28_2020-09-11|2021-03-26_2021-04-09|2021-05-10_2021-05-24|2021-12-06_2021-12-20|2022-04-05_2022-04-19|2022-09-02_2022-09-16|2022-12-01_2022-12-15|2023-02-14_2023-02-28|2024-05-09_2024-05-23|2024-07-08_2024-07-22|2025-08-02_2025-08-16|2026-01-29_2026-02-12|2026-02-13_2026-02-27|2020-10-12_2020-10-26|2021-07-09_2021-07-23|2022-02-04_2022-02-18|2024-02-09_2024-02-23|2021-06-09_2021-06-23|2020-07-29_2020-08-12
0.1,1,Core PPI m/m,Neutral,39,28,11,71.8,28.2,2.55,2018-03-12_2018-03-26|2018-03-27_2018-04-10|2018-04-26_2018-05-10|2018-07-10_2018-07-24|2018-08-09_2018-08-23|2018-10-08_2018-10-22|2019-02-05_2019-02-19|2019-03-07_2019-03-21|2019-06-05_2019-06-19|2019-09-03_2019-09-17|2019-11-02_2019-11-16|2020-01-01_2020-01-15|2020-05-30_2020-06-13|2020-12-11_2020-12-25|2021-03-11_2021-03-25|2021-11-06_2021-11-20|2022-07-04_2022-07-18|2023-06-14_2023-06-28|2023-06-29_2023-07-13|2023-07-29_2023-08-12|2023-09-27_2023-10-11|2024-03-10_2024-03-24|2024-09-06_2024-09-20|2024-11-05_2024-11-19|2025-11-15_2025-11-29|2019-04-06_2019-04-20|2022-01-05_2022-01-19|2022-06-04_2022-06-18|2023-01-15_2023-01-29|2023-04-30_2023-05-14|2024-10-06_2024-10-20|2020-11-11_2020-11-25|2021-01-10_2021-01-24|2024-12-05_2024-12-19|2025-02-03_2025-02-17|2021-09-07_2021-09-21|2023-09-12_2023-09-26|2019-07-05_2019-07-19|2024-04-09_2024-04-23
0.1,1,Core PPI m/m,Good,27,19,8,70.4,29.6,2.38,2019-01-06_2019-01-20|2019-08-04_2019-08-18|2019-12-02_2019-12-16|2020-03-01_2020-03-15|2020-04-30_2020-05-14|2020-06-29_2020-07-13|2022-03-06_2022-03-20|2022-05-05_2022-05-19|2023-03-01_2023-03-15|2023-03-31_2023-04-14|2023-11-11_2023-11-25|2023-12-11_2023-12-25|2025-03-05_2025-03-19|2025-04-04_2025-04-18|2025-06-03_2025-06-17|2025-07-03_2025-07-17|2025-09-01_2025-09-15|2021-10-07_2021-10-21|2024-06-08_2024-06-22|2024-08-07_2024-08-21|2025-01-04_2025-01-18|2022-11-01_2022-11-15|2024-01-10_2024-01-24|2025-05-04_2025-05-18|2026-01-14_2026-01-28|2018-09-08_2018-09-22|2022-08-03_2022-08-17
0.2,1,Core PPI m/m,Neutral,59,43,16,72.9,27.1,2.69,2018-02-10_2018-02-24|2018-03-12_2018-03-26|2018-03-27_2018-04-10|2018-04-26_2018-05-10|2018-07-10_2018-07-24|2018-08-09_2018-08-23|2018-10-08_2018-10-22|2018-12-07_2018-12-21|2019-02-05_2019-02-19|2019-03-07_2019-03-21|2019-06-05_2019-06-19|2019-09-03_2019-09-17|2019-11-02_2019-11-16|2020-01-01_2020-01-15|2020-03-31_2020-04-14|2020-04-30_2020-05-14|2020-05-30_2020-06-13|2020-08-28_2020-09-11|2020-12-11_2020-12-25|2021-03-11_2021-03-25|2021-11-06_2021-11-20|2022-05-05_2022-05-19|2022-07-04_2022-07-18|2022-09-02_2022-09-16|2022-12-01_2022-12-15|2023-02-14_2023-02-28|2023-06-14_2023-06-28|2023-06-29_2023-07-13|2023-07-29_2023-08-12|2023-09-27_2023-10-11|2023-12-11_2023-12-25|2024-03-10_2024-03-24|2024-07-08_2024-07-22|2024-09-06_2024-09-20|2024-11-05_2024-11-19|2025-06-03_2025-06-17|2025-07-03_2025-07-17|2025-11-15_2025-11-29|2019-04-06_2019-04-20|2020-10-12_2020-10-26|2022-01-05_2022-01-19|2022-06-04_2022-06-18|2023-01-15_2023-01-29|2023-04-30_2023-05-14|2024-08-07_2024-08-21|2024-10-06_2024-10-20|2025-01-04_2025-01-18|2020-11-11_2020-11-25|2021-01-10_2021-01-24|2021-06-09_2021-06-23|2024-01-10_2024-01-24|2024-12-05_2024-12-19|2025-02-03_2025-02-17|2021-09-07_2021-09-21|2023-09-12_2023-09-26|2026-01-14_2026-01-28|2019-07-05_2019-07-19|2022-08-03_2022-08-17|2024-04-09_2024-04-23
0.2,1,Core PPI m/m,Bad,14,7,7,50.0,50.0,1.0,2018-11-07_2018-11-21|2020-02-15_2020-02-29|2021-03-26_2021-04-09|2021-05-10_2021-05-24|2021-12-06_2021-12-20|2022-04-05_2022-04-19|2024-05-09_2024-05-23|2025-08-02_2025-08-16|2026-01-29_2026-02-12|2026-02-13_2026-02-27|2021-07-09_2021-07-23|2022-02-04_2022-02-18|2024-02-09_2024-02-23|2020-07-29_2020-08-12
0.2,1,Core PPI m/m,Good,17,11,6,64.7,35.3,1.83,2019-01-06_2019-01-20|2019-08-04_2019-08-18|2019-12-02_2019-12-16|2020-03-01_2020-03-15|2020-06-29_2020-07-13|2022-03-06_2022-03-20|2023-03-01_2023-03-15|2023-03-31_2023-04-14|2023-11-11_2023-11-25|2025-03-05_2025-03-19|2025-04-04_2025-04-18|2025-09-01_2025-09-15|2021-10-07_2021-10-21|2024-06-08_2024-06-22|2022-11-01_2022-11-15|2025-05-04_2025-05-18|2018-09-08_2018-09-22
0.3,1,Core PPI m/m,Neutral,68,49,19,72.1,27.9,2.58,2018-02-10_2018-02-24|2018-03-12_2018-03-26|2018-03-27_2018-04-10|2018-04-26_2018-05-10|2018-07-10_2018-07-24|2018-08-09_2018-08-23|2018-10-08_2018-10-22|2018-11-07_2018-11-21|2018-12-07_2018-12-21|2019-02-05_2019-02-19|2019-03-07_2019-03-21|2019-06-05_2019-06-19|2019-09-03_2019-09-17|2019-11-02_2019-11-16|2020-01-01_2020-01-15|2020-02-15_2020-02-29|2020-03-31_2020-04-14|2020-04-30_2020-05-14|2020-05-30_2020-06-13|2020-08-28_2020-09-11|2020-12-11_2020-12-25|2021-03-11_2021-03-25|2021-05-10_2021-05-24|2021-11-06_2021-11-20|2021-12-06_2021-12-20|2022-05-05_2022-05-19|2022-07-04_2022-07-18|2022-09-02_2022-09-16|2022-12-01_2022-12-15|2023-02-14_2023-02-28|2023-06-14_2023-06-28|2023-06-29_2023-07-13|2023-07-29_2023-08-12|2023-09-27_2023-10-11|2023-11-11_2023-11-25|2023-12-11_2023-12-25|2024-03-10_2024-03-24|2024-05-09_2024-05-23|2024-07-08_2024-07-22|2024-09-06_2024-09-20|2024-11-05_2024-11-19|2025-06-03_2025-06-17|2025-07-03_2025-07-17|2025-11-15_2025-11-29|2019-04-06_2019-04-20|2020-10-12_2020-10-26|2021-10-07_2021-10-21|2022-01-05_2022-01-19|2022-06-04_2022-06-18|2023-01-15_2023-01-29|2023-04-30_2023-05-14|2024-06-08_2024-06-22|2024-08-07_2024-08-21|2024-10-06_2024-10-20|2025-01-04_2025-01-18|2020-11-11_2020-11-25|2021-01-10_2021-01-24|2021-06-09_2021-06-23|2022-11-01_2022-11-15|2024-01-10_2024-01-24|2024-12-05_2024-12-19|2025-02-03_2025-02-17|2021-09-07_2021-09-21|2023-09-12_2023-09-26|2026-01-14_2026-01-28|2019-07-05_2019-07-19|2022-08-03_2022-08-17|2024-04-09_2024-04-23
0.3,1,Core PPI m/m,Good,13,7,6,53.8,46.2,1.17,2019-01-06_2019-01-20|2019-08-04_2019-08-18|2019-12-02_2019-12-16|2020-03-01_2020-03-15|2020-06-29_2020-07-13|2022-03-06_2022-03-20|2023-03-01_2023-03-15|2023-03-31_2023-04-14|2025-03-05_2025-03-19|2025-04-04_2025-04-18|2025-09-01_2025-09-15|2025-05-04_2025-05-18|2018-09-08_2018-09-22
0.3,1,Core PPI m/m,Bad,9,5,4,55.6,44.4,1.25,2021-03-26_2021-04-09|2022-04-05_2022-04-19|2025-08-02_2025-08-16|2026-01-29_2026-02-12|2026-02-13_2026-02-27|2021-07-09_2021-07-23|2022-02-04_2022-02-18|2024-02-09_2024-02-23|2020-07-29_2020-08-12
0.0,1,FOMC,Neutral,12,11,1,91.7,8.3,11.0,2023-06-14_2023-06-28|2023-07-14_2023-07-28|2023-12-11_2023-12-25|2024-07-23_2024-08-06|2024-11-05_2024-11-19|2023-04-30_2023-05-14|2023-10-27_2023-11-10|2024-06-08_2024-06-22|2025-01-19_2025-02-02|2023-03-16_2023-03-30|2024-12-05_2024-12-19|2023-09-12_2023-09-26
0.0,1,FOMC,Good,1,1,0,100.0,0.0,inf,2024-09-06_2024-09-20
0.1,1,FOMC,Neutral,12,11,1,91.7,8.3,11.0,2023-06-14_2023-06-28|2023-07-14_2023-07-28|2023-12-11_2023-12-25|2024-07-23_2024-08-06|2024-11-05_2024-11-19|2023-04-30_2023-05-14|2023-10-27_2023-11-10|2024-06-08_2024-06-22|2025-01-19_2025-02-02|2023-03-16_2023-03-30|2024-12-05_2024-12-19|2023-09-12_2023-09-26
0.1,1,FOMC,Good,1,1,0,100.0,0.0,inf,2024-09-06_2024-09-20
0.2,1,FOMC,Neutral,12,11,1,91.7,8.3,11.0,2023-06-14_2023-06-28|2023-07-14_2023-07-28|2023-12-11_2023-12-25|2024-07-23_2024-08-06|2024-11-05_2024-11-19|2023-04-30_2023-05-14|2023-10-27_2023-11-10|2024-06-08_2024-06-22|2025-01-19_2025-02-02|2023-03-16_2023-03-30|2024-12-05_2024-12-19|2023-09-12_2023-09-26
0.2,1,FOMC,Good,1,1,0,100.0,0.0,inf,2024-09-06_2024-09-20
0.3,1,FOMC,Neutral,13,12,1,92.3,7.7,12.0,2023-06-14_2023-06-28|2023-07-14_2023-07-28|2023-12-11_2023-12-25|2024-07-23_2024-08-06|2024-09-06_2024-09-20|2024-11-05_2024-11-19|2023-04-30_2023-05-14|2023-10-27_2023-11-10|2024-06-08_2024-06-22|2025-01-19_2025-02-02|2023-03-16_2023-03-30|2024-12-05_2024-12-19|2023-09-12_2023-09-26
0.0,1,CPI y/y,Bad,31,19,12,61.3,38.7,1.58,2018-02-10_2018-02-24|2019-02-05_2019-02-19|2019-08-04_2019-08-18|2019-11-02_2019-11-16|2019-12-02_2019-12-16|2020-03-01_2020-03-15|2020-08-28_2020-09-11|2021-04-10_2021-04-24|2021-05-10_2021-05-24|2021-11-06_2021-11-20|2022-04-05_2022-04-19|2022-05-05_2022-05-19|2022-07-04_2022-07-18|2022-09-02_2022-09-16|2023-02-14_2023-02-28|2023-10-12_2023-10-26|2024-03-10_2024-03-24|2025-07-03_2025-07-17|2019-04-06_2019-04-20|2021-07-09_2021-07-23|2021-10-07_2021-10-21|2022-02-04_2022-02-18|2022-06-04_2022-06-18|2024-02-09_2024-02-23|2024-10-06_2024-10-20|2021-06-09_2021-06-23|2024-01-10_2024-01-24|2025-02-03_2025-02-17|2023-09-12_2023-09-26|2020-07-29_2020-08-12|2024-04-09_2024-04-23
0.0,1,CPI y/y,Neutral,29,22,7,75.9,24.1,3.14,2018-03-12_2018-03-26|2018-04-11_2018-04-25|2018-04-26_2018-05-10|2018-07-10_2018-07-24|2018-08-09_2018-08-23|2018-11-07_2018-11-21|2018-12-07_2018-12-21|2019-01-06_2019-01-20|2020-01-01_2020-01-15|2020-07-14_2020-07-28|2021-12-06_2021-12-20|2022-03-06_2022-03-20|2022-12-31_2023-01-14|2023-03-01_2023-03-15|2023-12-11_2023-12-25|2024-05-09_2024-05-23|2024-09-06_2024-09-20|2024-11-05_2024-11-19|2025-09-01_2025-09-15|2025-12-30_2026-01-13|2020-10-12_2020-10-26|2020-11-26_2020-12-10|2022-01-05_2022-01-19|2025-01-04_2025-01-18|2021-01-10_2021-01-24|2021-02-24_2021-03-10|2024-12-05_2024-12-19|2021-09-07_2021-09-21|2019-07-05_2019-07-19
0.0,1,CPI y/y,Good,29,18,11,62.1,37.9,1.64,2018-10-08_2018-10-22|2019-03-07_2019-03-21|2019-06-05_2019-06-19|2019-09-03_2019-09-17|2020-03-31_2020-04-14|2020-04-30_2020-05-14|2020-05-30_2020-06-13|2022-12-01_2022-12-15|2023-03-31_2023-04-14|2023-06-29_2023-07-13|2023-07-29_2023-08-12|2023-11-11_2023-11-25|2024-07-08_2024-07-22|2025-03-05_2025-03-19|2025-04-04_2025-04-18|2025-06-03_2025-06-17|2025-08-02_2025-08-16|2025-10-16_2025-10-30|2025-12-15_2025-12-29|2026-02-13_2026-02-27|2023-04-30_2023-05-14|2024-06-08_2024-06-22|2024-08-07_2024-08-21|2020-11-11_2020-11-25|2022-11-01_2022-11-15|2023-05-30_2023-06-13|2025-05-04_2025-05-18|2018-09-08_2018-09-22|2022-08-03_2022-08-17
0.1,1,CPI y/y,Bad,28,17,11,60.7,39.3,1.55,2018-02-10_2018-02-24|2019-02-05_2019-02-19|2019-08-04_2019-08-18|2019-11-02_2019-11-16|2019-12-02_2019-12-16|2020-08-28_2020-09-11|2021-04-10_2021-04-24|2021-05-10_2021-05-24|2021-11-06_2021-11-20|2022-05-05_2022-05-19|2022-07-04_2022-07-18|2022-09-02_2022-09-16|2023-02-14_2023-02-28|2023-10-12_2023-10-26|2024-03-10_2024-03-24|2025-07-03_2025-07-17|2021-07-09_2021-07-23|2021-10-07_2021-10-21|2022-02-04_2022-02-18|2022-06-04_2022-06-18|2024-02-09_2024-02-23|2024-10-06_2024-10-20|2021-06-09_2021-06-23|2024-01-10_2024-01-24|2025-02-03_2025-02-17|2023-09-12_2023-09-26|2020-07-29_2020-08-12|2024-04-09_2024-04-23
0.1,1,CPI y/y,Neutral,40,29,11,72.5,27.5,2.64,2018-03-12_2018-03-26|2018-04-11_2018-04-25|2018-04-26_2018-05-10|2018-07-10_2018-07-24|2018-08-09_2018-08-23|2018-11-07_2018-11-21|2018-12-07_2018-12-21|2019-01-06_2019-01-20|2019-06-05_2019-06-19|2020-01-01_2020-01-15|2020-03-01_2020-03-15|2020-07-14_2020-07-28|2021-12-06_2021-12-20|2022-03-06_2022-03-20|2022-04-05_2022-04-19|2022-12-31_2023-01-14|2023-03-01_2023-03-15|2023-03-31_2023-04-14|2023-07-29_2023-08-12|2023-11-11_2023-11-25|2023-12-11_2023-12-25|2024-05-09_2024-05-23|2024-09-06_2024-09-20|2024-11-05_2024-11-19|2025-08-02_2025-08-16|2025-09-01_2025-09-15|2025-12-30_2026-01-13|2019-04-06_2019-04-20|2020-10-12_2020-10-26|2020-11-26_2020-12-10|2022-01-05_2022-01-19|2023-04-30_2023-05-14|2025-01-04_2025-01-18|2021-01-10_2021-01-24|2021-02-24_2021-03-10|2023-05-30_2023-06-13|2024-12-05_2024-12-19|2021-09-07_2021-09-21|2018-09-08_2018-09-22|2019-07-05_2019-07-19
0.1,1,CPI y/y,Good,21,13,8,61.9,38.1,1.62,2018-10-08_2018-10-22|2019-03-07_2019-03-21|2019-09-03_2019-09-17|2020-03-31_2020-04-14|2020-04-30_2020-05-14|2020-05-30_2020-06-13|2022-12-01_2022-12-15|2023-06-29_2023-07-13|2024-07-08_2024-07-22|2025-03-05_2025-03-19|2025-04-04_2025-04-18|2025-06-03_2025-06-17|2025-10-16_2025-10-30|2025-12-15_2025-12-29|2026-02-13_2026-02-27|2024-06-08_2024-06-22|2024-08-07_2024-08-21|2020-11-11_2020-11-25|2022-11-01_2022-11-15|2025-05-04_2025-05-18|2022-08-03_2022-08-17
0.2,1,CPI y/y,Bad,13,7,6,53.8,46.2,1.17,2018-02-10_2018-02-24|2021-05-10_2021-05-24|2021-11-06_2021-11-20|2022-05-05_2022-05-19|2022-07-04_2022-07-18|2022-09-02_2022-09-16|2023-02-14_2023-02-28|2021-07-09_2021-07-23|2022-02-04_2022-02-18|2022-06-04_2022-06-18|2024-02-09_2024-02-23|2021-06-09_2021-06-23|2020-07-29_2020-08-12
0.2,1,CPI y/y,Neutral,73,51,22,69.9,30.1,2.32,2018-03-12_2018-03-26|2018-04-11_2018-04-25|2018-04-26_2018-05-10|2018-07-10_2018-07-24|2018-08-09_2018-08-23|2018-10-08_2018-10-22|2018-11-07_2018-11-21|2018-12-07_2018-12-21|2019-01-06_2019-01-20|2019-02-05_2019-02-19|2019-03-07_2019-03-21|2019-06-05_2019-06-19|2019-08-04_2019-08-18|2019-09-03_2019-09-17|2019-11-02_2019-11-16|2019-12-02_2019-12-16|2020-01-01_2020-01-15|2020-03-01_2020-03-15|2020-03-31_2020-04-14|2020-04-30_2020-05-14|2020-05-30_2020-06-13|2020-07-14_2020-07-28|2020-08-28_2020-09-11|2021-04-10_2021-04-24|2021-12-06_2021-12-20|2022-03-06_2022-03-20|2022-04-05_2022-04-19|2022-12-31_2023-01-14|2023-03-01_2023-03-15|2023-03-31_2023-04-14|2023-06-29_2023-07-13|2023-07-29_2023-08-12|2023-10-12_2023-10-26|2023-11-11_2023-11-25|2023-12-11_2023-12-25|2024-03-10_2024-03-24|2024-05-09_2024-05-23|2024-07-08_2024-07-22|2024-09-06_2024-09-20|2024-11-05_2024-11-19|2025-03-05_2025-03-19|2025-04-04_2025-04-18|2025-06-03_2025-06-17|2025-07-03_2025-07-17|2025-08-02_2025-08-16|2025-09-01_2025-09-15|2025-10-16_2025-10-30|2025-12-30_2026-01-13|2026-02-13_2026-02-27|2019-04-06_2019-04-20|2020-10-12_2020-10-26|2020-11-26_2020-12-10|2021-10-07_2021-10-21|2022-01-05_2022-01-19|2023-04-30_2023-05-14|2024-06-08_2024-06-22|2024-08-07_2024-08-21|2024-10-06_2024-10-20|2025-01-04_2025-01-18|2020-11-11_2020-11-25|2021-01-10_2021-01-24|2021-02-24_2021-03-10|2023-05-30_2023-06-13|2024-01-10_2024-01-24|2024-12-05_2024-12-19|2025-02-03_2025-02-17|2025-05-04_2025-05-18|2021-09-07_2021-09-21|2023-09-12_2023-09-26|2018-09-08_2018-09-22|2019-07-05_2019-07-19|2022-08-03_2022-08-17|2024-04-09_2024-04-23
0.2,1,CPI y/y,Good,3,1,2,33.3,66.7,0.5,2022-12-01_2022-12-15|2025-12-15_2025-12-29|2022-11-01_2022-11-15
0.3,1,CPI y/y,Neutral,84,56,28,66.7,33.3,2.0,2018-02-10_2018-02-24|2018-03-12_2018-03-26|2018-04-11_2018-04-25|2018-04-26_2018-05-10|2018-07-10_2018-07-24|2018-08-09_2018-08-23|2018-10-08_2018-10-22|2018-11-07_2018-11-21|2018-12-07_2018-12-21|2019-01-06_2019-01-20|2019-02-05_2019-02-19|2019-03-07_2019-03-21|2019-06-05_2019-06-19|2019-08-04_2019-08-18|2019-09-03_2019-09-17|2019-11-02_2019-11-16|2019-12-02_2019-12-16|2020-01-01_2020-01-15|2020-03-01_2020-03-15|2020-03-31_2020-04-14|2020-04-30_2020-05-14|2020-05-30_2020-06-13|2020-07-14_2020-07-28|2020-08-28_2020-09-11|2021-04-10_2021-04-24|2021-11-06_2021-11-20|2021-12-06_2021-12-20|2022-03-06_2022-03-20|2022-04-05_2022-04-19|2022-05-05_2022-05-19|2022-09-02_2022-09-16|2022-12-01_2022-12-15|2022-12-31_2023-01-14|2023-02-14_2023-02-28|2023-03-01_2023-03-15|2023-03-31_2023-04-14|2023-06-29_2023-07-13|2023-07-29_2023-08-12|2023-10-12_2023-10-26|2023-11-11_2023-11-25|2023-12-11_2023-12-25|2024-03-10_2024-03-24|2024-05-09_2024-05-23|2024-07-08_2024-07-22|2024-09-06_2024-09-20|2024-11-05_2024-11-19|2025-03-05_2025-03-19|2025-04-04_2025-04-18|2025-06-03_2025-06-17|2025-07-03_2025-07-17|2025-08-02_2025-08-16|2025-09-01_2025-09-15|2025-10-16_2025-10-30|2025-12-30_2026-01-13|2026-02-13_2026-02-27|2019-04-06_2019-04-20|2020-10-12_2020-10-26|2020-11-26_2020-12-10|2021-10-07_2021-10-21|2022-01-05_2022-01-19|2022-02-04_2022-02-18|2022-06-04_2022-06-18|2023-04-30_2023-05-14|2024-02-09_2024-02-23|2024-06-08_2024-06-22|2024-08-07_2024-08-21|2024-10-06_2024-10-20|2025-01-04_2025-01-18|2020-11-11_2020-11-25|2021-01-10_2021-01-24|2021-02-24_2021-03-10|2021-06-09_2021-06-23|2022-11-01_2022-11-15|2023-05-30_2023-06-13|2024-01-10_2024-01-24|2024-12-05_2024-12-19|2025-02-03_2025-02-17|2025-05-04_2025-05-18|2021-09-07_2021-09-21|2023-09-12_2023-09-26|2018-09-08_2018-09-22|2019-07-05_2019-07-19|2022-08-03_2022-08-17|2024-04-09_2024-04-23
0.3,1,CPI y/y,Bad,4,3,1,75.0,25.0,3.0,2021-05-10_2021-05-24|2022-07-04_2022-07-18|2021-07-09_2021-07-23|2020-07-29_2020-08-12
0.3,1,CPI y/y,Good,1,0,1,0.0,100.0,0.0,2025-12-15_2025-12-29
0.0,2,CPI m/m|Core CPI m/m,Bad|Bad,21,14,7,66.7,33.3,2.0,2018-02-10_2018-02-24|2020-07-14_2020-07-28|2020-08-28_2020-09-11|2021-04-10_2021-04-24|2021-05-10_2021-05-24|2021-11-06_2021-11-20|2022-05-05_2022-05-19|2022-07-04_2022-07-18|2022-09-02_2022-09-16|2020-11-26_2020-12-10|2021-07-09_2021-07-23|2022-01-05_2022-01-19|2022-02-04_2022-02-18|2022-06-04_2022-06-18|2024-02-09_2024-02-23|2024-10-06_2024-10-20|2021-06-09_2021-06-23|2025-02-03_2025-02-17|2019-07-05_2019-07-19|2020-07-29_2020-08-12|2024-04-09_2024-04-23
0.0,2,CPI m/m|Core CPI m/m,Neutral|Neutral,15,11,4,73.3,26.7,2.75,2018-03-12_2018-03-26|2018-08-09_2018-08-23|2018-11-07_2018-11-21|2018-12-07_2018-12-21|2019-01-06_2019-01-20|2022-03-06_2022-03-20|2022-12-31_2023-01-14|2023-02-14_2023-02-28|2023-07-29_2023-08-12|2024-11-05_2024-11-19|2025-08-02_2025-08-16|2020-10-12_2020-10-26|2024-08-07_2024-08-21|2021-01-10_2021-01-24|2024-12-05_2024-12-19
0.0,2,CPI m/m|Core CPI m/m,Good|Neutral,7,1,6,14.3,85.7,0.17,2018-04-11_2018-04-25|2018-07-10_2018-07-24|2019-02-05_2019-02-19|2023-03-31_2023-04-14|2024-05-09_2024-05-23|2026-02-13_2026-02-27|2023-05-30_2023-06-13
0.0,2,CPI m/m|Core CPI m/m,Good|Good,20,14,6,70.0,30.0,2.33,2018-04-26_2018-05-10|2018-10-08_2018-10-22|2020-03-31_2020-04-14|2020-04-30_2020-05-14|2020-05-30_2020-06-13|2022-12-01_2022-12-15|2023-06-29_2023-07-13|2023-11-11_2023-11-25|2024-07-08_2024-07-22|2025-03-05_2025-03-19|2025-04-04_2025-04-18|2025-06-03_2025-06-17|2025-10-16_2025-10-30|2024-06-08_2024-06-22|2020-11-11_2020-11-25|2022-11-01_2022-11-15|2025-05-04_2025-05-18|2021-09-07_2021-09-21|2018-09-08_2018-09-22|2022-08-03_2022-08-17
0.0,2,CPI m/m|Core CPI m/m,Neutral|Good,8,8,0,100.0,0.0,inf,2019-03-07_2019-03-21|2019-06-05_2019-06-19|2020-01-01_2020-01-15|2022-04-05_2022-04-19|2025-07-03_2025-07-17|2025-12-30_2026-01-13|2025-01-04_2025-01-18|2021-02-24_2021-03-10
0.0,2,CPI m/m|Core CPI m/m,Neutral|Bad,7,4,3,57.1,42.9,1.33,2019-08-04_2019-08-18|2019-09-03_2019-09-17|2023-03-01_2023-03-15|2024-03-10_2024-03-24|2024-09-06_2024-09-20|2023-04-30_2023-05-14|2023-09-12_2023-09-26
0.0,2,CPI m/m|Core CPI m/m,Bad|Neutral,9,6,3,66.7,33.3,2.0,2019-11-02_2019-11-16|2019-12-02_2019-12-16|2020-03-01_2020-03-15|2021-12-06_2021-12-20|2023-10-12_2023-10-26|2023-12-11_2023-12-25|2025-09-01_2025-09-15|2021-10-07_2021-10-21|2024-01-10_2024-01-24
0.0,2,CPI m/m|Core CPI m/m,Bad|Good,1,1,0,100.0,0.0,inf,2019-04-06_2019-04-20
0.1,2,CPI m/m|Core CPI m/m,Bad|Neutral,9,5,4,55.6,44.4,1.25,2018-02-10_2018-02-24|2019-11-02_2019-11-16|2021-12-06_2021-12-20|2023-10-12_2023-10-26|2025-09-01_2025-09-15|2019-04-06_2019-04-20|2021-10-07_2021-10-21|2022-02-04_2022-02-18|2022-06-04_2022-06-18
0.1,2,CPI m/m|Core CPI m/m,Neutral|Neutral,52,37,15,71.2,28.8,2.47,2018-03-12_2018-03-26|2018-04-11_2018-04-25|2018-04-26_2018-05-10|2018-07-10_2018-07-24|2018-08-09_2018-08-23|2018-10-08_2018-10-22|2018-11-07_2018-11-21|2018-12-07_2018-12-21|2019-01-06_2019-01-20|2019-02-05_2019-02-19|2019-03-07_2019-03-21|2019-06-05_2019-06-19|2019-08-04_2019-08-18|2019-09-03_2019-09-17|2019-12-02_2019-12-16|2020-01-01_2020-01-15|2020-03-01_2020-03-15|2020-05-30_2020-06-13|2020-07-14_2020-07-28|2021-04-10_2021-04-24|2022-03-06_2022-03-20|2022-12-31_2023-01-14|2023-02-14_2023-02-28|2023-03-01_2023-03-15|2023-03-31_2023-04-14|2023-06-29_2023-07-13|2023-07-29_2023-08-12|2023-11-11_2023-11-25|2023-12-11_2023-12-25|2024-09-06_2024-09-20|2024-11-05_2024-11-19|2025-03-05_2025-03-19|2025-07-03_2025-07-17|2025-08-02_2025-08-16|2025-12-30_2026-01-13|2026-02-13_2026-02-27|2020-10-12_2020-10-26|2020-11-26_2020-12-10|2022-01-05_2022-01-19|2024-06-08_2024-06-22|2024-08-07_2024-08-21|2024-10-06_2024-10-20|2025-01-04_2025-01-18|2021-01-10_2021-01-24|2021-02-24_2021-03-10|2023-05-30_2023-06-13|2024-01-10_2024-01-24|2024-12-05_2024-12-19|2025-05-04_2025-05-18|2023-09-12_2023-09-26|2018-09-08_2018-09-22|2019-07-05_2019-07-19
0.1,2,CPI m/m|Core CPI m/m,Good|Good,6,5,1,83.3,16.7,5.0,2020-03-31_2020-04-14|2020-04-30_2020-05-14|2025-04-04_2025-04-18|2022-11-01_2022-11-15|2021-09-07_2021-09-21|2022-08-03_2022-08-17
0.1,2,CPI m/m|Core CPI m/m,Bad|Bad,10,8,2,80.0,20.0,4.0,2020-08-28_2020-09-11|2021-05-10_2021-05-24|2021-11-06_2021-11-20|2022-07-04_2022-07-18|2022-09-02_2022-09-16|2021-07-09_2021-07-23|2021-06-09_2021-06-23|2025-02-03_2025-02-17|2020-07-29_2020-08-12|2024-04-09_2024-04-23
0.1,2,CPI m/m|Core CPI m/m,Neutral|Good,3,3,0,100.0,0.0,inf,2022-04-05_2022-04-19|2025-06-03_2025-06-17|2020-11-11_2020-11-25
0.1,2,CPI m/m|Core CPI m/m,Neutral|Bad,4,1,3,25.0,75.0,0.33,2022-05-05_2022-05-19|2024-03-10_2024-03-24|2023-04-30_2023-05-14|2024-02-09_2024-02-23
0.1,2,CPI m/m|Core CPI m/m,Good|Neutral,4,0,4,0.0,100.0,0.0,2022-12-01_2022-12-15|2024-05-09_2024-05-23|2024-07-08_2024-07-22|2025-10-16_2025-10-30
0.2,2,CPI m/m|Core CPI m/m,Neutral|Neutral,82,54,28,65.9,34.1,1.93,2018-02-10_2018-02-24|2018-03-12_2018-03-26|2018-04-11_2018-04-25|2018-04-26_2018-05-10|2018-07-10_2018-07-24|2018-08-09_2018-08-23|2018-10-08_2018-10-22|2018-11-07_2018-11-21|2018-12-07_2018-12-21|2019-01-06_2019-01-20|2019-02-05_2019-02-19|2019-03-07_2019-03-21|2019-06-05_2019-06-19|2019-08-04_2019-08-18|2019-09-03_2019-09-17|2019-11-02_2019-11-16|2019-12-02_2019-12-16|2020-01-01_2020-01-15|2020-03-01_2020-03-15|2020-03-31_2020-04-14|2020-04-30_2020-05-14|2020-05-30_2020-06-13|2020-07-14_2020-07-28|2020-08-28_2020-09-11|2021-04-10_2021-04-24|2021-12-06_2021-12-20|2022-03-06_2022-03-20|2022-04-05_2022-04-19|2022-05-05_2022-05-19|2022-07-04_2022-07-18|2022-12-01_2022-12-15|2022-12-31_2023-01-14|2023-02-14_2023-02-28|2023-03-01_2023-03-15|2023-03-31_2023-04-14|2023-06-29_2023-07-13|2023-07-29_2023-08-12|2023-10-12_2023-10-26|2023-11-11_2023-11-25|2023-12-11_2023-12-25|2024-03-10_2024-03-24|2024-05-09_2024-05-23|2024-07-08_2024-07-22|2024-09-06_2024-09-20|2024-11-05_2024-11-19|2025-03-05_2025-03-19|2025-04-04_2025-04-18|2025-06-03_2025-06-17|2025-07-03_2025-07-17|2025-08-02_2025-08-16|2025-09-01_2025-09-15|2025-10-16_2025-10-30|2025-12-30_2026-01-13|2026-02-13_2026-02-27|2019-04-06_2019-04-20|2020-10-12_2020-10-26|2020-11-26_2020-12-10|2021-10-07_2021-10-21|2022-01-05_2022-01-19|2022-02-04_2022-02-18|2023-04-30_2023-05-14|2024-02-09_2024-02-23|2024-06-08_2024-06-22|2024-08-07_2024-08-21|2024-10-06_2024-10-20|2025-01-04_2025-01-18|2020-11-11_2020-11-25|2021-01-10_2021-01-24|2021-02-24_2021-03-10|2021-06-09_2021-06-23|2022-11-01_2022-11-15|2023-05-30_2023-06-13|2024-01-10_2024-01-24|2024-12-05_2024-12-19|2025-02-03_2025-02-17|2025-05-04_2025-05-18|2021-09-07_2021-09-21|2023-09-12_2023-09-26|2018-09-08_2018-09-22|2019-07-05_2019-07-19|2022-08-03_2022-08-17|2024-04-09_2024-04-23
0.2,2,CPI m/m|Core CPI m/m,Bad|Bad,3,3,0,100.0,0.0,inf,2021-05-10_2021-05-24|2021-07-09_2021-07-23|2020-07-29_2020-08-12
0.2,2,CPI m/m|Core CPI m/m,Bad|Neutral,2,1,1,50.0,50.0,1.0,2021-11-06_2021-11-20|2022-06-04_2022-06-18
0.2,2,CPI m/m|Core CPI m/m,Neutral|Bad,1,1,0,100.0,0.0,inf,2022-09-02_2022-09-16
0.3,2,CPI m/m|Core CPI m/m,Neutral|Neutral,83,55,28,66.3,33.7,1.96,2018-02-10_2018-02-24|2018-03-12_2018-03-26|2018-04-11_2018-04-25|2018-04-26_2018-05-10|2018-07-10_2018-07-24|2018-08-09_2018-08-23|2018-10-08_2018-10-22|2018-11-07_2018-11-21|2018-12-07_2018-12-21|2019-01-06_2019-01-20|2019-02-05_2019-02-19|2019-03-07_2019-03-21|2019-06-05_2019-06-19|2019-08-04_2019-08-18|2019-09-03_2019-09-17|2019-11-02_2019-11-16|2019-12-02_2019-12-16|2020-01-01_2020-01-15|2020-03-01_2020-03-15|2020-03-31_2020-04-14|2020-04-30_2020-05-14|2020-05-30_2020-06-13|2020-07-14_2020-07-28|2020-08-28_2020-09-11|2021-04-10_2021-04-24|2021-12-06_2021-12-20|2022-03-06_2022-03-20|2022-04-05_2022-04-19|2022-05-05_2022-05-19|2022-07-04_2022-07-18|2022-09-02_2022-09-16|2022-12-01_2022-12-15|2022-12-31_2023-01-14|2023-02-14_2023-02-28|2023-03-01_2023-03-15|2023-03-31_2023-04-14|2023-06-29_2023-07-13|2023-07-29_2023-08-12|2023-10-12_2023-10-26|2023-11-11_2023-11-25|2023-12-11_2023-12-25|2024-03-10_2024-03-24|2024-05-09_2024-05-23|2024-07-08_2024-07-22|2024-09-06_2024-09-20|2024-11-05_2024-11-19|2025-03-05_2025-03-19|2025-04-04_2025-04-18|2025-06-03_2025-06-17|2025-07-03_2025-07-17|2025-08-02_2025-08-16|2025-09-01_2025-09-15|2025-10-16_2025-10-30|2025-12-30_2026-01-13|2026-02-13_2026-02-27|2019-04-06_2019-04-20|2020-10-12_2020-10-26|2020-11-26_2020-12-10|2021-10-07_2021-10-21|2022-01-05_2022-01-19|2022-02-04_2022-02-18|2023-04-30_2023-05-14|2024-02-09_2024-02-23|2024-06-08_2024-06-22|2024-08-07_2024-08-21|2024-10-06_2024-10-20|2025-01-04_2025-01-18|2020-11-11_2020-11-25|2021-01-10_2021-01-24|2021-02-24_2021-03-10|2021-06-09_2021-06-23|2022-11-01_2022-11-15|2023-05-30_2023-06-13|2024-01-10_2024-01-24|2024-12-05_2024-12-19|2025-02-03_2025-02-17|2025-05-04_2025-05-18|2021-09-07_2021-09-21|2023-09-12_2023-09-26|2018-09-08_2018-09-22|2019-07-05_2019-07-19|2022-08-03_2022-08-17|2024-04-09_2024-04-23
0.3,2,CPI m/m|Core CPI m/m,Bad|Bad,2,2,0,100.0,0.0,inf,2021-05-10_2021-05-24|2021-07-09_2021-07-23
0.3,2,CPI m/m|Core CPI m/m,Bad|Neutral,2,1,1,50.0,50.0,1.0,2021-11-06_2021-11-20|2022-06-04_2022-06-18
0.3,2,CPI m/m|Core CPI m/m,Neutral|Bad,1,1,0,100.0,0.0,inf,2020-07-29_2020-08-12
0.0,2,CPI m/m|PPI m/m,Bad|Neutral,7,5,2,71.4,28.6,2.5,2018-02-10_2018-02-24|2021-11-06_2021-11-20|2022-05-05_2022-05-19|2022-09-02_2022-09-16|2023-12-11_2023-12-25|2022-06-04_2022-06-18|2019-07-05_2019-07-19
0.0,2,CPI m/m|PPI m/m,Neutral|Bad,13,9,4,69.2,30.8,2.25,2018-03-12_2018-03-26|2018-11-07_2018-11-21|2018-12-07_2018-12-21|2019-09-03_2019-09-17|2022-04-05_2022-04-19|2023-02-14_2023-02-28|2023-07-29_2023-08-12|2024-03-10_2024-03-24|2024-09-06_2024-09-20|2025-08-02_2025-08-16|2020-10-12_2020-10-26|2024-12-05_2024-12-19|2023-09-12_2023-09-26
0.0,2,CPI m/m|PPI m/m,Good|Good,14,10,4,71.4,28.6,2.5,2018-04-26_2018-05-10|2019-02-05_2019-02-19|2020-04-30_2020-05-14|2023-03-31_2023-04-14|2023-06-29_2023-07-13|2023-11-11_2023-11-25|2025-03-05_2025-03-19|2025-04-04_2025-04-18|2025-06-03_2025-06-17|2024-06-08_2024-06-22|2022-11-01_2022-11-15|2025-05-04_2025-05-18|2018-09-08_2018-09-22|2022-08-03_2022-08-17
0.0,2,CPI m/m|PPI m/m,Good|Bad,9,4,5,44.4,55.6,0.8,2018-07-10_2018-07-24|2020-03-31_2020-04-14|2020-05-30_2020-06-13|2022-12-01_2022-12-15|2024-05-09_2024-05-23|2024-07-08_2024-07-22|2026-02-13_2026-02-27|2020-11-11_2020-11-25|2021-09-07_2021-09-21
0.0,2,CPI m/m|PPI m/m,Neutral|Good,11,9,2,81.8,18.2,4.5,2018-08-09_2018-08-23|2019-01-06_2019-01-20|2019-03-07_2019-03-21|2020-01-01_2020-01-15|2022-03-06_2022-03-20|2023-03-01_2023-03-15|2025-07-03_2025-07-17|2023-04-30_2023-05-14|2024-08-07_2024-08-21|2025-01-04_2025-01-18|2021-01-10_2021-01-24
0.0,2,CPI m/m|PPI m/m,Good|Neutral,1,0,1,0.0,100.0,0.0,2018-10-08_2018-10-22
0.0,2,CPI m/m|PPI m/m,Neutral|Neutral,3,2,1,66.7,33.3,2.0,2019-06-05_2019-06-19|2019-08-04_2019-08-18|2024-11-05_2024-11-19
0.0,2,CPI m/m|PPI m/m,Bad|Bad,12,7,5,58.3,41.7,1.4,2019-11-02_2019-11-16|2020-08-28_2020-09-11|2021-05-10_2021-05-24|2021-12-06_2021-12-20|2022-07-04_2022-07-18|2019-04-06_2019-04-20|2021-07-09_2021-07-23|2022-02-04_2022-02-18|2024-02-09_2024-02-23|2021-06-09_2021-06-23|2025-02-03_2025-02-17|2020-07-29_2020-08-12
0.0,2,CPI m/m|PPI m/m,Bad|Good,8,6,2,75.0,25.0,3.0,2019-12-02_2019-12-16|2020-03-01_2020-03-15|2025-09-01_2025-09-15|2021-10-07_2021-10-21|2022-01-05_2022-01-19|2024-10-06_2024-10-20|2024-01-10_2024-01-24|2024-04-09_2024-04-23
0.1,2,CPI m/m|PPI m/m,Bad|Neutral,7,6,1,85.7,14.3,6.0,2018-02-10_2018-02-24|2020-08-28_2020-09-11|2021-11-06_2021-11-20|2022-09-02_2022-09-16|2021-10-07_2021-10-21|2022-06-04_2022-06-18|2024-04-09_2024-04-23
0.1,2,CPI m/m|PPI m/m,Neutral|Neutral,23,17,6,73.9,26.1,2.83,2018-03-12_2018-03-26|2018-04-26_2018-05-10|2018-07-10_2018-07-24|2018-10-08_2018-10-22|2018-12-07_2018-12-21|2019-01-06_2019-01-20|2019-03-07_2019-03-21|2019-06-05_2019-06-19|2019-08-04_2019-08-18|2019-09-03_2019-09-17|2020-01-01_2020-01-15|2022-05-05_2022-05-19|2023-06-29_2023-07-13|2023-07-29_2023-08-12|2023-12-11_2023-12-25|2024-09-06_2024-09-20|2024-11-05_2024-11-19|2025-06-03_2025-06-17|2023-04-30_2023-05-14|2024-08-07_2024-08-21|2024-10-06_2024-10-20|2020-11-11_2020-11-25|2019-07-05_2019-07-19
0.1,2,CPI m/m|PPI m/m,Neutral|Good,17,11,6,64.7,35.3,1.83,2018-08-09_2018-08-23|2019-02-05_2019-02-19|2019-12-02_2019-12-16|2020-03-01_2020-03-15|2022-03-06_2022-03-20|2023-03-01_2023-03-15|2023-03-31_2023-04-14|2023-11-11_2023-11-25|2025-03-05_2025-03-19|2025-07-03_2025-07-17|2022-01-05_2022-01-19|2024-06-08_2024-06-22|2025-01-04_2025-01-18|2021-01-10_2021-01-24|2024-01-10_2024-01-24|2025-05-04_2025-05-18|2018-09-08_2018-09-22
0.1,2,CPI m/m|PPI m/m,Neutral|Bad,11,7,4,63.6,36.4,1.75,2018-11-07_2018-11-21|2020-05-30_2020-06-13|2022-04-05_2022-04-19|2023-02-14_2023-02-28|2024-03-10_2024-03-24|2025-08-02_2025-08-16|2026-02-13_2026-02-27|2020-10-12_2020-10-26|2024-02-09_2024-02-23|2024-12-05_2024-12-19|2023-09-12_2023-09-26
0.1,2,CPI m/m|PPI m/m,Bad|Bad,10,6,4,60.0,40.0,1.5,2019-11-02_2019-11-16|2021-05-10_2021-05-24|2021-12-06_2021-12-20|2022-07-04_2022-07-18|2019-04-06_2019-04-20|2021-07-09_2021-07-23|2022-02-04_2022-02-18|2021-06-09_2021-06-23|2025-02-03_2025-02-17|2020-07-29_2020-08-12
0.1,2,CPI m/m|PPI m/m,Good|Neutral,4,2,2,50.0,50.0,1.0,2020-03-31_2020-04-14|2022-12-01_2022-12-15|2024-07-08_2024-07-22|2021-09-07_2021-09-21
0.1,2,CPI m/m|PPI m/m,Good|Good,4,3,1,75.0,25.0,3.0,2020-04-30_2020-05-14|2025-04-04_2025-04-18|2022-11-01_2022-11-15|2022-08-03_2022-08-17
0.1,2,CPI m/m|PPI m/m,Good|Bad,1,0,1,0.0,100.0,0.0,2024-05-09_2024-05-23
0.1,2,CPI m/m|PPI m/m,Bad|Good,1,0,1,0.0,100.0,0.0,2025-09-01_2025-09-15
0.2,2,CPI m/m|PPI m/m,Neutral|Neutral,49,34,15,69.4,30.6,2.27,2018-02-10_2018-02-24|2018-03-12_2018-03-26|2018-04-26_2018-05-10|2018-07-10_2018-07-24|2018-08-09_2018-08-23|2018-10-08_2018-10-22|2018-12-07_2018-12-21|2019-01-06_2019-01-20|2019-02-05_2019-02-19|2019-03-07_2019-03-21|2019-06-05_2019-06-19|2019-08-04_2019-08-18|2019-09-03_2019-09-17|2019-11-02_2019-11-16|2019-12-02_2019-12-16|2020-01-01_2020-01-15|2020-03-31_2020-04-14|2020-08-28_2020-09-11|2022-03-06_2022-03-20|2022-05-05_2022-05-19|2022-09-02_2022-09-16|2022-12-01_2022-12-15|2023-06-29_2023-07-13|2023-07-29_2023-08-12|2023-12-11_2023-12-25|2024-05-09_2024-05-23|2024-07-08_2024-07-22|2024-09-06_2024-09-20|2024-11-05_2024-11-19|2025-06-03_2025-06-17|2025-07-03_2025-07-17|2026-02-13_2026-02-27|2020-10-12_2020-10-26|2021-10-07_2021-10-21|2022-01-05_2022-01-19|2023-04-30_2023-05-14|2024-02-09_2024-02-23|2024-08-07_2024-08-21|2024-10-06_2024-10-20|2025-01-04_2025-01-18|2020-11-11_2020-11-25|2021-01-10_2021-01-24|2022-11-01_2022-11-15|2024-01-10_2024-01-24|2024-12-05_2024-12-19|2025-02-03_2025-02-17|2021-09-07_2021-09-21|2019-07-05_2019-07-19|2024-04-09_2024-04-23
0.2,2,CPI m/m|PPI m/m,Neutral|Bad,12,7,5,58.3,41.7,1.4,2018-11-07_2018-11-21|2020-05-30_2020-06-13|2021-12-06_2021-12-20|2022-04-05_2022-04-19|2022-07-04_2022-07-18|2023-02-14_2023-02-28|2024-03-10_2024-03-24|2025-08-02_2025-08-16|2019-04-06_2019-04-20|2022-02-04_2022-02-18|2021-06-09_2021-06-23|2023-09-12_2023-09-26
0.2,2,CPI m/m|PPI m/m,Neutral|Good,12,7,5,58.3,41.7,1.4,2020-03-01_2020-03-15|2020-04-30_2020-05-14|2023-03-01_2023-03-15|2023-03-31_2023-04-14|2023-11-11_2023-11-25|2025-03-05_2025-03-19|2025-04-04_2025-04-18|2025-09-01_2025-09-15|2024-06-08_2024-06-22|2025-05-04_2025-05-18|2018-09-08_2018-09-22|2022-08-03_2022-08-17
0.2,2,CPI m/m|PPI m/m,Bad|Bad,3,3,0,100.0,0.0,inf,2021-05-10_2021-05-24|2021-07-09_2021-07-23|2020-07-29_2020-08-12
0.2,2,CPI m/m|PPI m/m,Bad|Neutral,2,1,1,50.0,50.0,1.0,2021-11-06_2021-11-20|2022-06-04_2022-06-18
0.3,2,CPI m/m|PPI m/m,Neutral|Neutral,56,39,17,69.6,30.4,2.29,2018-02-10_2018-02-24|2018-03-12_2018-03-26|2018-04-26_2018-05-10|2018-07-10_2018-07-24|2018-08-09_2018-08-23|2018-10-08_2018-10-22|2018-12-07_2018-12-21|2019-01-06_2019-01-20|2019-02-05_2019-02-19|2019-03-07_2019-03-21|2019-06-05_2019-06-19|2019-08-04_2019-08-18|2019-09-03_2019-09-17|2019-11-02_2019-11-16|2019-12-02_2019-12-16|2020-01-01_2020-01-15|2020-03-31_2020-04-14|2020-08-28_2020-09-11|2022-03-06_2022-03-20|2022-04-05_2022-04-19|2022-05-05_2022-05-19|2022-09-02_2022-09-16|2022-12-01_2022-12-15|2023-02-14_2023-02-28|2023-06-29_2023-07-13|2023-07-29_2023-08-12|2023-12-11_2023-12-25|2024-03-10_2024-03-24|2024-05-09_2024-05-23|2024-07-08_2024-07-22|2024-09-06_2024-09-20|2024-11-05_2024-11-19|2025-03-05_2025-03-19|2025-06-03_2025-06-17|2025-07-03_2025-07-17|2026-02-13_2026-02-27|2019-04-06_2019-04-20|2020-10-12_2020-10-26|2021-10-07_2021-10-21|2022-01-05_2022-01-19|2023-04-30_2023-05-14|2024-02-09_2024-02-23|2024-08-07_2024-08-21|2024-10-06_2024-10-20|2025-01-04_2025-01-18|2020-11-11_2020-11-25|2021-01-10_2021-01-24|2022-11-01_2022-11-15|2024-01-10_2024-01-24|2024-12-05_2024-12-19|2025-02-03_2025-02-17|2021-09-07_2021-09-21|2023-09-12_2023-09-26|2019-07-05_2019-07-19|2020-07-29_2020-08-12|2024-04-09_2024-04-23
0.3,2,CPI m/m|PPI m/m,Neutral|Bad,7,4,3,57.1,42.9,1.33,2018-11-07_2018-11-21|2020-05-30_2020-06-13|2021-12-06_2021-12-20|2022-07-04_2022-07-18|2025-08-02_2025-08-16|2022-02-04_2022-02-18|2021-06-09_2021-06-23
0.3,2,CPI m/m|PPI m/m,Neutral|Good,11,6,5,54.5,45.5,1.2,2020-03-01_2020-03-15|2020-04-30_2020-05-14|2023-03-01_2023-03-15|2023-03-31_2023-04-14|2023-11-11_2023-11-25|2025-04-04_2025-04-18|2025-09-01_2025-09-15|2024-06-08_2024-06-22|2025-05-04_2025-05-18|2018-09-08_2018-09-22|2022-08-03_2022-08-17
0.3,2,CPI m/m|PPI m/m,Bad|Neutral,3,2,1,66.7,33.3,2.0,2021-05-10_2021-05-24|2021-11-06_2021-11-20|2022-06-04_2022-06-18
0.3,2,CPI m/m|PPI m/m,Bad|Bad,1,1,0,100.0,0.0,inf,2021-07-09_2021-07-23
0.0,2,CPI m/m|Core PPI m/m,Bad|Bad,13,10,3,76.9,23.1,3.33,2018-02-10_2018-02-24|2019-11-02_2019-11-16|2020-08-28_2020-09-11|2021-05-10_2021-05-24|2021-12-06_2021-12-20|2022-09-02_2022-09-16|2019-04-06_2019-04-20|2021-07-09_2021-07-23|2022-02-04_2022-02-18|2024-02-09_2024-02-23|2021-06-09_2021-06-23|2019-07-05_2019-07-19|2020-07-29_2020-08-12
0.0,2,CPI m/m|Core PPI m/m,Neutral|Neutral,7,6,1,85.7,14.3,6.0,2018-03-12_2018-03-26|2019-06-05_2019-06-19|2024-11-05_2024-11-19|2023-04-30_2023-05-14|2021-01-10_2021-01-24|2024-12-05_2024-12-19|2023-09-12_2023-09-26
0.0,2,CPI m/m|Core PPI m/m,Good|Neutral,3,2,1,66.7,33.3,2.0,2018-04-26_2018-05-10|2018-10-08_2018-10-22|2020-05-30_2020-06-13
0.0,2,CPI m/m|Core PPI m/m,Good|Bad,8,2,6,25.0,75.0,0.33,2018-07-10_2018-07-24|2019-02-05_2019-02-19|2020-03-31_2020-04-14|2022-12-01_2022-12-15|2024-05-09_2024-05-23|2024-07-08_2024-07-22|2026-02-13_2026-02-27|2021-09-07_2021-09-21
0.0,2,CPI m/m|Core PPI m/m,Neutral|Good,10,7,3,70.0,30.0,2.33,2018-08-09_2018-08-23|2019-01-06_2019-01-20|2019-03-07_2019-03-21|2019-08-04_2019-08-18|2020-01-01_2020-01-15|2022-03-06_2022-03-20|2023-03-01_2023-03-15|2025-07-03_2025-07-17|2024-08-07_2024-08-21|2025-01-04_2025-01-18
0.0,2,CPI m/m|Core PPI m/m,Neutral|Bad,10,7,3,70.0,30.0,2.33,2018-11-07_2018-11-21|2018-12-07_2018-12-21|2019-09-03_2019-09-17|2022-04-05_2022-04-19|2023-02-14_2023-02-28|2023-07-29_2023-08-12|2024-03-10_2024-03-24|2024-09-06_2024-09-20|2025-08-02_2025-08-16|2020-10-12_2020-10-26
0.0,2,CPI m/m|Core PPI m/m,Bad|Good,10,5,5,50.0,50.0,1.0,2019-12-02_2019-12-16|2020-03-01_2020-03-15|2021-11-06_2021-11-20|2022-05-05_2022-05-19|2022-07-04_2022-07-18|2023-12-11_2023-12-25|2025-09-01_2025-09-15|2021-10-07_2021-10-21|2022-06-04_2022-06-18|2024-01-10_2024-01-24
0.0,2,CPI m/m|Core PPI m/m,Good|Good,13,10,3,76.9,23.1,3.33,2020-04-30_2020-05-14|2023-03-31_2023-04-14|2023-06-29_2023-07-13|2023-11-11_2023-11-25|2025-03-05_2025-03-19|2025-04-04_2025-04-18|2025-06-03_2025-06-17|2024-06-08_2024-06-22|2020-11-11_2020-11-25|2022-11-01_2022-11-15|2025-05-04_2025-05-18|2018-09-08_2018-09-22|2022-08-03_2022-08-17
0.0,2,CPI m/m|Core PPI m/m,Bad|Neutral,4,3,1,75.0,25.0,3.0,2022-01-05_2022-01-19|2024-10-06_2024-10-20|2025-02-03_2025-02-17|2024-04-09_2024-04-23
0.1,2,CPI m/m|Core PPI m/m,Bad|Bad,9,7,2,77.8,22.2,3.5,2018-02-10_2018-02-24|2020-08-28_2020-09-11|2021-05-10_2021-05-24|2021-12-06_2021-12-20|2022-09-02_2022-09-16|2021-07-09_2021-07-23|2022-02-04_2022-02-18|2021-06-09_2021-06-23|2020-07-29_2020-08-12
0.1,2,CPI m/m|Core PPI m/m,Neutral|Neutral,24,17,7,70.8,29.2,2.43,2018-03-12_2018-03-26|2018-04-26_2018-05-10|2018-07-10_2018-07-24|2018-08-09_2018-08-23|2018-10-08_2018-10-22|2019-02-05_2019-02-19|2019-03-07_2019-03-21|2019-06-05_2019-06-19|2019-09-03_2019-09-17|2020-01-01_2020-01-15|2020-05-30_2020-06-13|2023-06-29_2023-07-13|2023-07-29_2023-08-12|2024-03-10_2024-03-24|2024-09-06_2024-09-20|2024-11-05_2024-11-19|2022-01-05_2022-01-19|2023-04-30_2023-05-14|2024-10-06_2024-10-20|2020-11-11_2020-11-25|2021-01-10_2021-01-24|2024-12-05_2024-12-19|2023-09-12_2023-09-26|2019-07-05_2019-07-19
0.1,2,CPI m/m|Core PPI m/m,Neutral|Bad,8,5,3,62.5,37.5,1.67,2018-11-07_2018-11-21|2018-12-07_2018-12-21|2022-04-05_2022-04-19|2023-02-14_2023-02-28|2025-08-02_2025-08-16|2026-02-13_2026-02-27|2020-10-12_2020-10-26|2024-02-09_2024-02-23
0.1,2,CPI m/m|Core PPI m/m,Neutral|Good,19,13,6,68.4,31.6,2.17,2019-01-06_2019-01-20|2019-08-04_2019-08-18|2019-12-02_2019-12-16|2020-03-01_2020-03-15|2022-03-06_2022-03-20|2022-05-05_2022-05-19|2023-03-01_2023-03-15|2023-03-31_2023-04-14|2023-11-11_2023-11-25|2023-12-11_2023-12-25|2025-03-05_2025-03-19|2025-06-03_2025-06-17|2025-07-03_2025-07-17|2024-06-08_2024-06-22|2024-08-07_2024-08-21|2025-01-04_2025-01-18|2024-01-10_2024-01-24|2025-05-04_2025-05-18|2018-09-08_2018-09-22
0.1,2,CPI m/m|Core PPI m/m,Bad|Neutral,7,4,3,57.1,42.9,1.33,2019-11-02_2019-11-16|2021-11-06_2021-11-20|2022-07-04_2022-07-18|2019-04-06_2019-04-20|2022-06-04_2022-06-18|2025-02-03_2025-02-17|2024-04-09_2024-04-23
0.1,2,CPI m/m|Core PPI m/m,Good|Bad,4,1,3,25.0,75.0,0.33,2020-03-31_2020-04-14|2022-12-01_2022-12-15|2024-05-09_2024-05-23|2024-07-08_2024-07-22
0.1,2,CPI m/m|Core PPI m/m,Good|Good,4,3,1,75.0,25.0,3.0,2020-04-30_2020-05-14|2025-04-04_2025-04-18|2022-11-01_2022-11-15|2022-08-03_2022-08-17
0.1,2,CPI m/m|Core PPI m/m,Bad|Good,2,1,1,50.0,50.0,1.0,2025-09-01_2025-09-15|2021-10-07_2021-10-21
0.1,2,CPI m/m|Core PPI m/m,Good|Neutral,1,1,0,100.0,0.0,inf,2021-09-07_2021-09-21
0.2,2,CPI m/m|Core PPI m/m,Neutral|Neutral,49,35,14,71.4,28.6,2.5,2018-02-10_2018-02-24|2018-03-12_2018-03-26|2018-04-26_2018-05-10|2018-07-10_2018-07-24|2018-08-09_2018-08-23|2018-10-08_2018-10-22|2018-12-07_2018-12-21|2019-02-05_2019-02-19|2019-03-07_2019-03-21|2019-06-05_2019-06-19|2019-09-03_2019-09-17|2019-11-02_2019-11-16|2020-01-01_2020-01-15|2020-03-31_2020-04-14|2020-04-30_2020-05-14|2020-05-30_2020-06-13|2020-08-28_2020-09-11|2022-05-05_2022-05-19|2022-07-04_2022-07-18|2022-09-02_2022-09-16|2022-12-01_2022-12-15|2023-02-14_2023-02-28|2023-06-29_2023-07-13|2023-07-29_2023-08-12|2023-12-11_2023-12-25|2024-03-10_2024-03-24|2024-07-08_2024-07-22|2024-09-06_2024-09-20|2024-11-05_2024-11-19|2025-06-03_2025-06-17|2025-07-03_2025-07-17|2019-04-06_2019-04-20|2020-10-12_2020-10-26|2022-01-05_2022-01-19|2023-04-30_2023-05-14|2024-08-07_2024-08-21|2024-10-06_2024-10-20|2025-01-04_2025-01-18|2020-11-11_2020-11-25|2021-01-10_2021-01-24|2021-06-09_2021-06-23|2024-01-10_2024-01-24|2024-12-05_2024-12-19|2025-02-03_2025-02-17|2021-09-07_2021-09-21|2023-09-12_2023-09-26|2019-07-05_2019-07-19|2022-08-03_2022-08-17|2024-04-09_2024-04-23
0.2,2,CPI m/m|Core PPI m/m,Neutral|Bad,8,3,5,37.5,62.5,0.6,2018-11-07_2018-11-21|2021-12-06_2021-12-20|2022-04-05_2022-04-19|2024-05-09_2024-05-23|2025-08-02_2025-08-16|2026-02-13_2026-02-27|2022-02-04_2022-02-18|2024-02-09_2024-02-23
0.2,2,CPI m/m|Core PPI m/m,Neutral|Good,16,10,6,62.5,37.5,1.67,2019-01-06_2019-01-20|2019-08-04_2019-08-18|2019-12-02_2019-12-16|2020-03-01_2020-03-15|2022-03-06_2022-03-20|2023-03-01_2023-03-15|2023-03-31_2023-04-14|2023-11-11_2023-11-25|2025-03-05_2025-03-19|2025-04-04_2025-04-18|2025-09-01_2025-09-15|2021-10-07_2021-10-21|2024-06-08_2024-06-22|2022-11-01_2022-11-15|2025-05-04_2025-05-18|2018-09-08_2018-09-22
0.2,2,CPI m/m|Core PPI m/m,Bad|Bad,3,3,0,100.0,0.0,inf,2021-05-10_2021-05-24|2021-07-09_2021-07-23|2020-07-29_2020-08-12
0.2,2,CPI m/m|Core PPI m/m,Bad|Neutral,2,1,1,50.0,50.0,1.0,2021-11-06_2021-11-20|2022-06-04_2022-06-18
0.3,2,CPI m/m|Core PPI m/m,Neutral|Neutral,56,40,16,71.4,28.6,2.5,2018-02-10_2018-02-24|2018-03-12_2018-03-26|2018-04-26_2018-05-10|2018-07-10_2018-07-24|2018-08-09_2018-08-23|2018-10-08_2018-10-22|2018-11-07_2018-11-21|2018-12-07_2018-12-21|2019-02-05_2019-02-19|2019-03-07_2019-03-21|2019-06-05_2019-06-19|2019-09-03_2019-09-17|2019-11-02_2019-11-16|2020-01-01_2020-01-15|2020-03-31_2020-04-14|2020-04-30_2020-05-14|2020-05-30_2020-06-13|2020-08-28_2020-09-11|2021-12-06_2021-12-20|2022-05-05_2022-05-19|2022-07-04_2022-07-18|2022-09-02_2022-09-16|2022-12-01_2022-12-15|2023-02-14_2023-02-28|2023-06-29_2023-07-13|2023-07-29_2023-08-12|2023-11-11_2023-11-25|2023-12-11_2023-12-25|2024-03-10_2024-03-24|2024-05-09_2024-05-23|2024-07-08_2024-07-22|2024-09-06_2024-09-20|2024-11-05_2024-11-19|2025-06-03_2025-06-17|2025-07-03_2025-07-17|2019-04-06_2019-04-20|2020-10-12_2020-10-26|2021-10-07_2021-10-21|2022-01-05_2022-01-19|2023-04-30_2023-05-14|2024-06-08_2024-06-22|2024-08-07_2024-08-21|2024-10-06_2024-10-20|2025-01-04_2025-01-18|2020-11-11_2020-11-25|2021-01-10_2021-01-24|2021-06-09_2021-06-23|2022-11-01_2022-11-15|2024-01-10_2024-01-24|2024-12-05_2024-12-19|2025-02-03_2025-02-17|2021-09-07_2021-09-21|2023-09-12_2023-09-26|2019-07-05_2019-07-19|2022-08-03_2022-08-17|2024-04-09_2024-04-23
0.3,2,CPI m/m|Core PPI m/m,Neutral|Good,12,6,6,50.0,50.0,1.0,2019-01-06_2019-01-20|2019-08-04_2019-08-18|2019-12-02_2019-12-16|2020-03-01_2020-03-15|2022-03-06_2022-03-20|2023-03-01_2023-03-15|2023-03-31_2023-04-14|2025-03-05_2025-03-19|2025-04-04_2025-04-18|2025-09-01_2025-09-15|2025-05-04_2025-05-18|2018-09-08_2018-09-22
0.3,2,CPI m/m|Core PPI m/m,Bad|Neutral,3,2,1,66.7,33.3,2.0,2021-05-10_2021-05-24|2021-11-06_2021-11-20|2022-06-04_2022-06-18
0.3,2,CPI m/m|Core PPI m/m,Neutral|Bad,6,3,3,50.0,50.0,1.0,2022-04-05_2022-04-19|2025-08-02_2025-08-16|2026-02-13_2026-02-27|2022-02-04_2022-02-18|2024-02-09_2024-02-23|2020-07-29_2020-08-12
0.3,2,CPI m/m|Core PPI m/m,Bad|Bad,1,1,0,100.0,0.0,inf,2021-07-09_2021-07-23
0.0,2,CPI m/m|FOMC,Bad|Neutral,1,1,0,100.0,0.0,inf,2023-12-11_2023-12-25
0.0,2,CPI m/m|FOMC,Neutral|Good,1,1,0,100.0,0.0,inf,2024-09-06_2024-09-20
0.0,2,CPI m/m|FOMC,Neutral|Neutral,4,4,0,100.0,0.0,inf,2024-11-05_2024-11-19|2023-04-30_2023-05-14|2024-12-05_2024-12-19|2023-09-12_2023-09-26
0.0,2,CPI m/m|FOMC,Good|Neutral,1,1,0,100.0,0.0,inf,2024-06-08_2024-06-22
0.1,2,CPI m/m|FOMC,Neutral|Neutral,6,6,0,100.0,0.0,inf,2023-12-11_2023-12-25|2024-11-05_2024-11-19|2023-04-30_2023-05-14|2024-06-08_2024-06-22|2024-12-05_2024-12-19|2023-09-12_2023-09-26
0.1,2,CPI m/m|FOMC,Neutral|Good,1,1,0,100.0,0.0,inf,2024-09-06_2024-09-20
0.2,2,CPI m/m|FOMC,Neutral|Neutral,6,6,0,100.0,0.0,inf,2023-12-11_2023-12-25|2024-11-05_2024-11-19|2023-04-30_2023-05-14|2024-06-08_2024-06-22|2024-12-05_2024-12-19|2023-09-12_2023-09-26
0.2,2,CPI m/m|FOMC,Neutral|Good,1,1,0,100.0,0.0,inf,2024-09-06_2024-09-20
0.3,2,CPI m/m|FOMC,Neutral|Neutral,7,7,0,100.0,0.0,inf,2023-12-11_2023-12-25|2024-09-06_2024-09-20|2024-11-05_2024-11-19|2023-04-30_2023-05-14|2024-06-08_2024-06-22|2024-12-05_2024-12-19|2023-09-12_2023-09-26
0.0,2,CPI m/m|CPI y/y,Bad|Bad,24,16,8,66.7,33.3,2.0,2018-02-10_2018-02-24|2019-11-02_2019-11-16|2019-12-02_2019-12-16|2020-03-01_2020-03-15|2020-08-28_2020-09-11|2021-04-10_2021-04-24|2021-05-10_2021-05-24|2021-11-06_2021-11-20|2022-05-05_2022-05-19|2022-07-04_2022-07-18|2022-09-02_2022-09-16|2023-10-12_2023-10-26|2019-04-06_2019-04-20|2021-07-09_2021-07-23|2021-10-07_2021-10-21|2022-02-04_2022-02-18|2022-06-04_2022-06-18|2024-02-09_2024-02-23|2024-10-06_2024-10-20|2021-06-09_2021-06-23|2024-01-10_2024-01-24|2025-02-03_2025-02-17|2020-07-29_2020-08-12|2024-04-09_2024-04-23
0.0,2,CPI m/m|CPI y/y,Neutral|Neutral,17,14,3,82.4,17.6,4.67,2018-03-12_2018-03-26|2018-08-09_2018-08-23|2018-11-07_2018-11-21|2018-12-07_2018-12-21|2019-01-06_2019-01-20|2020-01-01_2020-01-15|2022-03-06_2022-03-20|2022-12-31_2023-01-14|2023-03-01_2023-03-15|2024-09-06_2024-09-20|2024-11-05_2024-11-19|2025-12-30_2026-01-13|2020-10-12_2020-10-26|2025-01-04_2025-01-18|2021-01-10_2021-01-24|2021-02-24_2021-03-10|2024-12-05_2024-12-19
0.0,2,CPI m/m|CPI y/y,Good|Neutral,5,3,2,60.0,40.0,1.5,2018-04-11_2018-04-25|2018-04-26_2018-05-10|2018-07-10_2018-07-24|2024-05-09_2024-05-23|2021-09-07_2021-09-21
0.0,2,CPI m/m|CPI y/y,Good|Good,21,12,9,57.1,42.9,1.33,2018-10-08_2018-10-22|2020-03-31_2020-04-14|2020-04-30_2020-05-14|2020-05-30_2020-06-13|2022-12-01_2022-12-15|2023-03-31_2023-04-14|2023-06-29_2023-07-13|2023-11-11_2023-11-25|2024-07-08_2024-07-22|2025-03-05_2025-03-19|2025-04-04_2025-04-18|2025-06-03_2025-06-17|2025-10-16_2025-10-30|2026-02-13_2026-02-27|2024-06-08_2024-06-22|2020-11-11_2020-11-25|2022-11-01_2022-11-15|2023-05-30_2023-06-13|2025-05-04_2025-05-18|2018-09-08_2018-09-22|2022-08-03_2022-08-17
0.0,2,CPI m/m|CPI y/y,Good|Bad,1,0,1,0.0,100.0,0.0,2019-02-05_2019-02-19
0.0,2,CPI m/m|CPI y/y,Neutral|Good,7,6,1,85.7,14.3,6.0,2019-03-07_2019-03-21|2019-06-05_2019-06-19|2019-09-03_2019-09-17|2023-07-29_2023-08-12|2025-08-02_2025-08-16|2023-04-30_2023-05-14|2024-08-07_2024-08-21
0.0,2,CPI m/m|CPI y/y,Neutral|Bad,6,3,3,50.0,50.0,1.0,2019-08-04_2019-08-18|2022-04-05_2022-04-19|2023-02-14_2023-02-28|2024-03-10_2024-03-24|2025-07-03_2025-07-17|2023-09-12_2023-09-26
0.0,2,CPI m/m|CPI y/y,Bad|Neutral,7,5,2,71.4,28.6,2.5,2020-07-14_2020-07-28|2021-12-06_2021-12-20|2023-12-11_2023-12-25|2025-09-01_2025-09-15|2020-11-26_2020-12-10|2022-01-05_2022-01-19|2019-07-05_2019-07-19
0.1,2,CPI m/m|CPI y/y,Bad|Bad,16,12,4,75.0,25.0,3.0,2018-02-10_2018-02-24|2019-11-02_2019-11-16|2020-08-28_2020-09-11|2021-05-10_2021-05-24|2021-11-06_2021-11-20|2022-07-04_2022-07-18|2022-09-02_2022-09-16|2023-10-12_2023-10-26|2021-07-09_2021-07-23|2021-10-07_2021-10-21|2022-02-04_2022-02-18|2022-06-04_2022-06-18|2021-06-09_2021-06-23|2025-02-03_2025-02-17|2020-07-29_2020-08-12|2024-04-09_2024-04-23
0.1,2,CPI m/m|CPI y/y,Neutral|Neutral,35,27,8,77.1,22.9,3.38,2018-03-12_2018-03-26|2018-04-11_2018-04-25|2018-04-26_2018-05-10|2018-07-10_2018-07-24|2018-08-09_2018-08-23|2018-11-07_2018-11-21|2018-12-07_2018-12-21|2019-01-06_2019-01-20|2019-06-05_2019-06-19|2020-01-01_2020-01-15|2020-03-01_2020-03-15|2020-07-14_2020-07-28|2022-03-06_2022-03-20|2022-04-05_2022-04-19|2022-12-31_2023-01-14|2023-03-01_2023-03-15|2023-03-31_2023-04-14|2023-07-29_2023-08-12|2023-11-11_2023-11-25|2023-12-11_2023-12-25|2024-09-06_2024-09-20|2024-11-05_2024-11-19|2025-08-02_2025-08-16|2025-12-30_2026-01-13|2020-10-12_2020-10-26|2020-11-26_2020-12-10|2022-01-05_2022-01-19|2023-04-30_2023-05-14|2025-01-04_2025-01-18|2021-01-10_2021-01-24|2021-02-24_2021-03-10|2023-05-30_2023-06-13|2024-12-05_2024-12-19|2018-09-08_2018-09-22|2019-07-05_2019-07-19
0.1,2,CPI m/m|CPI y/y,Neutral|Good,12,9,3,75.0,25.0,3.0,2018-10-08_2018-10-22|2019-03-07_2019-03-21|2019-09-03_2019-09-17|2020-05-30_2020-06-13|2023-06-29_2023-07-13|2025-03-05_2025-03-19|2025-06-03_2025-06-17|2026-02-13_2026-02-27|2024-06-08_2024-06-22|2024-08-07_2024-08-21|2020-11-11_2020-11-25|2025-05-04_2025-05-18
0.1,2,CPI m/m|CPI y/y,Neutral|Bad,12,5,7,41.7,58.3,0.71,2019-02-05_2019-02-19|2019-08-04_2019-08-18|2019-12-02_2019-12-16|2021-04-10_2021-04-24|2022-05-05_2022-05-19|2023-02-14_2023-02-28|2024-03-10_2024-03-24|2025-07-03_2025-07-17|2024-02-09_2024-02-23|2024-10-06_2024-10-20|2024-01-10_2024-01-24|2023-09-12_2023-09-26
0.1,2,CPI m/m|CPI y/y,Good|Good,8,4,4,50.0,50.0,1.0,2020-03-31_2020-04-14|2020-04-30_2020-05-14|2022-12-01_2022-12-15|2024-07-08_2024-07-22|2025-04-04_2025-04-18|2025-10-16_2025-10-30|2022-11-01_2022-11-15|2022-08-03_2022-08-17
0.1,2,CPI m/m|CPI y/y,Bad|Neutral,3,1,2,33.3,66.7,0.5,2021-12-06_2021-12-20|2025-09-01_2025-09-15|2019-04-06_2019-04-20
0.1,2,CPI m/m|CPI y/y,Good|Neutral,2,1,1,50.0,50.0,1.0,2024-05-09_2024-05-23|2021-09-07_2021-09-21
0.2,2,CPI m/m|CPI y/y,Neutral|Bad,8,3,5,37.5,62.5,0.6,2018-02-10_2018-02-24|2022-05-05_2022-05-19|2022-07-04_2022-07-18|2022-09-02_2022-09-16|2023-02-14_2023-02-28|2022-02-04_2022-02-18|2024-02-09_2024-02-23|2021-06-09_2021-06-23
0.2,2,CPI m/m|CPI y/y,Neutral|Neutral,73,51,22,69.9,30.1,2.32,2018-03-12_2018-03-26|2018-04-11_2018-04-25|2018-04-26_2018-05-10|2018-07-10_2018-07-24|2018-08-09_2018-08-23|2018-10-08_2018-10-22|2018-11-07_2018-11-21|2018-12-07_2018-12-21|2019-01-06_2019-01-20|2019-02-05_2019-02-19|2019-03-07_2019-03-21|2019-06-05_2019-06-19|2019-08-04_2019-08-18|2019-09-03_2019-09-17|2019-11-02_2019-11-16|2019-12-02_2019-12-16|2020-01-01_2020-01-15|2020-03-01_2020-03-15|2020-03-31_2020-04-14|2020-04-30_2020-05-14|2020-05-30_2020-06-13|2020-07-14_2020-07-28|2020-08-28_2020-09-11|2021-04-10_2021-04-24|2021-12-06_2021-12-20|2022-03-06_2022-03-20|2022-04-05_2022-04-19|2022-12-31_2023-01-14|2023-03-01_2023-03-15|2023-03-31_2023-04-14|2023-06-29_2023-07-13|2023-07-29_2023-08-12|2023-10-12_2023-10-26|2023-11-11_2023-11-25|2023-12-11_2023-12-25|2024-03-10_2024-03-24|2024-05-09_2024-05-23|2024-07-08_2024-07-22|2024-09-06_2024-09-20|2024-11-05_2024-11-19|2025-03-05_2025-03-19|2025-04-04_2025-04-18|2025-06-03_2025-06-17|2025-07-03_2025-07-17|2025-08-02_2025-08-16|2025-09-01_2025-09-15|2025-10-16_2025-10-30|2025-12-30_2026-01-13|2026-02-13_2026-02-27|2019-04-06_2019-04-20|2020-10-12_2020-10-26|2020-11-26_2020-12-10|2021-10-07_2021-10-21|2022-01-05_2022-01-19|2023-04-30_2023-05-14|2024-06-08_2024-06-22|2024-08-07_2024-08-21|2024-10-06_2024-10-20|2025-01-04_2025-01-18|2020-11-11_2020-11-25|2021-01-10_2021-01-24|2021-02-24_2021-03-10|2023-05-30_2023-06-13|2024-01-10_2024-01-24|2024-12-05_2024-12-19|2025-02-03_2025-02-17|2025-05-04_2025-05-18|2021-09-07_2021-09-21|2023-09-12_2023-09-26|2018-09-08_2018-09-22|2019-07-05_2019-07-19|2022-08-03_2022-08-17|2024-04-09_2024-04-23
0.2,2,CPI m/m|CPI y/y,Bad|Bad,5,4,1,80.0,20.0,4.0,2021-05-10_2021-05-24|2021-11-06_2021-11-20|2021-07-09_2021-07-23|2022-06-04_2022-06-18|2020-07-29_2020-08-12
0.2,2,CPI m/m|CPI y/y,Neutral|Good,2,1,1,50.0,50.0,1.0,2022-12-01_2022-12-15|2022-11-01_2022-11-15
0.3,2,CPI m/m|CPI y/y,Neutral|Neutral,82,55,27,67.1,32.9,2.04,2018-02-10_2018-02-24|2018-03-12_2018-03-26|2018-04-11_2018-04-25|2018-04-26_2018-05-10|2018-07-10_2018-07-24|2018-08-09_2018-08-23|2018-10-08_2018-10-22|2018-11-07_2018-11-21|2018-12-07_2018-12-21|2019-01-06_2019-01-20|2019-02-05_2019-02-19|2019-03-07_2019-03-21|2019-06-05_2019-06-19|2019-08-04_2019-08-18|2019-09-03_2019-09-17|2019-11-02_2019-11-16|2019-12-02_2019-12-16|2020-01-01_2020-01-15|2020-03-01_2020-03-15|2020-03-31_2020-04-14|2020-04-30_2020-05-14|2020-05-30_2020-06-13|2020-07-14_2020-07-28|2020-08-28_2020-09-11|2021-04-10_2021-04-24|2021-12-06_2021-12-20|2022-03-06_2022-03-20|2022-04-05_2022-04-19|2022-05-05_2022-05-19|2022-09-02_2022-09-16|2022-12-01_2022-12-15|2022-12-31_2023-01-14|2023-02-14_2023-02-28|2023-03-01_2023-03-15|2023-03-31_2023-04-14|2023-06-29_2023-07-13|2023-07-29_2023-08-12|2023-10-12_2023-10-26|2023-11-11_2023-11-25|2023-12-11_2023-12-25|2024-03-10_2024-03-24|2024-05-09_2024-05-23|2024-07-08_2024-07-22|2024-09-06_2024-09-20|2024-11-05_2024-11-19|2025-03-05_2025-03-19|2025-04-04_2025-04-18|2025-06-03_2025-06-17|2025-07-03_2025-07-17|2025-08-02_2025-08-16|2025-09-01_2025-09-15|2025-10-16_2025-10-30|2025-12-30_2026-01-13|2026-02-13_2026-02-27|2019-04-06_2019-04-20|2020-10-12_2020-10-26|2020-11-26_2020-12-10|2021-10-07_2021-10-21|2022-01-05_2022-01-19|2022-02-04_2022-02-18|2023-04-30_2023-05-14|2024-02-09_2024-02-23|2024-06-08_2024-06-22|2024-08-07_2024-08-21|2024-10-06_2024-10-20|2025-01-04_2025-01-18|2020-11-11_2020-11-25|2021-01-10_2021-01-24|2021-02-24_2021-03-10|2021-06-09_2021-06-23|2022-11-01_2022-11-15|2023-05-30_2023-06-13|2024-01-10_2024-01-24|2024-12-05_2024-12-19|2025-02-03_2025-02-17|2025-05-04_2025-05-18|2021-09-07_2021-09-21|2023-09-12_2023-09-26|2018-09-08_2018-09-22|2019-07-05_2019-07-19|2022-08-03_2022-08-17|2024-04-09_2024-04-23
0.3,2,CPI m/m|CPI y/y,Bad|Bad,2,2,0,100.0,0.0,inf,2021-05-10_2021-05-24|2021-07-09_2021-07-23
0.3,2,CPI m/m|CPI y/y,Bad|Neutral,2,1,1,50.0,50.0,1.0,2021-11-06_2021-11-20|2022-06-04_2022-06-18
0.3,2,CPI m/m|CPI y/y,Neutral|Bad,2,1,1,50.0,50.0,1.0,2022-07-04_2022-07-18|2020-07-29_2020-08-12
0.0,2,Core CPI m/m|PPI m/m,Bad|Neutral,7,4,3,57.1,42.9,1.33,2018-02-10_2018-02-24|2019-08-04_2019-08-18|2021-11-06_2021-11-20|2022-05-05_2022-05-19|2022-09-02_2022-09-16|2022-06-04_2022-06-18|2019-07-05_2019-07-19
0.0,2,Core CPI m/m|PPI m/m,Neutral|Bad,13,7,6,53.8,46.2,1.17,2018-03-12_2018-03-26|2018-07-10_2018-07-24|2018-11-07_2018-11-21|2018-12-07_2018-12-21|2019-11-02_2019-11-16|2021-12-06_2021-12-20|2023-02-14_2023-02-28|2023-07-29_2023-08-12|2024-05-09_2024-05-23|2025-08-02_2025-08-16|2026-02-13_2026-02-27|2020-10-12_2020-10-26|2024-12-05_2024-12-19
0.0,2,Core CPI m/m|PPI m/m,Good|Good,16,14,2,87.5,12.5,7.0,2018-04-26_2018-05-10|2019-03-07_2019-03-21|2020-01-01_2020-01-15|2020-04-30_2020-05-14|2023-06-29_2023-07-13|2023-11-11_2023-11-25|2025-03-05_2025-03-19|2025-04-04_2025-04-18|2025-06-03_2025-06-17|2025-07-03_2025-07-17|2024-06-08_2024-06-22|2025-01-04_2025-01-18|2022-11-01_2022-11-15|2025-05-04_2025-05-18|2018-09-08_2018-09-22|2022-08-03_2022-08-17
0.0,2,Core CPI m/m|PPI m/m,Neutral|Good,12,6,6,50.0,50.0,1.0,2018-08-09_2018-08-23|2019-01-06_2019-01-20|2019-02-05_2019-02-19|2019-12-02_2019-12-16|2020-03-01_2020-03-15|2022-03-06_2022-03-20|2023-03-31_2023-04-14|2025-09-01_2025-09-15|2021-10-07_2021-10-21|2024-08-07_2024-08-21|2021-01-10_2021-01-24|2024-01-10_2024-01-24
0.0,2,Core CPI m/m|PPI m/m,Good|Neutral,2,1,1,50.0,50.0,1.0,2018-10-08_2018-10-22|2019-06-05_2019-06-19
0.0,2,Core CPI m/m|PPI m/m,Bad|Bad,13,7,6,53.8,46.2,1.17,2019-09-03_2019-09-17|2020-08-28_2020-09-11|2021-05-10_2021-05-24|2022-07-04_2022-07-18|2024-03-10_2024-03-24|2024-09-06_2024-09-20|2021-07-09_2021-07-23|2022-02-04_2022-02-18|2024-02-09_2024-02-23|2021-06-09_2021-06-23|2025-02-03_2025-02-17|2023-09-12_2023-09-26|2020-07-29_2020-08-12
0.0,2,Core CPI m/m|PPI m/m,Good|Bad,8,6,2,75.0,25.0,3.0,2020-03-31_2020-04-14|2020-05-30_2020-06-13|2022-04-05_2022-04-19|2022-12-01_2022-12-15|2024-07-08_2024-07-22|2019-04-06_2019-04-20|2020-11-11_2020-11-25|2021-09-07_2021-09-21
0.0,2,Core CPI m/m|PPI m/m,Bad|Good,5,5,0,100.0,0.0,inf,2023-03-01_2023-03-15|2022-01-05_2022-01-19|2023-04-30_2023-05-14|2024-10-06_2024-10-20|2024-04-09_2024-04-23
0.0,2,Core CPI m/m|PPI m/m,Neutral|Neutral,2,2,0,100.0,0.0,inf,2023-12-11_2023-12-25|2024-11-05_2024-11-19
0.1,2,Core CPI m/m|PPI m/m,Neutral|Neutral,24,16,8,66.7,33.3,2.0,2018-02-10_2018-02-24|2018-03-12_2018-03-26|2018-04-26_2018-05-10|2018-07-10_2018-07-24|2018-10-08_2018-10-22|2018-12-07_2018-12-21|2019-01-06_2019-01-20|2019-03-07_2019-03-21|2019-06-05_2019-06-19|2019-08-04_2019-08-18|2019-09-03_2019-09-17|2020-01-01_2020-01-15|2022-12-01_2022-12-15|2023-06-29_2023-07-13|2023-07-29_2023-08-12|2023-12-11_2023-12-25|2024-07-08_2024-07-22|2024-09-06_2024-09-20|2024-11-05_2024-11-19|2021-10-07_2021-10-21|2022-06-04_2022-06-18|2024-08-07_2024-08-21|2024-10-06_2024-10-20|2019-07-05_2019-07-19
0.1,2,Core CPI m/m|PPI m/m,Neutral|Good,18,11,7,61.1,38.9,1.57,2018-08-09_2018-08-23|2019-02-05_2019-02-19|2019-12-02_2019-12-16|2020-03-01_2020-03-15|2022-03-06_2022-03-20|2023-03-01_2023-03-15|2023-03-31_2023-04-14|2023-11-11_2023-11-25|2025-03-05_2025-03-19|2025-07-03_2025-07-17|2025-09-01_2025-09-15|2022-01-05_2022-01-19|2024-06-08_2024-06-22|2025-01-04_2025-01-18|2021-01-10_2021-01-24|2024-01-10_2024-01-24|2025-05-04_2025-05-18|2018-09-08_2018-09-22
0.1,2,Core CPI m/m|PPI m/m,Neutral|Bad,13,8,5,61.5,38.5,1.6,2018-11-07_2018-11-21|2019-11-02_2019-11-16|2020-05-30_2020-06-13|2021-12-06_2021-12-20|2023-02-14_2023-02-28|2024-05-09_2024-05-23|2025-08-02_2025-08-16|2026-02-13_2026-02-27|2019-04-06_2019-04-20|2020-10-12_2020-10-26|2022-02-04_2022-02-18|2024-12-05_2024-12-19|2023-09-12_2023-09-26
0.1,2,Core CPI m/m|PPI m/m,Good|Neutral,4,4,0,100.0,0.0,inf,2020-03-31_2020-04-14|2025-06-03_2025-06-17|2020-11-11_2020-11-25|2021-09-07_2021-09-21
0.1,2,Core CPI m/m|PPI m/m,Good|Good,4,3,1,75.0,25.0,3.0,2020-04-30_2020-05-14|2025-04-04_2025-04-18|2022-11-01_2022-11-15|2022-08-03_2022-08-17
0.1,2,Core CPI m/m|PPI m/m,Bad|Neutral,6,5,1,83.3,16.7,5.0,2020-08-28_2020-09-11|2021-11-06_2021-11-20|2022-05-05_2022-05-19|2022-09-02_2022-09-16|2023-04-30_2023-05-14|2024-04-09_2024-04-23
0.1,2,Core CPI m/m|PPI m/m,Bad|Bad,8,4,4,50.0,50.0,1.0,2021-05-10_2021-05-24|2022-07-04_2022-07-18|2024-03-10_2024-03-24|2021-07-09_2021-07-23|2024-02-09_2024-02-23|2021-06-09_2021-06-23|2025-02-03_2025-02-17|2020-07-29_2020-08-12
0.1,2,Core CPI m/m|PPI m/m,Good|Bad,1,1,0,100.0,0.0,inf,2022-04-05_2022-04-19
0.2,2,Core CPI m/m|PPI m/m,Neutral|Neutral,50,34,16,68.0,32.0,2.12,2018-02-10_2018-02-24|2018-03-12_2018-03-26|2018-04-26_2018-05-10|2018-07-10_2018-07-24|2018-08-09_2018-08-23|2018-10-08_2018-10-22|2018-12-07_2018-12-21|2019-01-06_2019-01-20|2019-02-05_2019-02-19|2019-03-07_2019-03-21|2019-06-05_2019-06-19|2019-08-04_2019-08-18|2019-09-03_2019-09-17|2019-11-02_2019-11-16|2019-12-02_2019-12-16|2020-01-01_2020-01-15|2020-03-31_2020-04-14|2020-08-28_2020-09-11|2021-11-06_2021-11-20|2022-03-06_2022-03-20|2022-05-05_2022-05-19|2022-12-01_2022-12-15|2023-06-29_2023-07-13|2023-07-29_2023-08-12|2023-12-11_2023-12-25|2024-05-09_2024-05-23|2024-07-08_2024-07-22|2024-09-06_2024-09-20|2024-11-05_2024-11-19|2025-06-03_2025-06-17|2025-07-03_2025-07-17|2026-02-13_2026-02-27|2020-10-12_2020-10-26|2021-10-07_2021-10-21|2022-01-05_2022-01-19|2022-06-04_2022-06-18|2023-04-30_2023-05-14|2024-02-09_2024-02-23|2024-08-07_2024-08-21|2024-10-06_2024-10-20|2025-01-04_2025-01-18|2020-11-11_2020-11-25|2021-01-10_2021-01-24|2022-11-01_2022-11-15|2024-01-10_2024-01-24|2024-12-05_2024-12-19|2025-02-03_2025-02-17|2021-09-07_2021-09-21|2019-07-05_2019-07-19|2024-04-09_2024-04-23
0.2,2,Core CPI m/m|PPI m/m,Neutral|Bad,12,7,5,58.3,41.7,1.4,2018-11-07_2018-11-21|2020-05-30_2020-06-13|2021-12-06_2021-12-20|2022-04-05_2022-04-19|2022-07-04_2022-07-18|2023-02-14_2023-02-28|2024-03-10_2024-03-24|2025-08-02_2025-08-16|2019-04-06_2019-04-20|2022-02-04_2022-02-18|2021-06-09_2021-06-23|2023-09-12_2023-09-26
0.2,2,Core CPI m/m|PPI m/m,Neutral|Good,12,7,5,58.3,41.7,1.4,2020-03-01_2020-03-15|2020-04-30_2020-05-14|2023-03-01_2023-03-15|2023-03-31_2023-04-14|2023-11-11_2023-11-25|2025-03-05_2025-03-19|2025-04-04_2025-04-18|2025-09-01_2025-09-15|2024-06-08_2024-06-22|2025-05-04_2025-05-18|2018-09-08_2018-09-22|2022-08-03_2022-08-17
0.2,2,Core CPI m/m|PPI m/m,Bad|Bad,3,3,0,100.0,0.0,inf,2021-05-10_2021-05-24|2021-07-09_2021-07-23|2020-07-29_2020-08-12
0.2,2,Core CPI m/m|PPI m/m,Bad|Neutral,1,1,0,100.0,0.0,inf,2022-09-02_2022-09-16
0.3,2,Core CPI m/m|PPI m/m,Neutral|Neutral,57,39,18,68.4,31.6,2.17,2018-02-10_2018-02-24|2018-03-12_2018-03-26|2018-04-26_2018-05-10|2018-07-10_2018-07-24|2018-08-09_2018-08-23|2018-10-08_2018-10-22|2018-12-07_2018-12-21|2019-01-06_2019-01-20|2019-02-05_2019-02-19|2019-03-07_2019-03-21|2019-06-05_2019-06-19|2019-08-04_2019-08-18|2019-09-03_2019-09-17|2019-11-02_2019-11-16|2019-12-02_2019-12-16|2020-01-01_2020-01-15|2020-03-31_2020-04-14|2020-08-28_2020-09-11|2021-11-06_2021-11-20|2022-03-06_2022-03-20|2022-04-05_2022-04-19|2022-05-05_2022-05-19|2022-09-02_2022-09-16|2022-12-01_2022-12-15|2023-02-14_2023-02-28|2023-06-29_2023-07-13|2023-07-29_2023-08-12|2023-12-11_2023-12-25|2024-03-10_2024-03-24|2024-05-09_2024-05-23|2024-07-08_2024-07-22|2024-09-06_2024-09-20|2024-11-05_2024-11-19|2025-03-05_2025-03-19|2025-06-03_2025-06-17|2025-07-03_2025-07-17|2026-02-13_2026-02-27|2019-04-06_2019-04-20|2020-10-12_2020-10-26|2021-10-07_2021-10-21|2022-01-05_2022-01-19|2022-06-04_2022-06-18|2023-04-30_2023-05-14|2024-02-09_2024-02-23|2024-08-07_2024-08-21|2024-10-06_2024-10-20|2025-01-04_2025-01-18|2020-11-11_2020-11-25|2021-01-10_2021-01-24|2022-11-01_2022-11-15|2024-01-10_2024-01-24|2024-12-05_2024-12-19|2025-02-03_2025-02-17|2021-09-07_2021-09-21|2023-09-12_2023-09-26|2019-07-05_2019-07-19|2024-04-09_2024-04-23
0.3,2,Core CPI m/m|PPI m/m,Neutral|Bad,7,4,3,57.1,42.9,1.33,2018-11-07_2018-11-21|2020-05-30_2020-06-13|2021-12-06_2021-12-20|2022-07-04_2022-07-18|2025-08-02_2025-08-16|2022-02-04_2022-02-18|2021-06-09_2021-06-23
0.3,2,Core CPI m/m|PPI m/m,Neutral|Good,11,6,5,54.5,45.5,1.2,2020-03-01_2020-03-15|2020-04-30_2020-05-14|2023-03-01_2023-03-15|2023-03-31_2023-04-14|2023-11-11_2023-11-25|2025-04-04_2025-04-18|2025-09-01_2025-09-15|2024-06-08_2024-06-22|2025-05-04_2025-05-18|2018-09-08_2018-09-22|2022-08-03_2022-08-17
0.3,2,Core CPI m/m|PPI m/m,Bad|Neutral,2,2,0,100.0,0.0,inf,2021-05-10_2021-05-24|2020-07-29_2020-08-12
0.3,2,Core CPI m/m|PPI m/m,Bad|Bad,1,1,0,100.0,0.0,inf,2021-07-09_2021-07-23
0.0,2,Core CPI m/m|Core PPI m/m,Bad|Bad,13,9,4,69.2,30.8,2.25,2018-02-10_2018-02-24|2019-09-03_2019-09-17|2020-08-28_2020-09-11|2021-05-10_2021-05-24|2022-09-02_2022-09-16|2024-03-10_2024-03-24|2024-09-06_2024-09-20|2021-07-09_2021-07-23|2022-02-04_2022-02-18|2024-02-09_2024-02-23|2021-06-09_2021-06-23|2019-07-05_2019-07-19|2020-07-29_2020-08-12
0.0,2,Core CPI m/m|Core PPI m/m,Neutral|Neutral,4,3,1,75.0,25.0,3.0,2018-03-12_2018-03-26|2024-11-05_2024-11-19|2021-01-10_2021-01-24|2024-12-05_2024-12-19
0.0,2,Core CPI m/m|Core PPI m/m,Good|Neutral,4,3,1,75.0,25.0,3.0,2018-04-26_2018-05-10|2018-10-08_2018-10-22|2019-06-05_2019-06-19|2020-05-30_2020-06-13
0.0,2,Core CPI m/m|Core PPI m/m,Neutral|Bad,12,6,6,50.0,50.0,1.0,2018-07-10_2018-07-24|2018-11-07_2018-11-21|2018-12-07_2018-12-21|2019-02-05_2019-02-19|2019-11-02_2019-11-16|2021-12-06_2021-12-20|2023-02-14_2023-02-28|2023-07-29_2023-08-12|2024-05-09_2024-05-23|2025-08-02_2025-08-16|2026-02-13_2026-02-27|2020-10-12_2020-10-26
0.0,2,Core CPI m/m|Core PPI m/m,Neutral|Good,11,6,5,54.5,45.5,1.2,2018-08-09_2018-08-23|2019-01-06_2019-01-20|2019-12-02_2019-12-16|2020-03-01_2020-03-15|2022-03-06_2022-03-20|2023-03-31_2023-04-14|2023-12-11_2023-12-25|2025-09-01_2025-09-15|2021-10-07_2021-10-21|2024-08-07_2024-08-21|2024-01-10_2024-01-24
0.0,2,Core CPI m/m|Core PPI m/m,Good|Good,16,14,2,87.5,12.5,7.0,2019-03-07_2019-03-21|2020-01-01_2020-01-15|2020-04-30_2020-05-14|2023-06-29_2023-07-13|2023-11-11_2023-11-25|2025-03-05_2025-03-19|2025-04-04_2025-04-18|2025-06-03_2025-06-17|2025-07-03_2025-07-17|2024-06-08_2024-06-22|2025-01-04_2025-01-18|2020-11-11_2020-11-25|2022-11-01_2022-11-15|2025-05-04_2025-05-18|2018-09-08_2018-09-22|2022-08-03_2022-08-17
0.0,2,Core CPI m/m|Core PPI m/m,Bad|Good,6,2,4,33.3,66.7,0.5,2019-08-04_2019-08-18|2021-11-06_2021-11-20|2022-05-05_2022-05-19|2022-07-04_2022-07-18|2023-03-01_2023-03-15|2022-06-04_2022-06-18
0.0,2,Core CPI m/m|Core PPI m/m,Good|Bad,6,4,2,66.7,33.3,2.0,2020-03-31_2020-04-14|2022-04-05_2022-04-19|2022-12-01_2022-12-15|2024-07-08_2024-07-22|2019-04-06_2019-04-20|2021-09-07_2021-09-21
0.0,2,Core CPI m/m|Core PPI m/m,Bad|Neutral,6,5,1,83.3,16.7,5.0,2022-01-05_2022-01-19|2023-04-30_2023-05-14|2024-10-06_2024-10-20|2025-02-03_2025-02-17|2023-09-12_2023-09-26|2024-04-09_2024-04-23
0.1,2,Core CPI m/m|Core PPI m/m,Neutral|Bad,12,5,7,41.7,58.3,0.71,2018-02-10_2018-02-24|2018-11-07_2018-11-21|2018-12-07_2018-12-21|2021-12-06_2021-12-20|2022-12-01_2022-12-15|2023-02-14_2023-02-28|2024-05-09_2024-05-23|2024-07-08_2024-07-22|2025-08-02_2025-08-16|2026-02-13_2026-02-27|2020-10-12_2020-10-26|2022-02-04_2022-02-18
0.1,2,Core CPI m/m|Core PPI m/m,Neutral|Neutral,24,17,7,70.8,29.2,2.43,2018-03-12_2018-03-26|2018-04-26_2018-05-10|2018-07-10_2018-07-24|2018-08-09_2018-08-23|2018-10-08_2018-10-22|2019-02-05_2019-02-19|2019-03-07_2019-03-21|2019-06-05_2019-06-19|2019-09-03_2019-09-17|2019-11-02_2019-11-16|2020-01-01_2020-01-15|2020-05-30_2020-06-13|2023-06-29_2023-07-13|2023-07-29_2023-08-12|2024-09-06_2024-09-20|2024-11-05_2024-11-19|2019-04-06_2019-04-20|2022-01-05_2022-01-19|2022-06-04_2022-06-18|2024-10-06_2024-10-20|2021-01-10_2021-01-24|2024-12-05_2024-12-19|2023-09-12_2023-09-26|2019-07-05_2019-07-19
0.1,2,Core CPI m/m|Core PPI m/m,Neutral|Good,19,13,6,68.4,31.6,2.17,2019-01-06_2019-01-20|2019-08-04_2019-08-18|2019-12-02_2019-12-16|2020-03-01_2020-03-15|2022-03-06_2022-03-20|2023-03-01_2023-03-15|2023-03-31_2023-04-14|2023-11-11_2023-11-25|2023-12-11_2023-12-25|2025-03-05_2025-03-19|2025-07-03_2025-07-17|2025-09-01_2025-09-15|2021-10-07_2021-10-21|2024-06-08_2024-06-22|2024-08-07_2024-08-21|2025-01-04_2025-01-18|2024-01-10_2024-01-24|2025-05-04_2025-05-18|2018-09-08_2018-09-22
0.1,2,Core CPI m/m|Core PPI m/m,Good|Bad,2,2,0,100.0,0.0,inf,2020-03-31_2020-04-14|2022-04-05_2022-04-19
0.1,2,Core CPI m/m|Core PPI m/m,Good|Good,5,4,1,80.0,20.0,4.0,2020-04-30_2020-05-14|2025-04-04_2025-04-18|2025-06-03_2025-06-17|2022-11-01_2022-11-15|2022-08-03_2022-08-17
0.1,2,Core CPI m/m|Core PPI m/m,Bad|Bad,7,6,1,85.7,14.3,6.0,2020-08-28_2020-09-11|2021-05-10_2021-05-24|2022-09-02_2022-09-16|2021-07-09_2021-07-23|2024-02-09_2024-02-23|2021-06-09_2021-06-23|2020-07-29_2020-08-12
0.1,2,Core CPI m/m|Core PPI m/m,Bad|Neutral,6,3,3,50.0,50.0,1.0,2021-11-06_2021-11-20|2022-07-04_2022-07-18|2024-03-10_2024-03-24|2023-04-30_2023-05-14|2025-02-03_2025-02-17|2024-04-09_2024-04-23
0.1,2,Core CPI m/m|Core PPI m/m,Bad|Good,1,0,1,0.0,100.0,0.0,2022-05-05_2022-05-19
0.1,2,Core CPI m/m|Core PPI m/m,Good|Neutral,2,2,0,100.0,0.0,inf,2020-11-11_2020-11-25|2021-09-07_2021-09-21
0.2,2,Core CPI m/m|Core PPI m/m,Neutral|Neutral,50,35,15,70.0,30.0,2.33,2018-02-10_2018-02-24|2018-03-12_2018-03-26|2018-04-26_2018-05-10|2018-07-10_2018-07-24|2018-08-09_2018-08-23|2018-10-08_2018-10-22|2018-12-07_2018-12-21|2019-02-05_2019-02-19|2019-03-07_2019-03-21|2019-06-05_2019-06-19|2019-09-03_2019-09-17|2019-11-02_2019-11-16|2020-01-01_2020-01-15|2020-03-31_2020-04-14|2020-04-30_2020-05-14|2020-05-30_2020-06-13|2020-08-28_2020-09-11|2021-11-06_2021-11-20|2022-05-05_2022-05-19|2022-07-04_2022-07-18|2022-12-01_2022-12-15|2023-02-14_2023-02-28|2023-06-29_2023-07-13|2023-07-29_2023-08-12|2023-12-11_2023-12-25|2024-03-10_2024-03-24|2024-07-08_2024-07-22|2024-09-06_2024-09-20|2024-11-05_2024-11-19|2025-06-03_2025-06-17|2025-07-03_2025-07-17|2019-04-06_2019-04-20|2020-10-12_2020-10-26|2022-01-05_2022-01-19|2022-06-04_2022-06-18|2023-04-30_2023-05-14|2024-08-07_2024-08-21|2024-10-06_2024-10-20|2025-01-04_2025-01-18|2020-11-11_2020-11-25|2021-01-10_2021-01-24|2021-06-09_2021-06-23|2024-01-10_2024-01-24|2024-12-05_2024-12-19|2025-02-03_2025-02-17|2021-09-07_2021-09-21|2023-09-12_2023-09-26|2019-07-05_2019-07-19|2022-08-03_2022-08-17|2024-04-09_2024-04-23
0.2,2,Core CPI m/m|Core PPI m/m,Neutral|Bad,8,3,5,37.5,62.5,0.6,2018-11-07_2018-11-21|2021-12-06_2021-12-20|2022-04-05_2022-04-19|2024-05-09_2024-05-23|2025-08-02_2025-08-16|2026-02-13_2026-02-27|2022-02-04_2022-02-18|2024-02-09_2024-02-23
0.2,2,Core CPI m/m|Core PPI m/m,Neutral|Good,16,10,6,62.5,37.5,1.67,2019-01-06_2019-01-20|2019-08-04_2019-08-18|2019-12-02_2019-12-16|2020-03-01_2020-03-15|2022-03-06_2022-03-20|2023-03-01_2023-03-15|2023-03-31_2023-04-14|2023-11-11_2023-11-25|2025-03-05_2025-03-19|2025-04-04_2025-04-18|2025-09-01_2025-09-15|2021-10-07_2021-10-21|2024-06-08_2024-06-22|2022-11-01_2022-11-15|2025-05-04_2025-05-18|2018-09-08_2018-09-22
0.2,2,Core CPI m/m|Core PPI m/m,Bad|Bad,3,3,0,100.0,0.0,inf,2021-05-10_2021-05-24|2021-07-09_2021-07-23|2020-07-29_2020-08-12
0.2,2,Core CPI m/m|Core PPI m/m,Bad|Neutral,1,1,0,100.0,0.0,inf,2022-09-02_2022-09-16
0.3,2,Core CPI m/m|Core PPI m/m,Neutral|Neutral,58,41,17,70.7,29.3,2.41,2018-02-10_2018-02-24|2018-03-12_2018-03-26|2018-04-26_2018-05-10|2018-07-10_2018-07-24|2018-08-09_2018-08-23|2018-10-08_2018-10-22|2018-11-07_2018-11-21|2018-12-07_2018-12-21|2019-02-05_2019-02-19|2019-03-07_2019-03-21|2019-06-05_2019-06-19|2019-09-03_2019-09-17|2019-11-02_2019-11-16|2020-01-01_2020-01-15|2020-03-31_2020-04-14|2020-04-30_2020-05-14|2020-05-30_2020-06-13|2020-08-28_2020-09-11|2021-11-06_2021-11-20|2021-12-06_2021-12-20|2022-05-05_2022-05-19|2022-07-04_2022-07-18|2022-09-02_2022-09-16|2022-12-01_2022-12-15|2023-02-14_2023-02-28|2023-06-29_2023-07-13|2023-07-29_2023-08-12|2023-11-11_2023-11-25|2023-12-11_2023-12-25|2024-03-10_2024-03-24|2024-05-09_2024-05-23|2024-07-08_2024-07-22|2024-09-06_2024-09-20|2024-11-05_2024-11-19|2025-06-03_2025-06-17|2025-07-03_2025-07-17|2019-04-06_2019-04-20|2020-10-12_2020-10-26|2021-10-07_2021-10-21|2022-01-05_2022-01-19|2022-06-04_2022-06-18|2023-04-30_2023-05-14|2024-06-08_2024-06-22|2024-08-07_2024-08-21|2024-10-06_2024-10-20|2025-01-04_2025-01-18|2020-11-11_2020-11-25|2021-01-10_2021-01-24|2021-06-09_2021-06-23|2022-11-01_2022-11-15|2024-01-10_2024-01-24|2024-12-05_2024-12-19|2025-02-03_2025-02-17|2021-09-07_2021-09-21|2023-09-12_2023-09-26|2019-07-05_2019-07-19|2022-08-03_2022-08-17|2024-04-09_2024-04-23
0.3,2,Core CPI m/m|Core PPI m/m,Neutral|Good,12,6,6,50.0,50.0,1.0,2019-01-06_2019-01-20|2019-08-04_2019-08-18|2019-12-02_2019-12-16|2020-03-01_2020-03-15|2022-03-06_2022-03-20|2023-03-01_2023-03-15|2023-03-31_2023-04-14|2025-03-05_2025-03-19|2025-04-04_2025-04-18|2025-09-01_2025-09-15|2025-05-04_2025-05-18|2018-09-08_2018-09-22
0.3,2,Core CPI m/m|Core PPI m/m,Bad|Neutral,1,1,0,100.0,0.0,inf,2021-05-10_2021-05-24
0.3,2,Core CPI m/m|Core PPI m/m,Neutral|Bad,5,2,3,40.0,60.0,0.67,2022-04-05_2022-04-19|2025-08-02_2025-08-16|2026-02-13_2026-02-27|2022-02-04_2022-02-18|2024-02-09_2024-02-23
0.3,2,Core CPI m/m|Core PPI m/m,Bad|Bad,2,2,0,100.0,0.0,inf,2021-07-09_2021-07-23|2020-07-29_2020-08-12
0.0,2,Core CPI m/m|FOMC,Neutral|Neutral,3,3,0,100.0,0.0,inf,2023-12-11_2023-12-25|2024-11-05_2024-11-19|2024-12-05_2024-12-19
0.0,2,Core CPI m/m|FOMC,Bad|Good,1,1,0,100.0,0.0,inf,2024-09-06_2024-09-20
0.0,2,Core CPI m/m|FOMC,Bad|Neutral,2,2,0,100.0,0.0,inf,2023-04-30_2023-05-14|2023-09-12_2023-09-26
0.0,2,Core CPI m/m|FOMC,Good|Neutral,1,1,0,100.0,0.0,inf,2024-06-08_2024-06-22
0.1,2,Core CPI m/m|FOMC,Neutral|Neutral,5,5,0,100.0,0.0,inf,2023-12-11_2023-12-25|2024-11-05_2024-11-19|2024-06-08_2024-06-22|2024-12-05_2024-12-19|2023-09-12_2023-09-26
0.1,2,Core CPI m/m|FOMC,Neutral|Good,1,1,0,100.0,0.0,inf,2024-09-06_2024-09-20
0.1,2,Core CPI m/m|FOMC,Bad|Neutral,1,1,0,100.0,0.0,inf,2023-04-30_2023-05-14
0.2,2,Core CPI m/m|FOMC,Neutral|Neutral,6,6,0,100.0,0.0,inf,2023-12-11_2023-12-25|2024-11-05_2024-11-19|2023-04-30_2023-05-14|2024-06-08_2024-06-22|2024-12-05_2024-12-19|2023-09-12_2023-09-26
0.2,2,Core CPI m/m|FOMC,Neutral|Good,1,1,0,100.0,0.0,inf,2024-09-06_2024-09-20
0.3,2,Core CPI m/m|FOMC,Neutral|Neutral,7,7,0,100.0,0.0,inf,2023-12-11_2023-12-25|2024-09-06_2024-09-20|2024-11-05_2024-11-19|2023-04-30_2023-05-14|2024-06-08_2024-06-22|2024-12-05_2024-12-19|2023-09-12_2023-09-26
0.0,2,Core CPI m/m|CPI y/y,Bad|Bad,20,11,9,55.0,45.0,1.22,2018-02-10_2018-02-24|2019-08-04_2019-08-18|2020-08-28_2020-09-11|2021-04-10_2021-04-24|2021-05-10_2021-05-24|2021-11-06_2021-11-20|2022-05-05_2022-05-19|2022-07-04_2022-07-18|2022-09-02_2022-09-16|2024-03-10_2024-03-24|2021-07-09_2021-07-23|2022-02-04_2022-02-18|2022-06-04_2022-06-18|2024-02-09_2024-02-23|2024-10-06_2024-10-20|2021-06-09_2021-06-23|2025-02-03_2025-02-17|2023-09-12_2023-09-26|2020-07-29_2020-08-12|2024-04-09_2024-04-23
0.0,2,Core CPI m/m|CPI y/y,Neutral|Neutral,17,10,7,58.8,41.2,1.43,2018-03-12_2018-03-26|2018-04-11_2018-04-25|2018-07-10_2018-07-24|2018-08-09_2018-08-23|2018-11-07_2018-11-21|2018-12-07_2018-12-21|2019-01-06_2019-01-20|2021-12-06_2021-12-20|2022-03-06_2022-03-20|2022-12-31_2023-01-14|2023-12-11_2023-12-25|2024-05-09_2024-05-23|2024-11-05_2024-11-19|2025-09-01_2025-09-15|2020-10-12_2020-10-26|2021-01-10_2021-01-24|2024-12-05_2024-12-19
0.0,2,Core CPI m/m|CPI y/y,Good|Neutral,6,6,0,100.0,0.0,inf,2018-04-26_2018-05-10|2020-01-01_2020-01-15|2025-12-30_2026-01-13|2025-01-04_2025-01-18|2021-02-24_2021-03-10|2021-09-07_2021-09-21
0.0,2,Core CPI m/m|CPI y/y,Good|Good,20,14,6,70.0,30.0,2.33,2018-10-08_2018-10-22|2019-03-07_2019-03-21|2019-06-05_2019-06-19|2020-03-31_2020-04-14|2020-04-30_2020-05-14|2020-05-30_2020-06-13|2022-12-01_2022-12-15|2023-06-29_2023-07-13|2023-11-11_2023-11-25|2024-07-08_2024-07-22|2025-03-05_2025-03-19|2025-04-04_2025-04-18|2025-06-03_2025-06-17|2025-10-16_2025-10-30|2024-06-08_2024-06-22|2020-11-11_2020-11-25|2022-11-01_2022-11-15|2025-05-04_2025-05-18|2018-09-08_2018-09-22|2022-08-03_2022-08-17
0.0,2,Core CPI m/m|CPI y/y,Neutral|Bad,8,5,3,62.5,37.5,1.67,2019-02-05_2019-02-19|2019-11-02_2019-11-16|2019-12-02_2019-12-16|2020-03-01_2020-03-15|2023-02-14_2023-02-28|2023-10-12_2023-10-26|2021-10-07_2021-10-21|2024-01-10_2024-01-24
0.0,2,Core CPI m/m|CPI y/y,Bad|Good,2,1,1,50.0,50.0,1.0,2019-09-03_2019-09-17|2023-04-30_2023-05-14
0.0,2,Core CPI m/m|CPI y/y,Bad|Neutral,6,6,0,100.0,0.0,inf,2020-07-14_2020-07-28|2023-03-01_2023-03-15|2024-09-06_2024-09-20|2020-11-26_2020-12-10|2022-01-05_2022-01-19|2019-07-05_2019-07-19
0.0,2,Core CPI m/m|CPI y/y,Good|Bad,3,3,0,100.0,0.0,inf,2022-04-05_2022-04-19|2025-07-03_2025-07-17|2019-04-06_2019-04-20
0.0,2,Core CPI m/m|CPI y/y,Neutral|Good,6,3,3,50.0,50.0,1.0,2023-03-31_2023-04-14|2023-07-29_2023-08-12|2025-08-02_2025-08-16|2026-02-13_2026-02-27|2024-08-07_2024-08-21|2023-05-30_2023-06-13
0.1,2,Core CPI m/m|CPI y/y,Neutral|Bad,15,9,6,60.0,40.0,1.5,2018-02-10_2018-02-24|2019-02-05_2019-02-19|2019-08-04_2019-08-18|2019-11-02_2019-11-16|2019-12-02_2019-12-16|2021-04-10_2021-04-24|2023-02-14_2023-02-28|2023-10-12_2023-10-26|2025-07-03_2025-07-17|2021-10-07_2021-10-21|2022-02-04_2022-02-18|2022-06-04_2022-06-18|2024-10-06_2024-10-20|2024-01-10_2024-01-24|2023-09-12_2023-09-26
0.1,2,Core CPI m/m|CPI y/y,Neutral|Neutral,37,26,11,70.3,29.7,2.36,2018-03-12_2018-03-26|2018-04-11_2018-04-25|2018-04-26_2018-05-10|2018-07-10_2018-07-24|2018-08-09_2018-08-23|2018-11-07_2018-11-21|2018-12-07_2018-12-21|2019-01-06_2019-01-20|2019-06-05_2019-06-19|2020-01-01_2020-01-15|2020-03-01_2020-03-15|2020-07-14_2020-07-28|2021-12-06_2021-12-20|2022-03-06_2022-03-20|2022-12-31_2023-01-14|2023-03-01_2023-03-15|2023-03-31_2023-04-14|2023-07-29_2023-08-12|2023-11-11_2023-11-25|2023-12-11_2023-12-25|2024-05-09_2024-05-23|2024-09-06_2024-09-20|2024-11-05_2024-11-19|2025-08-02_2025-08-16|2025-09-01_2025-09-15|2025-12-30_2026-01-13|2019-04-06_2019-04-20|2020-10-12_2020-10-26|2020-11-26_2020-12-10|2022-01-05_2022-01-19|2025-01-04_2025-01-18|2021-01-10_2021-01-24|2021-02-24_2021-03-10|2023-05-30_2023-06-13|2024-12-05_2024-12-19|2018-09-08_2018-09-22|2019-07-05_2019-07-19
0.1,2,Core CPI m/m|CPI y/y,Neutral|Good,13,7,6,53.8,46.2,1.17,2018-10-08_2018-10-22|2019-03-07_2019-03-21|2019-09-03_2019-09-17|2020-05-30_2020-06-13|2022-12-01_2022-12-15|2023-06-29_2023-07-13|2024-07-08_2024-07-22|2025-03-05_2025-03-19|2025-10-16_2025-10-30|2026-02-13_2026-02-27|2024-06-08_2024-06-22|2024-08-07_2024-08-21|2025-05-04_2025-05-18
0.1,2,Core CPI m/m|CPI y/y,Good|Good,7,6,1,85.7,14.3,6.0,2020-03-31_2020-04-14|2020-04-30_2020-05-14|2025-04-04_2025-04-18|2025-06-03_2025-06-17|2020-11-11_2020-11-25|2022-11-01_2022-11-15|2022-08-03_2022-08-17
0.1,2,Core CPI m/m|CPI y/y,Bad|Bad,13,8,5,61.5,38.5,1.6,2020-08-28_2020-09-11|2021-05-10_2021-05-24|2021-11-06_2021-11-20|2022-05-05_2022-05-19|2022-07-04_2022-07-18|2022-09-02_2022-09-16|2024-03-10_2024-03-24|2021-07-09_2021-07-23|2024-02-09_2024-02-23|2021-06-09_2021-06-23|2025-02-03_2025-02-17|2020-07-29_2020-08-12|2024-04-09_2024-04-23
0.1,2,Core CPI m/m|CPI y/y,Good|Neutral,2,2,0,100.0,0.0,inf,2022-04-05_2022-04-19|2021-09-07_2021-09-21
0.1,2,Core CPI m/m|CPI y/y,Bad|Neutral,1,1,0,100.0,0.0,inf,2023-04-30_2023-05-14
0.2,2,Core CPI m/m|CPI y/y,Neutral|Bad,9,3,6,33.3,66.7,0.5,2018-02-10_2018-02-24|2021-11-06_2021-11-20|2022-05-05_2022-05-19|2022-07-04_2022-07-18|2023-02-14_2023-02-28|2022-02-04_2022-02-18|2022-06-04_2022-06-18|2024-02-09_2024-02-23|2021-06-09_2021-06-23
0.2,2,Core CPI m/m|CPI y/y,Neutral|Neutral,73,51,22,69.9,30.1,2.32,2018-03-12_2018-03-26|2018-04-11_2018-04-25|2018-04-26_2018-05-10|2018-07-10_2018-07-24|2018-08-09_2018-08-23|2018-10-08_2018-10-22|2018-11-07_2018-11-21|2018-12-07_2018-12-21|2019-01-06_2019-01-20|2019-02-05_2019-02-19|2019-03-07_2019-03-21|2019-06-05_2019-06-19|2019-08-04_2019-08-18|2019-09-03_2019-09-17|2019-11-02_2019-11-16|2019-12-02_2019-12-16|2020-01-01_2020-01-15|2020-03-01_2020-03-15|2020-03-31_2020-04-14|2020-04-30_2020-05-14|2020-05-30_2020-06-13|2020-07-14_2020-07-28|2020-08-28_2020-09-11|2021-04-10_2021-04-24|2021-12-06_2021-12-20|2022-03-06_2022-03-20|2022-04-05_2022-04-19|2022-12-31_2023-01-14|2023-03-01_2023-03-15|2023-03-31_2023-04-14|2023-06-29_2023-07-13|2023-07-29_2023-08-12|2023-10-12_2023-10-26|2023-11-11_2023-11-25|2023-12-11_2023-12-25|2024-03-10_2024-03-24|2024-05-09_2024-05-23|2024-07-08_2024-07-22|2024-09-06_2024-09-20|2024-11-05_2024-11-19|2025-03-05_2025-03-19|2025-04-04_2025-04-18|2025-06-03_2025-06-17|2025-07-03_2025-07-17|2025-08-02_2025-08-16|2025-09-01_2025-09-15|2025-10-16_2025-10-30|2025-12-30_2026-01-13|2026-02-13_2026-02-27|2019-04-06_2019-04-20|2020-10-12_2020-10-26|2020-11-26_2020-12-10|2021-10-07_2021-10-21|2022-01-05_2022-01-19|2023-04-30_2023-05-14|2024-06-08_2024-06-22|2024-08-07_2024-08-21|2024-10-06_2024-10-20|2025-01-04_2025-01-18|2020-11-11_2020-11-25|2021-01-10_2021-01-24|2021-02-24_2021-03-10|2023-05-30_2023-06-13|2024-01-10_2024-01-24|2024-12-05_2024-12-19|2025-02-03_2025-02-17|2025-05-04_2025-05-18|2021-09-07_2021-09-21|2023-09-12_2023-09-26|2018-09-08_2018-09-22|2019-07-05_2019-07-19|2022-08-03_2022-08-17|2024-04-09_2024-04-23
0.2,2,Core CPI m/m|CPI y/y,Bad|Bad,4,4,0,100.0,0.0,inf,2021-05-10_2021-05-24|2022-09-02_2022-09-16|2021-07-09_2021-07-23|2020-07-29_2020-08-12
0.2,2,Core CPI m/m|CPI y/y,Neutral|Good,2,1,1,50.0,50.0,1.0,2022-12-01_2022-12-15|2022-11-01_2022-11-15
0.3,2,Core CPI m/m|CPI y/y,Neutral|Neutral,84,56,28,66.7,33.3,2.0,2018-02-10_2018-02-24|2018-03-12_2018-03-26|2018-04-11_2018-04-25|2018-04-26_2018-05-10|2018-07-10_2018-07-24|2018-08-09_2018-08-23|2018-10-08_2018-10-22|2018-11-07_2018-11-21|2018-12-07_2018-12-21|2019-01-06_2019-01-20|2019-02-05_2019-02-19|2019-03-07_2019-03-21|2019-06-05_2019-06-19|2019-08-04_2019-08-18|2019-09-03_2019-09-17|2019-11-02_2019-11-16|2019-12-02_2019-12-16|2020-01-01_2020-01-15|2020-03-01_2020-03-15|2020-03-31_2020-04-14|2020-04-30_2020-05-14|2020-05-30_2020-06-13|2020-07-14_2020-07-28|2020-08-28_2020-09-11|2021-04-10_2021-04-24|2021-11-06_2021-11-20|2021-12-06_2021-12-20|2022-03-06_2022-03-20|2022-04-05_2022-04-19|2022-05-05_2022-05-19|2022-09-02_2022-09-16|2022-12-01_2022-12-15|2022-12-31_2023-01-14|2023-02-14_2023-02-28|2023-03-01_2023-03-15|2023-03-31_2023-04-14|2023-06-29_2023-07-13|2023-07-29_2023-08-12|2023-10-12_2023-10-26|2023-11-11_2023-11-25|2023-12-11_2023-12-25|2024-03-10_2024-03-24|2024-05-09_2024-05-23|2024-07-08_2024-07-22|2024-09-06_2024-09-20|2024-11-05_2024-11-19|2025-03-05_2025-03-19|2025-04-04_2025-04-18|2025-06-03_2025-06-17|2025-07-03_2025-07-17|2025-08-02_2025-08-16|2025-09-01_2025-09-15|2025-10-16_2025-10-30|2025-12-30_2026-01-13|2026-02-13_2026-02-27|2019-04-06_2019-04-20|2020-10-12_2020-10-26|2020-11-26_2020-12-10|2021-10-07_2021-10-21|2022-01-05_2022-01-19|2022-02-04_2022-02-18|2022-06-04_2022-06-18|2023-04-30_2023-05-14|2024-02-09_2024-02-23|2024-06-08_2024-06-22|2024-08-07_2024-08-21|2024-10-06_2024-10-20|2025-01-04_2025-01-18|2020-11-11_2020-11-25|2021-01-10_2021-01-24|2021-02-24_2021-03-10|2021-06-09_2021-06-23|2022-11-01_2022-11-15|2023-05-30_2023-06-13|2024-01-10_2024-01-24|2024-12-05_2024-12-19|2025-02-03_2025-02-17|2025-05-04_2025-05-18|2021-09-07_2021-09-21|2023-09-12_2023-09-26|2018-09-08_2018-09-22|2019-07-05_2019-07-19|2022-08-03_2022-08-17|2024-04-09_2024-04-23
0.3,2,Core CPI m/m|CPI y/y,Bad|Bad,3,3,0,100.0,0.0,inf,2021-05-10_2021-05-24|2021-07-09_2021-07-23|2020-07-29_2020-08-12
0.3,2,Core CPI m/m|CPI y/y,Neutral|Bad,1,0,1,0.0,100.0,0.0,2022-07-04_2022-07-18
0.0,2,PPI m/m|Core PPI m/m,Neutral|Bad,3,3,0,100.0,0.0,inf,2018-02-10_2018-02-24|2022-09-02_2022-09-16|2019-07-05_2019-07-19
0.0,2,PPI m/m|Core PPI m/m,Bad|Neutral,6,4,2,66.7,33.3,2.0,2018-03-12_2018-03-26|2020-05-30_2020-06-13|2021-03-11_2021-03-25|2024-12-05_2024-12-19|2025-02-03_2025-02-17|2023-09-12_2023-09-26
0.0,2,PPI m/m|Core PPI m/m,Bad|Bad,32,19,13,59.4,40.6,1.46,2018-03-27_2018-04-10|2018-07-10_2018-07-24|2018-11-07_2018-11-21|2018-12-07_2018-12-21|2019-09-03_2019-09-17|2019-11-02_2019-11-16|2020-02-15_2020-02-29|2020-03-31_2020-04-14|2020-08-28_2020-09-11|2021-03-26_2021-04-09|2021-05-10_2021-05-24|2021-12-06_2021-12-20|2022-04-05_2022-04-19|2022-12-01_2022-12-15|2023-02-14_2023-02-28|2023-07-29_2023-08-12|2023-09-27_2023-10-11|2024-03-10_2024-03-24|2024-05-09_2024-05-23|2024-07-08_2024-07-22|2024-09-06_2024-09-20|2025-08-02_2025-08-16|2026-01-29_2026-02-12|2026-02-13_2026-02-27|2019-04-06_2019-04-20|2020-10-12_2020-10-26|2021-07-09_2021-07-23|2022-02-04_2022-02-18|2024-02-09_2024-02-23|2021-06-09_2021-06-23|2021-09-07_2021-09-21|2020-07-29_2020-08-12
0.0,2,PPI m/m|Core PPI m/m,Good|Neutral,8,7,1,87.5,12.5,7.0,2018-04-26_2018-05-10|2023-06-14_2023-06-28|2022-01-05_2022-01-19|2023-01-15_2023-01-29|2023-04-30_2023-05-14|2024-10-06_2024-10-20|2021-01-10_2021-01-24|2024-04-09_2024-04-23
0.0,2,PPI m/m|Core PPI m/m,Good|Good,27,20,7,74.1,25.9,2.86,2018-08-09_2018-08-23|2019-01-06_2019-01-20|2019-03-07_2019-03-21|2019-12-02_2019-12-16|2020-01-01_2020-01-15|2020-03-01_2020-03-15|2020-04-30_2020-05-14|2020-06-29_2020-07-13|2022-03-06_2022-03-20|2023-03-01_2023-03-15|2023-03-31_2023-04-14|2023-06-29_2023-07-13|2023-11-11_2023-11-25|2025-03-05_2025-03-19|2025-04-04_2025-04-18|2025-06-03_2025-06-17|2025-07-03_2025-07-17|2025-09-01_2025-09-15|2021-10-07_2021-10-21|2024-06-08_2024-06-22|2024-08-07_2024-08-21|2025-01-04_2025-01-18|2022-11-01_2022-11-15|2024-01-10_2024-01-24|2025-05-04_2025-05-18|2018-09-08_2018-09-22|2022-08-03_2022-08-17
0.0,2,PPI m/m|Core PPI m/m,Neutral|Neutral,3,2,1,66.7,33.3,2.0,2018-10-08_2018-10-22|2019-06-05_2019-06-19|2024-11-05_2024-11-19
0.0,2,PPI m/m|Core PPI m/m,Good|Bad,1,0,1,0.0,100.0,0.0,2019-02-05_2019-02-19
0.0,2,PPI m/m|Core PPI m/m,Neutral|Good,8,5,3,62.5,37.5,1.67,2019-08-04_2019-08-18|2020-12-11_2020-12-25|2021-11-06_2021-11-20|2022-05-05_2022-05-19|2023-12-11_2023-12-25|2025-11-15_2025-11-29|2022-06-04_2022-06-18|2026-01-14_2026-01-28
0.0,2,PPI m/m|Core PPI m/m,Bad|Good,2,1,1,50.0,50.0,1.0,2022-07-04_2022-07-18|2020-11-11_2020-11-25
0.1,2,PPI m/m|Core PPI m/m,Neutral|Bad,7,5,2,71.4,28.6,2.5,2018-02-10_2018-02-24|2018-12-07_2018-12-21|2020-03-31_2020-04-14|2020-08-28_2020-09-11|2022-09-02_2022-09-16|2022-12-01_2022-12-15|2024-07-08_2024-07-22
0.1,2,PPI m/m|Core PPI m/m,Neutral|Neutral,23,18,5,78.3,21.7,3.6,2018-03-12_2018-03-26|2018-04-26_2018-05-10|2018-07-10_2018-07-24|2018-10-08_2018-10-22|2019-03-07_2019-03-21|2019-06-05_2019-06-19|2019-09-03_2019-09-17|2020-01-01_2020-01-15|2020-12-11_2020-12-25|2021-03-11_2021-03-25|2021-11-06_2021-11-20|2023-06-29_2023-07-13|2023-07-29_2023-08-12|2024-09-06_2024-09-20|2024-11-05_2024-11-19|2025-11-15_2025-11-29|2022-06-04_2022-06-18|2023-04-30_2023-05-14|2024-10-06_2024-10-20|2020-11-11_2020-11-25|2021-09-07_2021-09-21|2019-07-05_2019-07-19|2024-04-09_2024-04-23
0.1,2,PPI m/m|Core PPI m/m,Bad|Neutral,10,7,3,70.0,30.0,2.33,2018-03-27_2018-04-10|2019-11-02_2019-11-16|2020-05-30_2020-06-13|2022-07-04_2022-07-18|2023-09-27_2023-10-11|2024-03-10_2024-03-24|2019-04-06_2019-04-20|2024-12-05_2024-12-19|2025-02-03_2025-02-17|2023-09-12_2023-09-26
0.1,2,PPI m/m|Core PPI m/m,Good|Neutral,6,3,3,50.0,50.0,1.0,2018-08-09_2018-08-23|2019-02-05_2019-02-19|2023-06-14_2023-06-28|2022-01-05_2022-01-19|2023-01-15_2023-01-29|2021-01-10_2021-01-24
0.1,2,PPI m/m|Core PPI m/m,Bad|Bad,17,9,8,52.9,47.1,1.13,2018-11-07_2018-11-21|2020-02-15_2020-02-29|2021-03-26_2021-04-09|2021-05-10_2021-05-24|2021-12-06_2021-12-20|2022-04-05_2022-04-19|2023-02-14_2023-02-28|2024-05-09_2024-05-23|2025-08-02_2025-08-16|2026-01-29_2026-02-12|2026-02-13_2026-02-27|2020-10-12_2020-10-26|2021-07-09_2021-07-23|2022-02-04_2022-02-18|2024-02-09_2024-02-23|2021-06-09_2021-06-23|2020-07-29_2020-08-12
0.1,2,PPI m/m|Core PPI m/m,Neutral|Good,8,6,2,75.0,25.0,3.0,2019-01-06_2019-01-20|2019-08-04_2019-08-18|2022-05-05_2022-05-19|2023-12-11_2023-12-25|2025-06-03_2025-06-17|2021-10-07_2021-10-21|2024-08-07_2024-08-21|2026-01-14_2026-01-28
0.1,2,PPI m/m|Core PPI m/m,Good|Good,19,13,6,68.4,31.6,2.17,2019-12-02_2019-12-16|2020-03-01_2020-03-15|2020-04-30_2020-05-14|2020-06-29_2020-07-13|2022-03-06_2022-03-20|2023-03-01_2023-03-15|2023-03-31_2023-04-14|2023-11-11_2023-11-25|2025-03-05_2025-03-19|2025-04-04_2025-04-18|2025-07-03_2025-07-17|2025-09-01_2025-09-15|2024-06-08_2024-06-22|2025-01-04_2025-01-18|2022-11-01_2022-11-15|2024-01-10_2024-01-24|2025-05-04_2025-05-18|2018-09-08_2018-09-22|2022-08-03_2022-08-17
0.2,2,PPI m/m|Core PPI m/m,Neutral|Neutral,49,38,11,77.6,22.4,3.45,2018-02-10_2018-02-24|2018-03-12_2018-03-26|2018-03-27_2018-04-10|2018-04-26_2018-05-10|2018-07-10_2018-07-24|2018-08-09_2018-08-23|2018-10-08_2018-10-22|2018-12-07_2018-12-21|2019-02-05_2019-02-19|2019-03-07_2019-03-21|2019-06-05_2019-06-19|2019-09-03_2019-09-17|2019-11-02_2019-11-16|2020-01-01_2020-01-15|2020-03-31_2020-04-14|2020-08-28_2020-09-11|2020-12-11_2020-12-25|2021-03-11_2021-03-25|2021-11-06_2021-11-20|2022-05-05_2022-05-19|2022-09-02_2022-09-16|2022-12-01_2022-12-15|2023-06-14_2023-06-28|2023-06-29_2023-07-13|2023-07-29_2023-08-12|2023-09-27_2023-10-11|2023-12-11_2023-12-25|2024-07-08_2024-07-22|2024-09-06_2024-09-20|2024-11-05_2024-11-19|2025-06-03_2025-06-17|2025-07-03_2025-07-17|2025-11-15_2025-11-29|2020-10-12_2020-10-26|2022-01-05_2022-01-19|2022-06-04_2022-06-18|2023-04-30_2023-05-14|2024-08-07_2024-08-21|2024-10-06_2024-10-20|2025-01-04_2025-01-18|2020-11-11_2020-11-25|2021-01-10_2021-01-24|2024-01-10_2024-01-24|2024-12-05_2024-12-19|2025-02-03_2025-02-17|2021-09-07_2021-09-21|2026-01-14_2026-01-28|2019-07-05_2019-07-19|2024-04-09_2024-04-23
0.2,2,PPI m/m|Core PPI m/m,Bad|Bad,11,7,4,63.6,36.4,1.75,2018-11-07_2018-11-21|2020-02-15_2020-02-29|2021-03-26_2021-04-09|2021-05-10_2021-05-24|2021-12-06_2021-12-20|2022-04-05_2022-04-19|2025-08-02_2025-08-16|2026-01-29_2026-02-12|2021-07-09_2021-07-23|2022-02-04_2022-02-18|2020-07-29_2020-08-12
0.2,2,PPI m/m|Core PPI m/m,Neutral|Good,6,4,2,66.7,33.3,2.0,2019-01-06_2019-01-20|2019-08-04_2019-08-18|2019-12-02_2019-12-16|2022-03-06_2022-03-20|2021-10-07_2021-10-21|2022-11-01_2022-11-15
0.2,2,PPI m/m|Core PPI m/m,Good|Good,11,7,4,63.6,36.4,1.75,2020-03-01_2020-03-15|2020-06-29_2020-07-13|2023-03-01_2023-03-15|2023-03-31_2023-04-14|2023-11-11_2023-11-25|2025-03-05_2025-03-19|2025-04-04_2025-04-18|2025-09-01_2025-09-15|2024-06-08_2024-06-22|2025-05-04_2025-05-18|2018-09-08_2018-09-22
0.2,2,PPI m/m|Core PPI m/m,Good|Neutral,3,1,2,33.3,66.7,0.5,2020-04-30_2020-05-14|2023-01-15_2023-01-29|2022-08-03_2022-08-17
0.2,2,PPI m/m|Core PPI m/m,Bad|Neutral,7,4,3,57.1,42.9,1.33,2020-05-30_2020-06-13|2022-07-04_2022-07-18|2023-02-14_2023-02-28|2024-03-10_2024-03-24|2019-04-06_2019-04-20|2021-06-09_2021-06-23|2023-09-12_2023-09-26
0.2,2,PPI m/m|Core PPI m/m,Neutral|Bad,3,0,3,0.0,100.0,0.0,2024-05-09_2024-05-23|2026-02-13_2026-02-27|2024-02-09_2024-02-23
0.3,2,PPI m/m|Core PPI m/m,Neutral|Neutral,57,43,14,75.4,24.6,3.07,2018-02-10_2018-02-24|2018-03-12_2018-03-26|2018-03-27_2018-04-10|2018-04-26_2018-05-10|2018-07-10_2018-07-24|2018-08-09_2018-08-23|2018-10-08_2018-10-22|2018-12-07_2018-12-21|2019-02-05_2019-02-19|2019-03-07_2019-03-21|2019-06-05_2019-06-19|2019-09-03_2019-09-17|2019-11-02_2019-11-16|2020-01-01_2020-01-15|2020-03-31_2020-04-14|2020-08-28_2020-09-11|2020-12-11_2020-12-25|2021-03-11_2021-03-25|2021-05-10_2021-05-24|2021-11-06_2021-11-20|2022-05-05_2022-05-19|2022-09-02_2022-09-16|2022-12-01_2022-12-15|2023-02-14_2023-02-28|2023-06-14_2023-06-28|2023-06-29_2023-07-13|2023-07-29_2023-08-12|2023-09-27_2023-10-11|2023-12-11_2023-12-25|2024-03-10_2024-03-24|2024-05-09_2024-05-23|2024-07-08_2024-07-22|2024-09-06_2024-09-20|2024-11-05_2024-11-19|2025-06-03_2025-06-17|2025-07-03_2025-07-17|2025-11-15_2025-11-29|2019-04-06_2019-04-20|2020-10-12_2020-10-26|2021-10-07_2021-10-21|2022-01-05_2022-01-19|2022-06-04_2022-06-18|2023-04-30_2023-05-14|2024-08-07_2024-08-21|2024-10-06_2024-10-20|2025-01-04_2025-01-18|2020-11-11_2020-11-25|2021-01-10_2021-01-24|2022-11-01_2022-11-15|2024-01-10_2024-01-24|2024-12-05_2024-12-19|2025-02-03_2025-02-17|2021-09-07_2021-09-21|2023-09-12_2023-09-26|2026-01-14_2026-01-28|2019-07-05_2019-07-19|2024-04-09_2024-04-23
0.3,2,PPI m/m|Core PPI m/m,Bad|Neutral,6,3,3,50.0,50.0,1.0,2018-11-07_2018-11-21|2020-02-15_2020-02-29|2020-05-30_2020-06-13|2021-12-06_2021-12-20|2022-07-04_2022-07-18|2021-06-09_2021-06-23
0.3,2,PPI m/m|Core PPI m/m,Neutral|Good,5,3,2,60.0,40.0,1.5,2019-01-06_2019-01-20|2019-08-04_2019-08-18|2019-12-02_2019-12-16|2022-03-06_2022-03-20|2025-03-05_2025-03-19
0.3,2,PPI m/m|Core PPI m/m,Good|Good,8,4,4,50.0,50.0,1.0,2020-03-01_2020-03-15|2020-06-29_2020-07-13|2023-03-01_2023-03-15|2023-03-31_2023-04-14|2025-04-04_2025-04-18|2025-09-01_2025-09-15|2025-05-04_2025-05-18|2018-09-08_2018-09-22
0.3,2,PPI m/m|Core PPI m/m,Good|Neutral,5,3,2,60.0,40.0,1.5,2020-04-30_2020-05-14|2023-11-11_2023-11-25|2023-01-15_2023-01-29|2024-06-08_2024-06-22|2022-08-03_2022-08-17
0.3,2,PPI m/m|Core PPI m/m,Bad|Bad,4,2,2,50.0,50.0,1.0,2021-03-26_2021-04-09|2025-08-02_2025-08-16|2021-07-09_2021-07-23|2022-02-04_2022-02-18
0.3,2,PPI m/m|Core PPI m/m,Neutral|Bad,5,3,2,60.0,40.0,1.5,2022-04-05_2022-04-19|2026-01-29_2026-02-12|2026-02-13_2026-02-27|2024-02-09_2024-02-23|2020-07-29_2020-08-12
0.0,2,PPI m/m|FOMC,Good|Neutral,3,3,0,100.0,0.0,inf,2023-06-14_2023-06-28|2023-04-30_2023-05-14|2024-06-08_2024-06-22
0.0,2,PPI m/m|FOMC,Neutral|Neutral,2,2,0,100.0,0.0,inf,2023-12-11_2023-12-25|2024-11-05_2024-11-19
0.0,2,PPI m/m|FOMC,Bad|Good,1,1,0,100.0,0.0,inf,2024-09-06_2024-09-20
0.0,2,PPI m/m|FOMC,Bad|Neutral,2,2,0,100.0,0.0,inf,2024-12-05_2024-12-19|2023-09-12_2023-09-26
0.1,2,PPI m/m|FOMC,Good|Neutral,2,2,0,100.0,0.0,inf,2023-06-14_2023-06-28|2024-06-08_2024-06-22
0.1,2,PPI m/m|FOMC,Neutral|Neutral,3,3,0,100.0,0.0,inf,2023-12-11_2023-12-25|2024-11-05_2024-11-19|2023-04-30_2023-05-14
0.1,2,PPI m/m|FOMC,Neutral|Good,1,1,0,100.0,0.0,inf,2024-09-06_2024-09-20
0.1,2,PPI m/m|FOMC,Bad|Neutral,2,2,0,100.0,0.0,inf,2024-12-05_2024-12-19|2023-09-12_2023-09-26
0.2,2,PPI m/m|FOMC,Neutral|Neutral,5,5,0,100.0,0.0,inf,2023-06-14_2023-06-28|2023-12-11_2023-12-25|2024-11-05_2024-11-19|2023-04-30_2023-05-14|2024-12-05_2024-12-19
0.2,2,PPI m/m|FOMC,Neutral|Good,1,1,0,100.0,0.0,inf,2024-09-06_2024-09-20
0.2,2,PPI m/m|FOMC,Good|Neutral,1,1,0,100.0,0.0,inf,2024-06-08_2024-06-22
0.2,2,PPI m/m|FOMC,Bad|Neutral,1,1,0,100.0,0.0,inf,2023-09-12_2023-09-26
0.3,2,PPI m/m|FOMC,Neutral|Neutral,7,7,0,100.0,0.0,inf,2023-06-14_2023-06-28|2023-12-11_2023-12-25|2024-09-06_2024-09-20|2024-11-05_2024-11-19|2023-04-30_2023-05-14|2024-12-05_2024-12-19|2023-09-12_2023-09-26
0.3,2,PPI m/m|FOMC,Good|Neutral,1,1,0,100.0,0.0,inf,2024-06-08_2024-06-22
0.0,2,PPI m/m|CPI y/y,Neutral|Bad,6,3,3,50.0,50.0,1.0,2018-02-10_2018-02-24|2019-08-04_2019-08-18|2021-11-06_2021-11-20|2022-05-05_2022-05-19|2022-09-02_2022-09-16|2022-06-04_2022-06-18
0.0,2,PPI m/m|CPI y/y,Bad|Neutral,10,6,4,60.0,40.0,1.5,2018-03-12_2018-03-26|2018-07-10_2018-07-24|2018-11-07_2018-11-21|2018-12-07_2018-12-21|2021-12-06_2021-12-20|2024-05-09_2024-05-23|2024-09-06_2024-09-20|2020-10-12_2020-10-26|2024-12-05_2024-12-19|2021-09-07_2021-09-21
0.0,2,PPI m/m|CPI y/y,Good|Neutral,10,7,3,70.0,30.0,2.33,2018-04-26_2018-05-10|2018-08-09_2018-08-23|2019-01-06_2019-01-20|2020-01-01_2020-01-15|2022-03-06_2022-03-20|2023-03-01_2023-03-15|2025-09-01_2025-09-15|2022-01-05_2022-01-19|2025-01-04_2025-01-18|2021-01-10_2021-01-24
0.0,2,PPI m/m|CPI y/y,Neutral|Good,2,1,1,50.0,50.0,1.0,2018-10-08_2018-10-22|2019-06-05_2019-06-19
0.0,2,PPI m/m|CPI y/y,Good|Bad,8,6,2,75.0,25.0,3.0,2019-02-05_2019-02-19|2019-12-02_2019-12-16|2020-03-01_2020-03-15|2025-07-03_2025-07-17|2021-10-07_2021-10-21|2024-10-06_2024-10-20|2024-01-10_2024-01-24|2024-04-09_2024-04-23
0.0,2,PPI m/m|CPI y/y,Good|Good,15,12,3,80.0,20.0,4.0,2019-03-07_2019-03-21|2020-04-30_2020-05-14|2023-03-31_2023-04-14|2023-06-29_2023-07-13|2023-11-11_2023-11-25|2025-03-05_2025-03-19|2025-04-04_2025-04-18|2025-06-03_2025-06-17|2023-04-30_2023-05-14|2024-06-08_2024-06-22|2024-08-07_2024-08-21|2022-11-01_2022-11-15|2025-05-04_2025-05-18|2018-09-08_2018-09-22|2022-08-03_2022-08-17
0.0,2,PPI m/m|CPI y/y,Bad|Good,9,5,4,55.6,44.4,1.25,2019-09-03_2019-09-17|2020-03-31_2020-04-14|2020-05-30_2020-06-13|2022-12-01_2022-12-15|2023-07-29_2023-08-12|2024-07-08_2024-07-22|2025-08-02_2025-08-16|2026-02-13_2026-02-27|2020-11-11_2020-11-25
0.0,2,PPI m/m|CPI y/y,Bad|Bad,15,9,6,60.0,40.0,1.5,2019-11-02_2019-11-16|2020-08-28_2020-09-11|2021-05-10_2021-05-24|2022-04-05_2022-04-19|2022-07-04_2022-07-18|2023-02-14_2023-02-28|2024-03-10_2024-03-24|2019-04-06_2019-04-20|2021-07-09_2021-07-23|2022-02-04_2022-02-18|2024-02-09_2024-02-23|2021-06-09_2021-06-23|2025-02-03_2025-02-17|2023-09-12_2023-09-26|2020-07-29_2020-08-12
0.0,2,PPI m/m|CPI y/y,Neutral|Neutral,3,3,0,100.0,0.0,inf,2023-12-11_2023-12-25|2024-11-05_2024-11-19|2019-07-05_2019-07-19
0.1,2,PPI m/m|CPI y/y,Neutral|Bad,10,7,3,70.0,30.0,2.33,2018-02-10_2018-02-24|2019-08-04_2019-08-18|2020-08-28_2020-09-11|2021-11-06_2021-11-20|2022-05-05_2022-05-19|2022-09-02_2022-09-16|2021-10-07_2021-10-21|2022-06-04_2022-06-18|2024-10-06_2024-10-20|2024-04-09_2024-04-23
0.1,2,PPI m/m|CPI y/y,Neutral|Neutral,14,12,2,85.7,14.3,6.0,2018-03-12_2018-03-26|2018-04-26_2018-05-10|2018-07-10_2018-07-24|2018-12-07_2018-12-21|2019-01-06_2019-01-20|2019-06-05_2019-06-19|2020-01-01_2020-01-15|2023-07-29_2023-08-12|2023-12-11_2023-12-25|2024-09-06_2024-09-20|2024-11-05_2024-11-19|2023-04-30_2023-05-14|2021-09-07_2021-09-21|2019-07-05_2019-07-19
0.1,2,PPI m/m|CPI y/y,Good|Neutral,11,5,6,45.5,54.5,0.83,2018-08-09_2018-08-23|2020-03-01_2020-03-15|2022-03-06_2022-03-20|2023-03-01_2023-03-15|2023-03-31_2023-04-14|2023-11-11_2023-11-25|2025-09-01_2025-09-15|2022-01-05_2022-01-19|2025-01-04_2025-01-18|2021-01-10_2021-01-24|2018-09-08_2018-09-22
0.1,2,PPI m/m|CPI y/y,Neutral|Good,10,6,4,60.0,40.0,1.5,2018-10-08_2018-10-22|2019-03-07_2019-03-21|2019-09-03_2019-09-17|2020-03-31_2020-04-14|2022-12-01_2022-12-15|2023-06-29_2023-07-13|2024-07-08_2024-07-22|2025-06-03_2025-06-17|2024-08-07_2024-08-21|2020-11-11_2020-11-25
0.1,2,PPI m/m|CPI y/y,Bad|Neutral,8,6,2,75.0,25.0,3.0,2018-11-07_2018-11-21|2021-12-06_2021-12-20|2022-04-05_2022-04-19|2024-05-09_2024-05-23|2025-08-02_2025-08-16|2019-04-06_2019-04-20|2020-10-12_2020-10-26|2024-12-05_2024-12-19
0.1,2,PPI m/m|CPI y/y,Good|Bad,4,3,1,75.0,25.0,3.0,2019-02-05_2019-02-19|2019-12-02_2019-12-16|2025-07-03_2025-07-17|2024-01-10_2024-01-24
0.1,2,PPI m/m|CPI y/y,Bad|Bad,12,6,6,50.0,50.0,1.0,2019-11-02_2019-11-16|2021-05-10_2021-05-24|2022-07-04_2022-07-18|2023-02-14_2023-02-28|2024-03-10_2024-03-24|2021-07-09_2021-07-23|2022-02-04_2022-02-18|2024-02-09_2024-02-23|2021-06-09_2021-06-23|2025-02-03_2025-02-17|2023-09-12_2023-09-26|2020-07-29_2020-08-12
0.1,2,PPI m/m|CPI y/y,Good|Good,7,6,1,85.7,14.3,6.0,2020-04-30_2020-05-14|2025-03-05_2025-03-19|2025-04-04_2025-04-18|2024-06-08_2024-06-22|2022-11-01_2022-11-15|2025-05-04_2025-05-18|2022-08-03_2022-08-17
0.1,2,PPI m/m|CPI y/y,Bad|Good,2,1,1,50.0,50.0,1.0,2020-05-30_2020-06-13|2026-02-13_2026-02-27
0.2,2,PPI m/m|CPI y/y,Neutral|Bad,6,3,3,50.0,50.0,1.0,2018-02-10_2018-02-24|2021-11-06_2021-11-20|2022-05-05_2022-05-19|2022-09-02_2022-09-16|2022-06-04_2022-06-18|2024-02-09_2024-02-23
0.2,2,PPI m/m|CPI y/y,Neutral|Neutral,43,31,12,72.1,27.9,2.58,2018-03-12_2018-03-26|2018-04-26_2018-05-10|2018-07-10_2018-07-24|2018-08-09_2018-08-23|2018-10-08_2018-10-22|2018-12-07_2018-12-21|2019-01-06_2019-01-20|2019-02-05_2019-02-19|2019-03-07_2019-03-21|2019-06-05_2019-06-19|2019-08-04_2019-08-18|2019-09-03_2019-09-17|2019-11-02_2019-11-16|2019-12-02_2019-12-16|2020-01-01_2020-01-15|2020-03-31_2020-04-14|2020-08-28_2020-09-11|2022-03-06_2022-03-20|2023-06-29_2023-07-13|2023-07-29_2023-08-12|2023-12-11_2023-12-25|2024-05-09_2024-05-23|2024-07-08_2024-07-22|2024-09-06_2024-09-20|2024-11-05_2024-11-19|2025-06-03_2025-06-17|2025-07-03_2025-07-17|2026-02-13_2026-02-27|2020-10-12_2020-10-26|2021-10-07_2021-10-21|2022-01-05_2022-01-19|2023-04-30_2023-05-14|2024-08-07_2024-08-21|2024-10-06_2024-10-20|2025-01-04_2025-01-18|2020-11-11_2020-11-25|2021-01-10_2021-01-24|2024-01-10_2024-01-24|2024-12-05_2024-12-19|2025-02-03_2025-02-17|2021-09-07_2021-09-21|2019-07-05_2019-07-19|2024-04-09_2024-04-23
0.2,2,PPI m/m|CPI y/y,Bad|Neutral,8,6,2,75.0,25.0,3.0,2018-11-07_2018-11-21|2020-05-30_2020-06-13|2021-12-06_2021-12-20|2022-04-05_2022-04-19|2024-03-10_2024-03-24|2025-08-02_2025-08-16|2019-04-06_2019-04-20|2023-09-12_2023-09-26
0.2,2,PPI m/m|CPI y/y,Good|Neutral,12,7,5,58.3,41.7,1.4,2020-03-01_2020-03-15|2020-04-30_2020-05-14|2023-03-01_2023-03-15|2023-03-31_2023-04-14|2023-11-11_2023-11-25|2025-03-05_2025-03-19|2025-04-04_2025-04-18|2025-09-01_2025-09-15|2024-06-08_2024-06-22|2025-05-04_2025-05-18|2018-09-08_2018-09-22|2022-08-03_2022-08-17
0.2,2,PPI m/m|CPI y/y,Bad|Bad,7,4,3,57.1,42.9,1.33,2021-05-10_2021-05-24|2022-07-04_2022-07-18|2023-02-14_2023-02-28|2021-07-09_2021-07-23|2022-02-04_2022-02-18|2021-06-09_2021-06-23|2020-07-29_2020-08-12
0.2,2,PPI m/m|CPI y/y,Neutral|Good,2,1,1,50.0,50.0,1.0,2022-12-01_2022-12-15|2022-11-01_2022-11-15
0.3,2,PPI m/m|CPI y/y,Neutral|Neutral,57,39,18,68.4,31.6,2.17,2018-02-10_2018-02-24|2018-03-12_2018-03-26|2018-04-26_2018-05-10|2018-07-10_2018-07-24|2018-08-09_2018-08-23|2018-10-08_2018-10-22|2018-12-07_2018-12-21|2019-01-06_2019-01-20|2019-02-05_2019-02-19|2019-03-07_2019-03-21|2019-06-05_2019-06-19|2019-08-04_2019-08-18|2019-09-03_2019-09-17|2019-11-02_2019-11-16|2019-12-02_2019-12-16|2020-01-01_2020-01-15|2020-03-31_2020-04-14|2020-08-28_2020-09-11|2021-11-06_2021-11-20|2022-03-06_2022-03-20|2022-04-05_2022-04-19|2022-05-05_2022-05-19|2022-09-02_2022-09-16|2022-12-01_2022-12-15|2023-02-14_2023-02-28|2023-06-29_2023-07-13|2023-07-29_2023-08-12|2023-12-11_2023-12-25|2024-03-10_2024-03-24|2024-05-09_2024-05-23|2024-07-08_2024-07-22|2024-09-06_2024-09-20|2024-11-05_2024-11-19|2025-03-05_2025-03-19|2025-06-03_2025-06-17|2025-07-03_2025-07-17|2026-02-13_2026-02-27|2019-04-06_2019-04-20|2020-10-12_2020-10-26|2021-10-07_2021-10-21|2022-01-05_2022-01-19|2022-06-04_2022-06-18|2023-04-30_2023-05-14|2024-02-09_2024-02-23|2024-08-07_2024-08-21|2024-10-06_2024-10-20|2025-01-04_2025-01-18|2020-11-11_2020-11-25|2021-01-10_2021-01-24|2022-11-01_2022-11-15|2024-01-10_2024-01-24|2024-12-05_2024-12-19|2025-02-03_2025-02-17|2021-09-07_2021-09-21|2023-09-12_2023-09-26|2019-07-05_2019-07-19|2024-04-09_2024-04-23
0.3,2,PPI m/m|CPI y/y,Bad|Neutral,6,4,2,66.7,33.3,2.0,2018-11-07_2018-11-21|2020-05-30_2020-06-13|2021-12-06_2021-12-20|2025-08-02_2025-08-16|2022-02-04_2022-02-18|2021-06-09_2021-06-23
0.3,2,PPI m/m|CPI y/y,Good|Neutral,11,6,5,54.5,45.5,1.2,2020-03-01_2020-03-15|2020-04-30_2020-05-14|2023-03-01_2023-03-15|2023-03-31_2023-04-14|2023-11-11_2023-11-25|2025-04-04_2025-04-18|2025-09-01_2025-09-15|2024-06-08_2024-06-22|2025-05-04_2025-05-18|2018-09-08_2018-09-22|2022-08-03_2022-08-17
0.3,2,PPI m/m|CPI y/y,Neutral|Bad,2,2,0,100.0,0.0,inf,2021-05-10_2021-05-24|2020-07-29_2020-08-12
0.3,2,PPI m/m|CPI y/y,Bad|Bad,2,1,1,50.0,50.0,1.0,2022-07-04_2022-07-18|2021-07-09_2021-07-23
0.0,2,Core PPI m/m|FOMC,Neutral|Neutral,5,5,0,100.0,0.0,inf,2023-06-14_2023-06-28|2024-11-05_2024-11-19|2023-04-30_2023-05-14|2024-12-05_2024-12-19|2023-09-12_2023-09-26
0.0,2,Core PPI m/m|FOMC,Good|Neutral,2,2,0,100.0,0.0,inf,2023-12-11_2023-12-25|2024-06-08_2024-06-22
0.0,2,Core PPI m/m|FOMC,Bad|Good,1,1,0,100.0,0.0,inf,2024-09-06_2024-09-20
0.1,2,Core PPI m/m|FOMC,Neutral|Neutral,5,5,0,100.0,0.0,inf,2023-06-14_2023-06-28|2024-11-05_2024-11-19|2023-04-30_2023-05-14|2024-12-05_2024-12-19|2023-09-12_2023-09-26
0.1,2,Core PPI m/m|FOMC,Good|Neutral,2,2,0,100.0,0.0,inf,2023-12-11_2023-12-25|2024-06-08_2024-06-22
0.1,2,Core PPI m/m|FOMC,Neutral|Good,1,1,0,100.0,0.0,inf,2024-09-06_2024-09-20
0.2,2,Core PPI m/m|FOMC,Neutral|Neutral,6,6,0,100.0,0.0,inf,2023-06-14_2023-06-28|2023-12-11_2023-12-25|2024-11-05_2024-11-19|2023-04-30_2023-05-14|2024-12-05_2024-12-19|2023-09-12_2023-09-26
0.2,2,Core PPI m/m|FOMC,Neutral|Good,1,1,0,100.0,0.0,inf,2024-09-06_2024-09-20
0.2,2,Core PPI m/m|FOMC,Good|Neutral,1,1,0,100.0,0.0,inf,2024-06-08_2024-06-22
0.3,2,Core PPI m/m|FOMC,Neutral|Neutral,8,8,0,100.0,0.0,inf,2023-06-14_2023-06-28|2023-12-11_2023-12-25|2024-09-06_2024-09-20|2024-11-05_2024-11-19|2023-04-30_2023-05-14|2024-06-08_2024-06-22|2024-12-05_2024-12-19|2023-09-12_2023-09-26
0.0,2,Core PPI m/m|CPI y/y,Bad|Bad,15,10,5,66.7,33.3,2.0,2018-02-10_2018-02-24|2019-02-05_2019-02-19|2019-11-02_2019-11-16|2020-08-28_2020-09-11|2021-05-10_2021-05-24|2022-04-05_2022-04-19|2022-09-02_2022-09-16|2023-02-14_2023-02-28|2024-03-10_2024-03-24|2019-04-06_2019-04-20|2021-07-09_2021-07-23|2022-02-04_2022-02-18|2024-02-09_2024-02-23|2021-06-09_2021-06-23|2020-07-29_2020-08-12
0.0,2,Core PPI m/m|CPI y/y,Neutral|Neutral,6,5,1,83.3,16.7,5.0,2018-03-12_2018-03-26|2018-04-26_2018-05-10|2024-11-05_2024-11-19|2022-01-05_2022-01-19|2021-01-10_2021-01-24|2024-12-05_2024-12-19
0.0,2,Core PPI m/m|CPI y/y,Bad|Neutral,9,6,3,66.7,33.3,2.0,2018-07-10_2018-07-24|2018-11-07_2018-11-21|2018-12-07_2018-12-21|2021-12-06_2021-12-20|2024-05-09_2024-05-23|2024-09-06_2024-09-20|2020-10-12_2020-10-26|2021-09-07_2021-09-21|2019-07-05_2019-07-19
0.0,2,Core PPI m/m|CPI y/y,Good|Neutral,8,5,3,62.5,37.5,1.67,2018-08-09_2018-08-23|2019-01-06_2019-01-20|2020-01-01_2020-01-15|2022-03-06_2022-03-20|2023-03-01_2023-03-15|2023-12-11_2023-12-25|2025-09-01_2025-09-15|2025-01-04_2025-01-18
0.0,2,Core PPI m/m|CPI y/y,Neutral|Good,4,3,1,75.0,25.0,3.0,2018-10-08_2018-10-22|2019-06-05_2019-06-19|2020-05-30_2020-06-13|2023-04-30_2023-05-14
0.0,2,Core PPI m/m|CPI y/y,Good|Good,15,12,3,80.0,20.0,4.0,2019-03-07_2019-03-21|2020-04-30_2020-05-14|2023-03-31_2023-04-14|2023-06-29_2023-07-13|2023-11-11_2023-11-25|2025-03-05_2025-03-19|2025-04-04_2025-04-18|2025-06-03_2025-06-17|2024-06-08_2024-06-22|2024-08-07_2024-08-21|2020-11-11_2020-11-25|2022-11-01_2022-11-15|2025-05-04_2025-05-18|2018-09-08_2018-09-22|2022-08-03_2022-08-17
0.0,2,Core PPI m/m|CPI y/y,Good|Bad,10,5,5,50.0,50.0,1.0,2019-08-04_2019-08-18|2019-12-02_2019-12-16|2020-03-01_2020-03-15|2021-11-06_2021-11-20|2022-05-05_2022-05-19|2022-07-04_2022-07-18|2025-07-03_2025-07-17|2021-10-07_2021-10-21|2022-06-04_2022-06-18|2024-01-10_2024-01-24
0.0,2,Core PPI m/m|CPI y/y,Bad|Good,7,3,4,42.9,57.1,0.75,2019-09-03_2019-09-17|2020-03-31_2020-04-14|2022-12-01_2022-12-15|2023-07-29_2023-08-12|2024-07-08_2024-07-22|2025-08-02_2025-08-16|2026-02-13_2026-02-27
0.0,2,Core PPI m/m|CPI y/y,Neutral|Bad,4,3,1,75.0,25.0,3.0,2024-10-06_2024-10-20|2025-02-03_2025-02-17|2023-09-12_2023-09-26|2024-04-09_2024-04-23
0.1,2,Core PPI m/m|CPI y/y,Bad|Bad,10,7,3,70.0,30.0,2.33,2018-02-10_2018-02-24|2020-08-28_2020-09-11|2021-05-10_2021-05-24|2022-09-02_2022-09-16|2023-02-14_2023-02-28|2021-07-09_2021-07-23|2022-02-04_2022-02-18|2024-02-09_2024-02-23|2021-06-09_2021-06-23|2020-07-29_2020-08-12
0.1,2,Core PPI m/m|CPI y/y,Neutral|Neutral,16,13,3,81.2,18.8,4.33,2018-03-12_2018-03-26|2018-04-26_2018-05-10|2018-07-10_2018-07-24|2018-08-09_2018-08-23|2019-06-05_2019-06-19|2020-01-01_2020-01-15|2023-07-29_2023-08-12|2024-09-06_2024-09-20|2024-11-05_2024-11-19|2019-04-06_2019-04-20|2022-01-05_2022-01-19|2023-04-30_2023-05-14|2021-01-10_2021-01-24|2024-12-05_2024-12-19|2021-09-07_2021-09-21|2019-07-05_2019-07-19
0.1,2,Core PPI m/m|CPI y/y,Neutral|Good,6,4,2,66.7,33.3,2.0,2018-10-08_2018-10-22|2019-03-07_2019-03-21|2019-09-03_2019-09-17|2020-05-30_2020-06-13|2023-06-29_2023-07-13|2020-11-11_2020-11-25
0.1,2,Core PPI m/m|CPI y/y,Bad|Neutral,7,5,2,71.4,28.6,2.5,2018-11-07_2018-11-21|2018-12-07_2018-12-21|2021-12-06_2021-12-20|2022-04-05_2022-04-19|2024-05-09_2024-05-23|2025-08-02_2025-08-16|2020-10-12_2020-10-26
0.1,2,Core PPI m/m|CPI y/y,Good|Neutral,10,5,5,50.0,50.0,1.0,2019-01-06_2019-01-20|2020-03-01_2020-03-15|2022-03-06_2022-03-20|2023-03-01_2023-03-15|2023-03-31_2023-04-14|2023-11-11_2023-11-25|2023-12-11_2023-12-25|2025-09-01_2025-09-15|2025-01-04_2025-01-18|2018-09-08_2018-09-22
0.1,2,Core PPI m/m|CPI y/y,Neutral|Bad,10,5,5,50.0,50.0,1.0,2019-02-05_2019-02-19|2019-11-02_2019-11-16|2021-11-06_2021-11-20|2022-07-04_2022-07-18|2024-03-10_2024-03-24|2022-06-04_2022-06-18|2024-10-06_2024-10-20|2025-02-03_2025-02-17|2023-09-12_2023-09-26|2024-04-09_2024-04-23
0.1,2,Core PPI m/m|CPI y/y,Good|Bad,6,4,2,66.7,33.3,2.0,2019-08-04_2019-08-18|2019-12-02_2019-12-16|2022-05-05_2022-05-19|2025-07-03_2025-07-17|2021-10-07_2021-10-21|2024-01-10_2024-01-24
0.1,2,Core PPI m/m|CPI y/y,Bad|Good,4,1,3,25.0,75.0,0.33,2020-03-31_2020-04-14|2022-12-01_2022-12-15|2024-07-08_2024-07-22|2026-02-13_2026-02-27
0.1,2,Core PPI m/m|CPI y/y,Good|Good,9,8,1,88.9,11.1,8.0,2020-04-30_2020-05-14|2025-03-05_2025-03-19|2025-04-04_2025-04-18|2025-06-03_2025-06-17|2024-06-08_2024-06-22|2024-08-07_2024-08-21|2022-11-01_2022-11-15|2025-05-04_2025-05-18|2022-08-03_2022-08-17
0.2,2,Core PPI m/m|CPI y/y,Neutral|Bad,8,4,4,50.0,50.0,1.0,2018-02-10_2018-02-24|2021-11-06_2021-11-20|2022-05-05_2022-05-19|2022-07-04_2022-07-18|2022-09-02_2022-09-16|2023-02-14_2023-02-28|2022-06-04_2022-06-18|2021-06-09_2021-06-23
0.2,2,Core PPI m/m|CPI y/y,Neutral|Neutral,42,32,10,76.2,23.8,3.2,2018-03-12_2018-03-26|2018-04-26_2018-05-10|2018-07-10_2018-07-24|2018-08-09_2018-08-23|2018-10-08_2018-10-22|2018-12-07_2018-12-21|2019-02-05_2019-02-19|2019-03-07_2019-03-21|2019-06-05_2019-06-19|2019-09-03_2019-09-17|2019-11-02_2019-11-16|2020-01-01_2020-01-15|2020-03-31_2020-04-14|2020-04-30_2020-05-14|2020-05-30_2020-06-13|2020-08-28_2020-09-11|2023-06-29_2023-07-13|2023-07-29_2023-08-12|2023-12-11_2023-12-25|2024-03-10_2024-03-24|2024-07-08_2024-07-22|2024-09-06_2024-09-20|2024-11-05_2024-11-19|2025-06-03_2025-06-17|2025-07-03_2025-07-17|2019-04-06_2019-04-20|2020-10-12_2020-10-26|2022-01-05_2022-01-19|2023-04-30_2023-05-14|2024-08-07_2024-08-21|2024-10-06_2024-10-20|2025-01-04_2025-01-18|2020-11-11_2020-11-25|2021-01-10_2021-01-24|2024-01-10_2024-01-24|2024-12-05_2024-12-19|2025-02-03_2025-02-17|2021-09-07_2021-09-21|2023-09-12_2023-09-26|2019-07-05_2019-07-19|2022-08-03_2022-08-17|2024-04-09_2024-04-23
0.2,2,Core PPI m/m|CPI y/y,Bad|Neutral,6,3,3,50.0,50.0,1.0,2018-11-07_2018-11-21|2021-12-06_2021-12-20|2022-04-05_2022-04-19|2024-05-09_2024-05-23|2025-08-02_2025-08-16|2026-02-13_2026-02-27
0.2,2,Core PPI m/m|CPI y/y,Good|Neutral,15,9,6,60.0,40.0,1.5,2019-01-06_2019-01-20|2019-08-04_2019-08-18|2019-12-02_2019-12-16|2020-03-01_2020-03-15|2022-03-06_2022-03-20|2023-03-01_2023-03-15|2023-03-31_2023-04-14|2023-11-11_2023-11-25|2025-03-05_2025-03-19|2025-04-04_2025-04-18|2025-09-01_2025-09-15|2021-10-07_2021-10-21|2024-06-08_2024-06-22|2025-05-04_2025-05-18|2018-09-08_2018-09-22
0.2,2,Core PPI m/m|CPI y/y,Bad|Bad,5,3,2,60.0,40.0,1.5,2021-05-10_2021-05-24|2021-07-09_2021-07-23|2022-02-04_2022-02-18|2024-02-09_2024-02-23|2020-07-29_2020-08-12
0.2,2,Core PPI m/m|CPI y/y,Neutral|Good,1,0,1,0.0,100.0,0.0,2022-12-01_2022-12-15
0.2,2,Core PPI m/m|CPI y/y,Good|Good,1,1,0,100.0,0.0,inf,2022-11-01_2022-11-15
0.3,2,Core PPI m/m|CPI y/y,Neutral|Neutral,57,41,16,71.9,28.1,2.56,2018-02-10_2018-02-24|2018-03-12_2018-03-26|2018-04-26_2018-05-10|2018-07-10_2018-07-24|2018-08-09_2018-08-23|2018-10-08_2018-10-22|2018-11-07_2018-11-21|2018-12-07_2018-12-21|2019-02-05_2019-02-19|2019-03-07_2019-03-21|2019-06-05_2019-06-19|2019-09-03_2019-09-17|2019-11-02_2019-11-16|2020-01-01_2020-01-15|2020-03-31_2020-04-14|2020-04-30_2020-05-14|2020-05-30_2020-06-13|2020-08-28_2020-09-11|2021-11-06_2021-11-20|2021-12-06_2021-12-20|2022-05-05_2022-05-19|2022-09-02_2022-09-16|2022-12-01_2022-12-15|2023-02-14_2023-02-28|2023-06-29_2023-07-13|2023-07-29_2023-08-12|2023-11-11_2023-11-25|2023-12-11_2023-12-25|2024-03-10_2024-03-24|2024-05-09_2024-05-23|2024-07-08_2024-07-22|2024-09-06_2024-09-20|2024-11-05_2024-11-19|2025-06-03_2025-06-17|2025-07-03_2025-07-17|2019-04-06_2019-04-20|2020-10-12_2020-10-26|2021-10-07_2021-10-21|2022-01-05_2022-01-19|2022-06-04_2022-06-18|2023-04-30_2023-05-14|2024-06-08_2024-06-22|2024-08-07_2024-08-21|2024-10-06_2024-10-20|2025-01-04_2025-01-18|2020-11-11_2020-11-25|2021-01-10_2021-01-24|2021-06-09_2021-06-23|2022-11-01_2022-11-15|2024-01-10_2024-01-24|2024-12-05_2024-12-19|2025-02-03_2025-02-17|2021-09-07_2021-09-21|2023-09-12_2023-09-26|2019-07-05_2019-07-19|2022-08-03_2022-08-17|2024-04-09_2024-04-23
0.3,2,Core PPI m/m|CPI y/y,Good|Neutral,12,6,6,50.0,50.0,1.0,2019-01-06_2019-01-20|2019-08-04_2019-08-18|2019-12-02_2019-12-16|2020-03-01_2020-03-15|2022-03-06_2022-03-20|2023-03-01_2023-03-15|2023-03-31_2023-04-14|2025-03-05_2025-03-19|2025-04-04_2025-04-18|2025-09-01_2025-09-15|2025-05-04_2025-05-18|2018-09-08_2018-09-22
0.3,2,Core PPI m/m|CPI y/y,Neutral|Bad,2,1,1,50.0,50.0,1.0,2021-05-10_2021-05-24|2022-07-04_2022-07-18
0.3,2,Core PPI m/m|CPI y/y,Bad|Neutral,5,2,3,40.0,60.0,0.67,2022-04-05_2022-04-19|2025-08-02_2025-08-16|2026-02-13_2026-02-27|2022-02-04_2022-02-18|2024-02-09_2024-02-23
0.3,2,Core PPI m/m|CPI y/y,Bad|Bad,2,2,0,100.0,0.0,inf,2021-07-09_2021-07-23|2020-07-29_2020-08-12
0.0,2,FOMC|CPI y/y,Neutral|Neutral,3,3,0,100.0,0.0,inf,2023-12-11_2023-12-25|2024-11-05_2024-11-19|2024-12-05_2024-12-19
0.0,2,FOMC|CPI y/y,Good|Neutral,1,1,0,100.0,0.0,inf,2024-09-06_2024-09-20
0.0,2,FOMC|CPI y/y,Neutral|Good,2,2,0,100.0,0.0,inf,2023-04-30_2023-05-14|2024-06-08_2024-06-22
0.0,2,FOMC|CPI y/y,Neutral|Bad,1,1,0,100.0,0.0,inf,2023-09-12_2023-09-26
0.1,2,FOMC|CPI y/y,Neutral|Neutral,4,4,0,100.0,0.0,inf,2023-12-11_2023-12-25|2024-11-05_2024-11-19|2023-04-30_2023-05-14|2024-12-05_2024-12-19
0.1,2,FOMC|CPI y/y,Good|Neutral,1,1,0,100.0,0.0,inf,2024-09-06_2024-09-20
0.1,2,FOMC|CPI y/y,Neutral|Good,1,1,0,100.0,0.0,inf,2024-06-08_2024-06-22
0.1,2,FOMC|CPI y/y,Neutral|Bad,1,1,0,100.0,0.0,inf,2023-09-12_2023-09-26
0.2,2,FOMC|CPI y/y,Neutral|Neutral,6,6,0,100.0,0.0,inf,2023-12-11_2023-12-25|2024-11-05_2024-11-19|2023-04-30_2023-05-14|2024-06-08_2024-06-22|2024-12-05_2024-12-19|2023-09-12_2023-09-26
0.2,2,FOMC|CPI y/y,Good|Neutral,1,1,0,100.0,0.0,inf,2024-09-06_2024-09-20
0.3,2,FOMC|CPI y/y,Neutral|Neutral,7,7,0,100.0,0.0,inf,2023-12-11_2023-12-25|2024-09-06_2024-09-20|2024-11-05_2024-11-19|2023-04-30_2023-05-14|2024-06-08_2024-06-22|2024-12-05_2024-12-19|2023-09-12_2023-09-26
